0 0.674479 0.7375 0.00729167 0.012037
0 0.572917 0.4375 0.00625 0.0101852
0 0.628646 0.444444 0.00729167 0.012963
0 0.717448 0.744444 0.0078125 0.012963
0 0.764844 0.686111 0.0078125 0.0148148
0 0.727344 0.593056 0.00677083 0.012037
0 0.71901 0.668981 0.0078125 0.012037
0 0.592708 0.734259 0.00833333 0.012963
0 0.451562 0.821759 0.0104167 0.0138889
0 0.45599 0.721296 0.0109375 0.0166667
0 0.783594 0.49537 0.00885417 0.0166667
0 0.628646 0.572685 0.00625 0.012037
0 0.580469 0.555556 0.00677083 0.0111111
0 0.759635 0.894444 0.0078125 0.012963
0 0.451042 0.911574 0.00833333 0.0138889
0 0.51901 0.628704 0.0078125 0.0148148
0 0.779167 0.609259 0.00729167 0.012963
0 0.517187 0.319444 0.00729167 0.012963
0 0.732813 0.466204 0.00625 0.0138889
0 0.459115 0.621759 0.00885417 0.0138889
0 0.67474 0.814815 0.00677083 0.012963
0 0.457292 0.316667 0.00729167 0.012963
0 0.588281 0.648148 0.0078125 0.012963
0 0.458333 0.521759 0.00729167 0.012037
0 0.677604 0.578241 0.00729167 0.0138889
0 0.717448 0.816667 0.0078125 0.0166667
0 0.582292 0.818981 0.00729167 0.0138889
0 0.518229 0.718982 0.009375 0.0157407
0 0.575781 0.328704 0.0078125 0.0148148
0 0.738021 0.359722 0.009375 0.0194444
0 0.7625 0.821296 0.00833333 0.0148148
0 0.516146 0.428241 0.00833333 0.0157407
0 0.519531 0.920833 0.0119792 0.0157407
0 0.672396 0.893056 0.00729167 0.0157407
0 0.781771 0.360648 0.00729167 0.0157407
0 0.455469 0.418056 0.00885417 0.0175926
0 0.634375 0.667593 0.0114583 0.0166667
0 0.519271 0.822685 0.0104167 0.0157407
0 0.519531 0.527315 0.00885417 0.0175926
0 0.630729 0.336111 0.00729167 0.0148148
0 0.717188 0.888426 0.00833333 0.0175926
0 0.682031 0.463426 0.0078125 0.0194444
0 0.58125 0.907407 0.00729167 0.0185185
0 0.684115 0.343981 0.0109375 0.0194444
0 0.633854 0.806944 0.009375 0.0194444
0 0.629427 0.899074 0.00885417 0.0203704
0 0.673437 0.660185 0.0104167 0.0185185
0 0.765365 0.751389 0.0140625 0.0212963
