0 0.724219 0.801852 0.00677083 0.0111111
0 0.63724 0.649537 0.00989583 0.0138889
0 0.63776 0.568056 0.0078125 0.0138889
0 0.678906 0.80787 0.0078125 0.0138889
0 0.677083 0.893056 0.00729167 0.012037
0 0.679948 0.725 0.00989583 0.0148148
0 0.483854 0.915278 0.00625 0.012037
0 0.532031 0.913889 0.0078125 0.012963
0 0.529948 0.584259 0.00885417 0.0166667
0 0.735156 0.369444 0.00677083 0.012963
0 0.732292 0.455556 0.00729167 0.0111111
0 0.725521 0.715278 0.00729167 0.012037
0 0.533854 0.833333 0.00833333 0.012963
0 0.723958 0.884722 0.00729167 0.012037
0 0.485938 0.843056 0.00833333 0.0138889
0 0.579948 0.911574 0.0078125 0.0138889
0 0.727865 0.627315 0.00572917 0.012037
0 0.631771 0.818519 0.00833333 0.012963
0 0.684896 0.556481 0.00833333 0.012963
0 0.640104 0.481481 0.00833333 0.0148148
0 0.535937 0.754167 0.00833333 0.0138889
0 0.73099 0.544444 0.00677083 0.012963
0 0.632812 0.737037 0.0114583 0.0166667
0 0.689062 0.375926 0.00833333 0.0166667
0 0.644531 0.390278 0.0078125 0.0175926
0 0.683333 0.639352 0.0114583 0.0175926
0 0.776563 0.619907 0.00833333 0.0138889
0 0.536198 0.379167 0.00989583 0.0175926
0 0.782031 0.447222 0.0078125 0.012963
0 0.782812 0.364352 0.00833333 0.0138889
0 0.770052 0.875 0.00677083 0.012963
0 0.773438 0.802315 0.00833333 0.0138889
0 0.778125 0.536111 0.009375 0.0148148
0 0.77474 0.710185 0.0109375 0.0166667
