0 0.599479 0.658333 0.00625 0.0111111
0 0.534635 0.493519 0.00572917 0.0111111
0 0.54375 0.681481 0.00625 0.0111111
0 0.477344 0.608333 0.00572917 0.0111111
0 0.646094 0.645833 0.00572917 0.0101852
0 0.539323 0.587963 0.00572917 0.0111111
0 0.48151 0.70787 0.00677083 0.0101852
0 0.692708 0.633796 0.00625 0.012037
0 0.64401 0.560185 0.00677083 0.0111111
0 0.546875 0.773148 0.00625 0.0111111
0 0.472917 0.502315 0.00729167 0.012037
0 0.742969 0.703241 0.00885417 0.012037
0 0.602604 0.743519 0.00625 0.0111111
0 0.641667 0.469444 0.00625 0.0111111
0 0.700521 0.800463 0.00729167 0.012037
0 0.64974 0.730093 0.00677083 0.012037
0 0.430208 0.92963 0.00729167 0.0111111
0 0.588802 0.480556 0.00677083 0.0111111
0 0.465885 0.400463 0.00677083 0.012037
0 0.416667 0.623148 0.00625 0.0111111
0 0.485417 0.8125 0.00833333 0.012037
0 0.654167 0.816204 0.00729167 0.012037
0 0.605729 0.831481 0.00729167 0.0111111
0 0.59375 0.572685 0.00729167 0.012037
0 0.690365 0.549074 0.00677083 0.0111111
0 0.524219 0.386574 0.0078125 0.012037
0 0.40599 0.320833 0.0078125 0.012037
0 0.4625 0.302778 0.00729167 0.0111111
0 0.697656 0.717593 0.0078125 0.0111111
0 0.552083 0.872222 0.00833333 0.012963
0 0.73776 0.619907 0.0078125 0.0138889
0 0.690625 0.256019 0.00729167 0.012037
0 0.69349 0.456944 0.0078125 0.012037
0 0.640625 0.361574 0.00729167 0.012037
0 0.746875 0.790278 0.009375 0.0138889
0 0.427344 0.827315 0.0078125 0.012037
0 0.41224 0.518981 0.00677083 0.012037
0 0.421094 0.727315 0.00677083 0.012037
0 0.408333 0.415741 0.00729167 0.0111111
0 0.520833 0.2875 0.00729167 0.012037
0 0.636198 0.266667 0.0078125 0.012963
0 0.74401 0.247685 0.0078125 0.012037
0 0.735677 0.538426 0.0078125 0.012037
0 0.696094 0.351389 0.00885417 0.012037
0 0.580469 0.275926 0.00989583 0.0148148
0 0.74401 0.445833 0.00885417 0.012037
0 0.583854 0.373611 0.00833333 0.012037
0 0.749479 0.340741 0.009375 0.012963
