0 0.767708 0.666204 0.00625 0.012037
0 0.723177 0.34537 0.00885417 0.0185185
0 0.682292 0.728704 0.00625 0.0111111
0 0.524219 0.732407 0.0078125 0.012963
0 0.563802 0.443056 0.00677083 0.012037
0 0.520312 0.642593 0.00833333 0.012963
0 0.464844 0.933333 0.00885417 0.012963
0 0.723437 0.731019 0.00833333 0.0138889
0 0.778385 0.472685 0.0078125 0.0157407
0 0.620833 0.446296 0.00625 0.012963
0 0.720312 0.655556 0.00729167 0.012963
0 0.589844 0.652315 0.0078125 0.012037
0 0.441927 0.337037 0.0078125 0.012963
0 0.46276 0.842593 0.0109375 0.0148148
0 0.626302 0.572222 0.00677083 0.012963
0 0.684896 0.806481 0.00625 0.012963
0 0.778385 0.589815 0.00677083 0.012963
0 0.577604 0.561574 0.00625 0.012037
0 0.725781 0.580093 0.00677083 0.012037
0 0.599479 0.737037 0.00833333 0.012963
0 0.465885 0.741204 0.0119792 0.0157407
0 0.459896 0.641204 0.00833333 0.0138889
0 0.507031 0.440741 0.00885417 0.0166667
0 0.53099 0.835648 0.00989583 0.0175926
0 0.723437 0.452778 0.00729167 0.0148148
0 0.686198 0.885185 0.00677083 0.0148148
0 0.726302 0.803241 0.0078125 0.0157407
0 0.775 0.876389 0.00833333 0.0138889
0 0.535937 0.932407 0.0114583 0.0166667
0 0.675781 0.569907 0.0078125 0.0138889
0 0.773177 0.803241 0.0078125 0.0157407
0 0.767448 0.340278 0.0078125 0.0157407
0 0.502865 0.333796 0.0078125 0.0138889
0 0.453385 0.54213 0.0078125 0.0157407
0 0.592708 0.823148 0.00729167 0.0148148
0 0.674479 0.455093 0.00833333 0.0175926
0 0.446615 0.438889 0.00989583 0.0185185
0 0.561198 0.334259 0.00885417 0.0166667
0 0.636979 0.6625 0.0114583 0.0175926
0 0.596875 0.910648 0.00729167 0.0175926
0 0.616406 0.334722 0.0078125 0.0157407
0 0.676562 0.650463 0.009375 0.0175926
0 0.514323 0.540741 0.00885417 0.0185185
0 0.641927 0.80463 0.00885417 0.0185185
0 0.730208 0.874537 0.009375 0.0175926
0 0.645312 0.896296 0.009375 0.0222222
0 0.771354 0.73287 0.0135417 0.0194444
0 0.670052 0.336574 0.00989583 0.0212963
