0 0.550781 0.75787 0.0078125 0.0138889
0 0.500781 0.661111 0.00677083 0.012963
0 0.792188 0.539352 0.00729167 0.012037
0 0.497396 0.550463 0.00625 0.012037
0 0.732813 0.542593 0.00729167 0.012963
0 0.495052 0.7625 0.00677083 0.012037
0 0.71901 0.852778 0.0109375 0.0185185
0 0.776302 0.746759 0.0078125 0.012037
0 0.44375 0.663889 0.00729167 0.012963
0 0.429688 0.867593 0.00625 0.012963
0 0.436719 0.765741 0.00677083 0.012963
0 0.778646 0.648148 0.00625 0.0111111
0 0.563802 0.324537 0.00885417 0.012037
0 0.438542 0.552778 0.00625 0.0111111
0 0.625521 0.322685 0.00833333 0.012037
0 0.497135 0.431019 0.0078125 0.012037
0 0.683594 0.424537 0.0078125 0.012037
0 0.723437 0.650926 0.00729167 0.012963
0 0.557552 0.42963 0.0078125 0.012963
0 0.436198 0.436574 0.00677083 0.012037
0 0.503125 0.326852 0.00729167 0.0111111
0 0.620573 0.427778 0.0078125 0.012963
0 0.745052 0.418056 0.00989583 0.0138889
0 0.44349 0.335648 0.0078125 0.012037
0 0.721094 0.750463 0.0078125 0.0138889
0 0.747656 0.316204 0.0078125 0.012037
0 0.686198 0.318981 0.00885417 0.012037
0 0.807813 0.419907 0.015625 0.0194444
0 0.807813 0.315278 0.0104167 0.0138889
