0 0.406771 0.818056 0.00729167 0.0138889
0 0.551562 0.743519 0.00729167 0.0111111
0 0.502604 0.75 0.00833333 0.0111111
0 0.503646 0.461574 0.0145833 0.0212963
0 0.453906 0.75 0.0078125 0.0111111
0 0.50625 0.666204 0.00729167 0.012037
0 0.59349 0.903241 0.00677083 0.012037
0 0.501562 0.569907 0.00729167 0.0138889
0 0.453125 0.349537 0.00729167 0.0138889
0 0.457031 0.669907 0.0078125 0.012037
0 0.65 0.74537 0.0104167 0.012963
0 0.549479 0.821759 0.00833333 0.012037
0 0.446875 0.902778 0.00729167 0.0111111
0 0.598177 0.823148 0.0078125 0.0111111
0 0.555208 0.665278 0.00833333 0.012037
0 0.54349 0.902778 0.0078125 0.012963
0 0.61901 0.355556 0.00989583 0.0185185
0 0.604427 0.6625 0.00885417 0.012037
0 0.555469 0.576389 0.00677083 0.012037
0 0.509375 0.35 0.00729167 0.012963
0 0.646354 0.822222 0.00833333 0.0111111
0 0.728385 0.363426 0.0078125 0.0175926
0 0.500521 0.822685 0.009375 0.0138889
0 0.640104 0.903241 0.00729167 0.012037
0 0.451302 0.823611 0.0078125 0.0138889
0 0.601562 0.744907 0.0104167 0.0138889
0 0.697135 0.746759 0.00885417 0.012037
0 0.686719 0.903241 0.0078125 0.012037
0 0.692448 0.823148 0.0078125 0.012963
0 0.563802 0.356481 0.0078125 0.0148148
0 0.495573 0.901389 0.0078125 0.012037
0 0.613542 0.473148 0.0104167 0.0166667
0 0.742188 0.750926 0.00833333 0.012963
0 0.745573 0.67963 0.00885417 0.0148148
0 0.609115 0.579167 0.0078125 0.0138889
0 0.669271 0.480556 0.00729167 0.012963
0 0.711458 0.581944 0.00625 0.012037
0 0.660417 0.579167 0.00729167 0.012037
0 0.735156 0.901852 0.0078125 0.012963
0 0.780208 0.364815 0.00833333 0.0166667
0 0.653125 0.666204 0.009375 0.0138889
0 0.69974 0.669444 0.0078125 0.012963
0 0.777083 0.475 0.009375 0.0185185
0 0.557292 0.469907 0.0114583 0.0175926
0 0.758073 0.591667 0.00677083 0.0148148
0 0.673958 0.359722 0.00729167 0.0157407
0 0.738802 0.824074 0.00885417 0.012963
0 0.445833 0.455556 0.0114583 0.0203704
0 0.451042 0.572222 0.0104167 0.0185185
0 0.722917 0.471296 0.0145833 0.0259259
