0 0.389583 0.630093 0.00729167 0.012037
0 0.488021 0.703704 0.00833333 0.0111111
0 0.38724 0.781482 0.0078125 0.0148148
0 0.4875 0.625463 0.009375 0.012037
0 0.435937 0.784259 0.00625 0.012963
0 0.389844 0.70463 0.0078125 0.0148148
0 0.339063 0.550463 0.00729167 0.0138889
0 0.533333 0.78287 0.00625 0.0101852
0 0.43776 0.546296 0.00989583 0.012963
0 0.389062 0.546759 0.00729167 0.012037
0 0.535677 0.702315 0.00885417 0.012037
0 0.485938 0.542593 0.0104167 0.0148148
0 0.378385 0.345833 0.0171875 0.0231481
0 0.536198 0.624074 0.00989583 0.012963
0 0.434115 0.45787 0.00572917 0.012037
0 0.58151 0.704167 0.00677083 0.0101852
0 0.580208 0.783333 0.00729167 0.0111111
0 0.582031 0.625926 0.00677083 0.0111111
0 0.378646 0.450926 0.00729167 0.012963
0 0.378646 0.228704 0.00833333 0.0148148
0 0.647917 0.246296 0.00729167 0.012963
0 0.628646 0.70463 0.00729167 0.0111111
0 0.327865 0.452315 0.0119792 0.0212963
0 0.320312 0.226852 0.00833333 0.0148148
0 0.317708 0.336574 0.0135417 0.0231481
0 0.628125 0.78287 0.00833333 0.012037
0 0.48724 0.461574 0.00885417 0.0157407
0 0.581771 0.549537 0.00729167 0.012037
0 0.535937 0.546759 0.0125 0.0157407
0 0.538281 0.461111 0.0078125 0.012963
0 0.485417 0.354167 0.0104167 0.0157407
0 0.589063 0.4625 0.00729167 0.012037
0 0.628906 0.630093 0.0078125 0.0138889
0 0.43151 0.351389 0.0151042 0.0212963
0 0.43099 0.236111 0.00885417 0.0166667
0 0.542448 0.3625 0.00885417 0.0175926
0 0.628646 0.559259 0.00833333 0.0166667
0 0.648958 0.352778 0.009375 0.0185185
0 0.63724 0.470833 0.00677083 0.0138889
0 0.485156 0.2375 0.00989583 0.0194444
0 0.597656 0.353241 0.0119792 0.0231481
0 0.597917 0.243519 0.00833333 0.0203704
0 0.541927 0.243056 0.0078125 0.0194444
