0 0.745573 0.855556 0.00885417 0.0148148
0 0.492969 0.235185 0.0078125 0.0148148
0 0.473958 0.836574 0.00833333 0.0138889
0 0.55 0.750926 0.00833333 0.012963
0 0.551302 0.549074 0.00885417 0.0148148
0 0.611198 0.654167 0.00989583 0.0157407
0 0.70599 0.668981 0.00885417 0.0138889
0 0.796875 0.782407 0.0104167 0.0148148
0 0.553906 0.445833 0.00989583 0.0138889
0 0.608333 0.461111 0.009375 0.0148148
0 0.608333 0.753704 0.009375 0.0148148
0 0.617708 0.844444 0.00833333 0.0148148
0 0.608594 0.560185 0.00989583 0.0148148
0 0.752604 0.675 0.00729167 0.0148148
0 0.792969 0.869444 0.00885417 0.0148148
0 0.55 0.846759 0.0125 0.0175926
0 0.800521 0.594444 0.00729167 0.012963
0 0.797656 0.684259 0.0078125 0.012963
