0 0.555469 0.596759 0.00572917 0.0101852
0 0.551562 0.498148 0.00520833 0.0111111
0 0.482552 0.286111 0.00572917 0.00925926
0 0.652604 0.337037 0.00625 0.0111111
0 0.602865 0.329167 0.00677083 0.012037
0 0.496875 0.701389 0.00520833 0.0101852
0 0.767969 0.790278 0.00572917 0.0101852
0 0.559115 0.693056 0.00572917 0.0101852
0 0.715104 0.694907 0.00625 0.012037
0 0.765885 0.700926 0.00572917 0.0111111
0 0.648438 0.249074 0.00625 0.0111111
0 0.757812 0.525463 0.00625 0.012037
0 0.706771 0.516667 0.00625 0.0111111
0 0.444271 0.798611 0.00729167 0.0101852
0 0.561458 0.787963 0.00625 0.0111111
0 0.697135 0.252778 0.0078125 0.0111111
0 0.422917 0.17963 0.00729167 0.0111111
0 0.716667 0.783333 0.00625 0.0111111
0 0.74974 0.347685 0.00677083 0.012037
0 0.7 0.341204 0.00729167 0.012037
0 0.704687 0.427315 0.00729167 0.012037
0 0.654688 0.421759 0.009375 0.0157407
0 0.753646 0.435648 0.00729167 0.012037
0 0.425 0.281481 0.00625 0.0111111
0 0.4375 0.693981 0.00625 0.012037
0 0.426823 0.383796 0.00572917 0.012037
0 0.434375 0.587963 0.00625 0.0111111
0 0.430208 0.487963 0.00625 0.012963
