0 0.495313 0.44213 0.0197917 0.0287037
0 0.440625 0.316204 0.00833333 0.0138889
0 0.605469 0.47037 0.0109375 0.0185185
0 0.457031 0.79537 0.00885417 0.0166667
0 0.66276 0.488889 0.00989583 0.0185185
0 0.456771 0.640741 0.00729167 0.0148148
0 0.456771 0.718982 0.00729167 0.0138889
0 0.551042 0.460185 0.015625 0.0222222
0 0.507812 0.64537 0.00729167 0.012963
0 0.499219 0.329167 0.00885417 0.0157407
0 0.45599 0.872685 0.00885417 0.0157407
0 0.55599 0.730556 0.00885417 0.012963
0 0.498177 0.548611 0.0078125 0.0138889
0 0.506771 0.729167 0.00833333 0.0138889
0 0.552865 0.889815 0.0078125 0.012963
0 0.448438 0.541204 0.0125 0.0231481
0 0.552604 0.346759 0.009375 0.0157407
0 0.507552 0.802778 0.00989583 0.0166667
0 0.608073 0.355556 0.0109375 0.0222222
0 0.770052 0.498148 0.00989583 0.0222222
0 0.504427 0.881019 0.00885417 0.0157407
0 0.71901 0.381019 0.00989583 0.0212963
0 0.604427 0.660185 0.00989583 0.0148148
0 0.771094 0.39213 0.00885417 0.0157407
0 0.716406 0.490741 0.0140625 0.0259259
0 0.553125 0.565278 0.00729167 0.0138889
0 0.55599 0.809259 0.00885417 0.012963
0 0.757031 0.614815 0.0078125 0.0166667
0 0.663281 0.371759 0.00989583 0.0231481
0 0.55651 0.653704 0.0109375 0.0166667
0 0.60625 0.578241 0.00833333 0.0175926
0 0.70026 0.759259 0.0078125 0.0148148
0 0.605208 0.818981 0.00833333 0.012037
0 0.603906 0.898148 0.0078125 0.012963
0 0.653125 0.749537 0.0114583 0.0157407
0 0.69974 0.837037 0.0078125 0.012963
0 0.651042 0.906018 0.00833333 0.0138889
0 0.708854 0.597685 0.00729167 0.0138889
0 0.605208 0.74213 0.0114583 0.0157407
0 0.658333 0.587037 0.00833333 0.0148148
0 0.701042 0.683333 0.00833333 0.0166667
0 0.746094 0.922685 0.00885417 0.0138889
0 0.652865 0.826852 0.00989583 0.012963
0 0.697135 0.914352 0.00885417 0.012037
0 0.653906 0.671296 0.0119792 0.0166667
0 0.747656 0.771759 0.0078125 0.0157407
0 0.746875 0.846296 0.00833333 0.012963
0 0.748177 0.702315 0.00885417 0.0175926
