0 0.515365 0.486111 0.00989583 0.0166667
0 0.453646 0.38287 0.00833333 0.0175926
0 0.459375 0.373611 0.009375 0.0157407
0 0.45651 0.378241 0.00989583 0.0212963
0 0.728646 0.633333 0.00625 0.00925926
0 0.55 0.835185 0.00729167 0.0111111
0 0.725 0.550463 0.00729167 0.012037
0 0.719271 0.460185 0.00625 0.0111111
0 0.678906 0.560648 0.00677083 0.0101852
0 0.600521 0.833796 0.00729167 0.012037
0 0.461719 0.497685 0.0130208 0.0231481
0 0.497656 0.769444 0.00989583 0.0148148
0 0.734115 0.721296 0.00677083 0.0111111
0 0.674479 0.473148 0.00625 0.0111111
0 0.588802 0.671759 0.00677083 0.012037
0 0.502604 0.841667 0.00833333 0.012963
0 0.57526 0.380093 0.00885417 0.0157407
0 0.790625 0.881481 0.00833333 0.012963
0 0.525521 0.587037 0.009375 0.0166667
0 0.740104 0.80787 0.00729167 0.012037
0 0.594792 0.751852 0.00833333 0.012963
0 0.632552 0.57037 0.00677083 0.0111111
0 0.545052 0.755093 0.0078125 0.0138889
0 0.714583 0.374537 0.00729167 0.0138889
0 0.746094 0.891204 0.0078125 0.012037
0 0.694271 0.8125 0.00729167 0.0138889
0 0.69974 0.898148 0.00677083 0.012963
0 0.639844 0.654167 0.00885417 0.012037
0 0.76849 0.453704 0.00677083 0.0111111
0 0.652865 0.903704 0.0078125 0.012963
0 0.647656 0.822222 0.0078125 0.012963
0 0.50651 0.915278 0.0078125 0.012037
0 0.574479 0.482407 0.00833333 0.0148148
0 0.789062 0.809722 0.00833333 0.0138889
0 0.777865 0.628241 0.00885417 0.0138889
0 0.578125 0.575926 0.00729167 0.012963
0 0.627865 0.485185 0.0078125 0.012963
0 0.761979 0.371759 0.00729167 0.0138889
0 0.554948 0.915741 0.0078125 0.012963
0 0.517187 0.380556 0.009375 0.0166667
0 0.773177 0.543056 0.00989583 0.0157407
0 0.604167 0.915278 0.00833333 0.0138889
0 0.684635 0.644444 0.00885417 0.012963
0 0.539062 0.678704 0.009375 0.0166667
0 0.688802 0.730093 0.00989583 0.0138889
0 0.783854 0.717593 0.0125 0.0166667
0 0.641667 0.741667 0.0104167 0.0148148
0 0.669271 0.378704 0.00833333 0.0166667
0 0.62474 0.393981 0.0078125 0.0175926
