0 0.334100 0.060794 0.005600 0.009115
0 0.328613 0.160786 0.004792 0.013564
0 0.322820 0.261660 0.005264 0.012723
0 0.318874 0.367471 0.005829 0.013727
0 0.316217 0.468373 0.005127 0.009956
0 0.311798 0.573181 0.004563 0.008952
0 0.311102 0.676714 0.006165 0.010119
0 0.392597 0.062072 0.005646 0.010037
0 0.386338 0.167055 0.005554 0.008192
0 0.382385 0.267753 0.002533 0.009549
0 0.378675 0.374067 0.003479 0.007867
0 0.373730 0.473680 0.003388 0.006023
0 0.370470 0.581458 0.004563 0.008952
0 0.366256 0.682115 0.007065 0.007514
0 0.451375 0.094533 0.004944 0.006267
0 0.447292 0.187309 0.004989 0.007189
0 0.444414 0.282135 0.003571 0.009712
0 0.439346 0.378940 0.004090 0.009793
0 0.437887 0.476775 0.004563 0.008952
0 0.433834 0.574204 0.005035 0.008111
0 0.430247 0.667524 0.004090 0.009793
0 0.505996 0.121229 0.005936 0.005508
0 0.554886 0.131690 0.005692 0.010960
0 0.603816 0.136114 0.006775 0.012045
0 0.653622 0.143929 0.004609 0.009874
0 0.504430 0.210683 0.005737 0.011882
0 0.552443 0.217752 0.004989 0.007189
0 0.600220 0.224320 0.005173 0.010878
0 0.651392 0.230955 0.004609 0.009874
0 0.500835 0.298889 0.002914 0.006863
0 0.497316 0.390825 0.001923 0.007623
0 0.494850 0.477348 0.002487 0.008626
0 0.492010 0.566137 0.002395 0.006781
0 0.487737 0.657489 0.004044 0.008871
0 0.549154 0.305076 0.010590 0.016304
0 0.545727 0.395167 0.004044 0.008871
0 0.599120 0.309663 0.007340 0.013049
0 0.647065 0.318116 0.005692 0.010960
0 0.594678 0.399130 0.004136 0.010715
0 0.644744 0.406986 0.003525 0.008789
0 0.542719 0.482071 0.005508 0.007270
0 0.592426 0.486617 0.006165 0.010119
0 0.643972 0.490988 0.007294 0.012126
0 0.539078 0.571199 0.002960 0.007785
0 0.534400 0.660164 0.005692 0.010960
0 0.589541 0.576329 0.005127 0.009956
0 0.585923 0.664995 0.004700 0.011719
0 0.641964 0.584090 0.004136 0.010715
0 0.637026 0.673014 0.005035 0.008111
