0 0.715885 0.453704 0.0078125 0.012963
0 0.571354 0.383333 0.009375 0.0185185
0 0.709896 0.368981 0.00833333 0.0157407
0 0.460417 0.508333 0.0145833 0.0240741
0 0.671354 0.468981 0.00729167 0.012037
0 0.555729 0.419444 0.0135417 0.0222222
0 0.589323 0.673148 0.00885417 0.0166667
0 0.547917 0.759722 0.00833333 0.0138889
0 0.728385 0.625 0.0078125 0.012963
0 0.765365 0.443519 0.0078125 0.012963
0 0.506771 0.849537 0.00833333 0.0138889
0 0.741667 0.798148 0.00729167 0.012963
0 0.553385 0.838889 0.0078125 0.012963
0 0.723437 0.54213 0.00833333 0.0138889
0 0.734375 0.7125 0.00729167 0.012037
0 0.500521 0.776389 0.009375 0.0157407
0 0.640365 0.650926 0.0119792 0.0166667
0 0.577344 0.578704 0.00677083 0.012963
0 0.541146 0.683333 0.009375 0.0185185
0 0.510677 0.923148 0.0078125 0.012963
0 0.677083 0.555556 0.00833333 0.012963
0 0.603385 0.834722 0.00885417 0.0138889
0 0.597135 0.751852 0.00989583 0.0148148
0 0.757552 0.361574 0.0078125 0.0138889
0 0.664844 0.375926 0.00885417 0.0185185
0 0.607813 0.913889 0.00729167 0.012963
0 0.696354 0.805556 0.00729167 0.012963
0 0.631771 0.568981 0.00833333 0.0138889
0 0.64974 0.818519 0.0078125 0.012963
0 0.65599 0.899074 0.0078125 0.012963
0 0.689844 0.724537 0.00989583 0.0157407
0 0.703385 0.891204 0.0078125 0.0138889
0 0.558854 0.919444 0.00833333 0.0148148
0 0.790625 0.795833 0.00833333 0.0138889
0 0.625521 0.483333 0.009375 0.0148148
0 0.64349 0.738426 0.0119792 0.0175926
0 0.684115 0.637963 0.0109375 0.0148148
0 0.777344 0.613889 0.00885417 0.0148148
0 0.771354 0.53287 0.009375 0.0157407
0 0.749219 0.881481 0.0078125 0.012963
0 0.511719 0.384722 0.00885417 0.0175926
0 0.794792 0.868519 0.00833333 0.012963
0 0.784115 0.703241 0.0109375 0.0175926
0 0.621354 0.393981 0.009375 0.0194444
