0 0.676302 0.728704 0.00677083 0.0111111
0 0.51875 0.64537 0.00833333 0.012963
0 0.452604 0.935648 0.009375 0.012037
0 0.571875 0.443981 0.00729167 0.012037
0 0.764844 0.6625 0.00677083 0.012037
0 0.459375 0.745833 0.0125 0.0157407
0 0.517969 0.735648 0.00885417 0.0138889
0 0.718229 0.729167 0.00729167 0.012037
0 0.459375 0.64537 0.00729167 0.012963
0 0.593229 0.738426 0.00833333 0.012037
0 0.627604 0.443981 0.00729167 0.0138889
0 0.782031 0.468981 0.00885417 0.0157407
0 0.717708 0.651852 0.00833333 0.012963
0 0.628125 0.570833 0.00625 0.012037
0 0.580469 0.561574 0.00677083 0.012037
0 0.727344 0.576389 0.00677083 0.012037
0 0.453385 0.844444 0.0109375 0.0148148
0 0.458333 0.548611 0.00729167 0.0138889
0 0.676302 0.805556 0.00677083 0.012963
0 0.778906 0.584259 0.00677083 0.012963
0 0.455208 0.343056 0.00729167 0.0138889
0 0.588802 0.653241 0.0078125 0.0138889
0 0.515104 0.336574 0.00833333 0.0138889
0 0.73125 0.45 0.00729167 0.0148148
0 0.677604 0.568056 0.00729167 0.0138889
0 0.515625 0.444444 0.00833333 0.0148148
0 0.583854 0.824537 0.00729167 0.0138889
0 0.764063 0.799074 0.00833333 0.0148148
0 0.779167 0.334722 0.00729167 0.0157407
0 0.67474 0.88287 0.00677083 0.0138889
0 0.76224 0.87037 0.00885417 0.0148148
0 0.71901 0.800463 0.0078125 0.0157407
0 0.573958 0.336111 0.00729167 0.0148148
0 0.519271 0.838889 0.009375 0.0166667
0 0.736458 0.341204 0.009375 0.0194444
0 0.454688 0.443981 0.009375 0.0175926
0 0.521875 0.936111 0.0104167 0.0185185
0 0.518229 0.543056 0.009375 0.0175926
0 0.719531 0.87037 0.00885417 0.0185185
0 0.628906 0.335185 0.0078125 0.0166667
0 0.68125 0.454167 0.00833333 0.0175926
0 0.674219 0.65 0.00989583 0.0185185
0 0.635156 0.663889 0.0119792 0.0185185
0 0.634635 0.805556 0.00885417 0.0185185
0 0.583333 0.911111 0.00729167 0.0185185
0 0.682552 0.333796 0.00989583 0.0194444
0 0.632031 0.896296 0.00989583 0.0222222
0 0.765885 0.728241 0.0130208 0.0212963
