0 0.575781 0.811111 0.0078125 0.0148148
0 0.663021 0.899537 0.00625 0.0138889
0 0.671094 0.746296 0.0078125 0.012963
0 0.515104 0.702315 0.009375 0.0157407
0 0.582812 0.549537 0.00833333 0.0157407
0 0.578646 0.42963 0.00833333 0.0148148
0 0.639844 0.338426 0.00989583 0.0175926
0 0.634375 0.448611 0.00833333 0.0138889
0 0.75599 0.844444 0.0119792 0.0185185
0 0.440885 0.882407 0.00885417 0.012963
0 0.519271 0.613889 0.009375 0.0166667
0 0.586458 0.642593 0.00833333 0.0148148
0 0.629167 0.574537 0.00729167 0.0138889
0 0.51276 0.80463 0.0109375 0.0185185
0 0.445833 0.787037 0.0135417 0.0166667
0 0.458854 0.592593 0.00833333 0.0166667
0 0.76224 0.70787 0.0078125 0.0157407
0 0.584896 0.322222 0.0104167 0.0185185
0 0.666667 0.821759 0.00729167 0.0138889
0 0.528125 0.303241 0.00833333 0.0157407
0 0.709896 0.831019 0.009375 0.0175926
0 0.727865 0.612037 0.0078125 0.0148148
0 0.588802 0.728704 0.0109375 0.0166667
0 0.571615 0.897685 0.0078125 0.0175926
0 0.789583 0.389815 0.009375 0.0185185
0 0.686979 0.473611 0.0104167 0.0212963
0 0.788021 0.526389 0.0114583 0.0175926
0 0.678906 0.587963 0.00885417 0.0166667
0 0.778906 0.636111 0.0078125 0.0148148
0 0.7125 0.760648 0.009375 0.0157407
0 0.707031 0.902315 0.00989583 0.0194444
0 0.747135 0.382407 0.0119792 0.0240741
0 0.620052 0.899537 0.0109375 0.025
0 0.736458 0.486111 0.00833333 0.0166667
0 0.626042 0.808333 0.0114583 0.0203704
0 0.715625 0.685648 0.0104167 0.0157407
0 0.461198 0.493981 0.0078125 0.0157407
0 0.691927 0.356019 0.0140625 0.0231481
0 0.750781 0.917593 0.00885417 0.0166667
0 0.759375 0.775926 0.0166667 0.0259259
0 0.522917 0.409259 0.009375 0.0185185
0 0.509896 0.901389 0.0145833 0.0231481
0 0.453385 0.693056 0.0140625 0.0194444
0 0.466667 0.288426 0.00729167 0.0138889
0 0.633073 0.668519 0.0140625 0.0240741
0 0.671354 0.668056 0.0114583 0.0212963
0 0.521615 0.509722 0.0109375 0.0212963
0 0.460938 0.387963 0.0125 0.0240741
