0 0.683594 0.734722 0.00572917 0.0101852
0 0.460677 0.624537 0.0078125 0.012037
0 0.71849 0.356944 0.00989583 0.0194444
0 0.526042 0.724537 0.00833333 0.012037
0 0.559896 0.438426 0.00625 0.0101852
0 0.724479 0.589815 0.00729167 0.012963
0 0.720833 0.461111 0.00625 0.0148148
0 0.62526 0.572685 0.00572917 0.012037
0 0.773438 0.488426 0.009375 0.0157407
0 0.721094 0.664815 0.00677083 0.0111111
0 0.725781 0.738889 0.0078125 0.012963
0 0.601302 0.734259 0.0078125 0.012963
0 0.452604 0.525926 0.00729167 0.012963
0 0.576042 0.557407 0.00625 0.012963
0 0.778125 0.602778 0.00625 0.012963
0 0.617448 0.44537 0.00677083 0.012963
0 0.554688 0.32963 0.00729167 0.0148148
0 0.689583 0.811111 0.00625 0.012963
0 0.761719 0.355093 0.0078125 0.0157407
0 0.496875 0.325926 0.00729167 0.012963
0 0.610417 0.333796 0.00729167 0.0157407
0 0.590104 0.649074 0.00729167 0.012963
0 0.73125 0.811574 0.00729167 0.0157407
0 0.664583 0.340741 0.0104167 0.0203704
0 0.67474 0.575463 0.00677083 0.0138889
0 0.776823 0.814815 0.00885417 0.0148148
0 0.521094 0.62963 0.0078125 0.012963
0 0.441927 0.421759 0.00885417 0.0157407
0 0.46875 0.825463 0.0125 0.0157407
0 0.676302 0.655556 0.00885417 0.0166667
0 0.472656 0.918981 0.0078125 0.012037
0 0.503906 0.430093 0.0078125 0.0138889
0 0.464844 0.727315 0.0130208 0.0157407
0 0.435417 0.322222 0.00729167 0.012963
0 0.670573 0.460185 0.00885417 0.0166667
0 0.597135 0.82037 0.0078125 0.0166667
0 0.535417 0.826389 0.0104167 0.0175926
0 0.773438 0.744444 0.0135417 0.0203704
0 0.692187 0.889352 0.00625 0.0157407
0 0.779688 0.888426 0.009375 0.0157407
0 0.513021 0.530093 0.009375 0.0175926
0 0.647135 0.806944 0.00885417 0.0157407
0 0.602344 0.90787 0.00677083 0.0175926
0 0.63724 0.6625 0.0130208 0.0175926
0 0.735156 0.88287 0.0078125 0.0175926
0 0.651042 0.898611 0.009375 0.0212963
0 0.542448 0.925463 0.0119792 0.0157407
