0 0.538542 0.585185 0.00625 0.0111111
0 0.69375 0.634259 0.00625 0.0111111
0 0.476562 0.605093 0.00625 0.0101852
0 0.483333 0.704167 0.00729167 0.0101852
0 0.53125 0.490741 0.00625 0.0111111
0 0.604948 0.74213 0.00677083 0.012037
0 0.652344 0.731019 0.0078125 0.012037
0 0.745313 0.705556 0.00833333 0.0111111
0 0.550521 0.772222 0.00729167 0.0111111
0 0.470313 0.498611 0.00729167 0.012037
0 0.514063 0.282407 0.00729167 0.0111111
0 0.641667 0.561111 0.00729167 0.012963
0 0.691146 0.352315 0.00729167 0.012037
0 0.657812 0.816667 0.00729167 0.0111111
0 0.399219 0.314815 0.0078125 0.0111111
0 0.557292 0.868056 0.00625 0.012037
0 0.461979 0.395833 0.00729167 0.012037
0 0.585938 0.478241 0.00729167 0.012037
0 0.739062 0.623148 0.00833333 0.012963
0 0.593229 0.572222 0.00729167 0.012963
0 0.70026 0.718518 0.00885417 0.012963
0 0.519531 0.383333 0.0078125 0.0111111
0 0.703906 0.800926 0.0078125 0.0111111
0 0.457031 0.296296 0.00677083 0.0111111
0 0.638802 0.468981 0.0078125 0.012037
0 0.689583 0.551389 0.00729167 0.012037
0 0.683854 0.256481 0.00729167 0.0111111
0 0.489583 0.808333 0.00833333 0.0111111
0 0.750781 0.792593 0.00885417 0.012963
0 0.422656 0.720833 0.00677083 0.012037
0 0.416927 0.617593 0.00677083 0.0111111
0 0.690885 0.458333 0.0078125 0.012963
0 0.609896 0.831019 0.00729167 0.012037
0 0.635417 0.362037 0.00729167 0.0111111
0 0.629167 0.265278 0.00833333 0.012037
0 0.430729 0.821759 0.00729167 0.012037
0 0.403385 0.410185 0.0078125 0.0111111
0 0.579427 0.372222 0.0078125 0.012963
0 0.736458 0.248611 0.00833333 0.012037
0 0.409896 0.513426 0.00729167 0.012037
0 0.573438 0.273611 0.009375 0.0138889
0 0.74401 0.343056 0.00885417 0.012037
0 0.735156 0.539352 0.0078125 0.012037
0 0.740625 0.449074 0.009375 0.012963
