0 0.707812 0.244444 0.00625 0.00925926
0 0.763281 0.777315 0.00572917 0.0101852
0 0.491927 0.297222 0.00572917 0.00925926
0 0.763281 0.593982 0.0078125 0.0101852
0 0.4375 0.815278 0.00729167 0.0101852
0 0.494271 0.190741 0.00729167 0.00925926
0 0.760417 0.421759 0.00625 0.0101852
0 0.711979 0.775 0.00520833 0.0111111
0 0.759115 0.246296 0.00572917 0.0111111
0 0.759896 0.333796 0.00625 0.0101852
0 0.434635 0.7125 0.00572917 0.0101852
0 0.433594 0.4 0.00572917 0.0111111
0 0.435417 0.195833 0.00625 0.0101852
0 0.433073 0.506019 0.00572917 0.012037
0 0.434635 0.606019 0.00572917 0.0101852
0 0.434896 0.298611 0.00625 0.012037
