0 0.684115 0.723611 0.00677083 0.0138889
0 0.521875 0.656482 0.00833333 0.0148148
0 0.76901 0.646296 0.0078125 0.0148148
0 0.527865 0.746296 0.00885417 0.0148148
0 0.602604 0.741204 0.0104167 0.0157407
0 0.61875 0.448148 0.00833333 0.0148148
0 0.453385 0.565278 0.0078125 0.0138889
0 0.776302 0.782407 0.0078125 0.012963
0 0.591146 0.656944 0.00833333 0.0138889
0 0.460677 0.6625 0.00885417 0.0157407
0 0.561458 0.452315 0.00729167 0.0138889
0 0.626042 0.571759 0.00729167 0.0138889
0 0.597656 0.827315 0.0078125 0.0157407
0 0.46875 0.861574 0.0145833 0.0157407
0 0.577344 0.56713 0.0078125 0.0138889
0 0.726042 0.566667 0.00729167 0.012963
0 0.557031 0.345833 0.00989583 0.0175926
0 0.691667 0.875926 0.00625 0.0148148
0 0.602865 0.913426 0.0078125 0.0194444
0 0.535417 0.847685 0.0114583 0.0175926
0 0.61224 0.337037 0.00885417 0.0166667
0 0.688281 0.799074 0.00677083 0.0148148
0 0.466146 0.763889 0.0135417 0.0185185
0 0.541927 0.94537 0.0119792 0.0185185
0 0.730729 0.790278 0.00729167 0.0157407
0 0.675521 0.563426 0.00833333 0.0157407
0 0.779167 0.856019 0.009375 0.0175926
0 0.72526 0.718056 0.00885417 0.0157407
0 0.646875 0.804167 0.009375 0.0175926
0 0.650521 0.894907 0.009375 0.0212963
0 0.735417 0.860185 0.0104167 0.0203704
0 0.498437 0.351852 0.00833333 0.0148148
0 0.671875 0.449074 0.0104167 0.0203704
0 0.504427 0.455093 0.00885417 0.0175926
0 0.77526 0.456019 0.00989583 0.0175926
0 0.778385 0.568981 0.0078125 0.0138889
0 0.514063 0.555093 0.0104167 0.0194444
0 0.43776 0.3625 0.0078125 0.0138889
0 0.721354 0.439352 0.00833333 0.0157407
0 0.721875 0.643519 0.009375 0.0148148
0 0.719271 0.333796 0.0104167 0.0212963
0 0.665365 0.332407 0.0130208 0.0222222
0 0.676562 0.645833 0.0104167 0.0194444
0 0.763542 0.323148 0.009375 0.0185185
0 0.638021 0.660648 0.0135417 0.0212963
0 0.773958 0.713889 0.015625 0.0222222
0 0.442708 0.461574 0.0114583 0.0212963
