0 0.547135 0.50463 0.00572917 0.0111111
0 0.470573 0.296296 0.00572917 0.0111111
0 0.640625 0.330093 0.00729167 0.012037
0 0.584896 0.237963 0.00625 0.0111111
0 0.506771 0.813889 0.00729167 0.012963
0 0.466667 0.189815 0.00625 0.0111111
0 0.696354 0.418519 0.00729167 0.012963
0 0.715104 0.685648 0.00625 0.012037
0 0.732552 0.246759 0.00677083 0.012037
0 0.766667 0.686111 0.00625 0.0111111
0 0.745833 0.419444 0.00729167 0.012963
0 0.688802 0.32963 0.00677083 0.012963
0 0.752083 0.506944 0.00625 0.012037
0 0.701302 0.505556 0.00572917 0.0111111
0 0.646094 0.418056 0.0119792 0.0175926
0 0.452344 0.815278 0.0078125 0.0138889
0 0.420312 0.398148 0.00520833 0.0111111
0 0.634375 0.24213 0.00729167 0.0138889
0 0.408854 0.194907 0.00625 0.0101852
0 0.683333 0.24213 0.00729167 0.0138889
0 0.771615 0.775 0.00677083 0.0111111
0 0.56875 0.793981 0.00625 0.012037
0 0.561198 0.699074 0.00572917 0.0111111
0 0.739062 0.330556 0.00833333 0.012963
0 0.414583 0.297222 0.00520833 0.0111111
0 0.442187 0.711574 0.00625 0.012037
0 0.622917 0.774537 0.00625 0.012037
0 0.554688 0.602778 0.00625 0.0111111
0 0.721094 0.773611 0.00677083 0.012037
0 0.709375 0.593982 0.00729167 0.012037
0 0.50026 0.7125 0.00677083 0.012037
0 0.434896 0.605556 0.00625 0.0111111
0 0.670052 0.774074 0.00677083 0.012963
0 0.760156 0.593982 0.00677083 0.012037
0 0.427344 0.50463 0.00677083 0.0148148
