0 0.555208 0.69213 0.00520833 0.0101852
0 0.560156 0.304167 0.00572917 0.0101852
0 0.616667 0.328704 0.00625 0.0111111
0 0.55625 0.496296 0.00625 0.0111111
0 0.55625 0.59537 0.00625 0.0111111
0 0.658333 0.779167 0.00520833 0.0101852
0 0.764323 0.262037 0.00677083 0.0111111
0 0.492188 0.699537 0.00520833 0.0101852
0 0.665104 0.249537 0.00625 0.0101852
0 0.7625 0.526852 0.00625 0.012963
0 0.713802 0.25463 0.00677083 0.0111111
0 0.761458 0.792593 0.00625 0.0111111
0 0.665104 0.336574 0.00729167 0.012037
0 0.553646 0.786574 0.00520833 0.0101852
0 0.496615 0.283333 0.00677083 0.0111111
0 0.710938 0.69537 0.00625 0.0111111
0 0.763542 0.702778 0.00625 0.012963
0 0.711458 0.517593 0.00625 0.0111111
0 0.763802 0.350463 0.00677083 0.012037
0 0.76276 0.437963 0.00677083 0.0111111
0 0.714063 0.34213 0.00729167 0.012037
0 0.43724 0.378704 0.00572917 0.0111111
0 0.709375 0.784722 0.00625 0.012037
0 0.434635 0.794444 0.00677083 0.0111111
0 0.433594 0.691667 0.00572917 0.0111111
0 0.714063 0.428704 0.00833333 0.0148148
0 0.664583 0.422685 0.009375 0.0157407
0 0.442708 0.175926 0.00729167 0.0111111
0 0.434375 0.585185 0.00625 0.0111111
0 0.439844 0.278241 0.00572917 0.012037
0 0.434896 0.484259 0.00625 0.012963
