0 0.475781 0.648611 0.0078125 0.012037
0 0.63776 0.739815 0.00677083 0.0111111
0 0.601823 0.470833 0.00677083 0.012037
0 0.548437 0.458333 0.00729167 0.012963
0 0.686458 0.749074 0.00729167 0.0111111
0 0.597917 0.564352 0.00833333 0.0157407
0 0.654688 0.481481 0.00729167 0.0111111
0 0.647135 0.570833 0.0078125 0.012037
0 0.48724 0.441667 0.0078125 0.0111111
0 0.707031 0.489815 0.0078125 0.0111111
0 0.534375 0.741204 0.00833333 0.012037
0 0.439844 0.234259 0.0078125 0.0111111
0 0.413021 0.742593 0.00833333 0.0111111
0 0.544271 0.553241 0.00729167 0.012037
0 0.591667 0.733796 0.00729167 0.012037
0 0.415625 0.640741 0.00729167 0.0111111
0 0.482292 0.547222 0.00729167 0.0111111
0 0.530469 0.840278 0.0078125 0.012037
0 0.71849 0.3875 0.0078125 0.012037
0 0.496094 0.239352 0.0078125 0.012037
0 0.490885 0.340741 0.0078125 0.0111111
0 0.634635 0.828704 0.00677083 0.0111111
0 0.426562 0.433333 0.00729167 0.0111111
0 0.663281 0.374537 0.0078125 0.012037
0 0.471354 0.753704 0.00833333 0.0111111
0 0.548437 0.349537 0.00729167 0.012037
0 0.775521 0.30463 0.00833333 0.0111111
0 0.585938 0.823148 0.00729167 0.0111111
0 0.731771 0.753241 0.00833333 0.012037
0 0.723177 0.289815 0.0078125 0.0111111
0 0.66901 0.277778 0.0078125 0.012963
0 0.68099 0.830556 0.0078125 0.012963
0 0.422135 0.536111 0.00677083 0.0111111
0 0.554688 0.249537 0.00833333 0.012037
0 0.432292 0.329167 0.00729167 0.012037
0 0.75651 0.499537 0.0078125 0.012037
0 0.735417 0.668519 0.00729167 0.012963
0 0.726562 0.841204 0.00833333 0.012037
0 0.607031 0.361574 0.0078125 0.012037
0 0.771615 0.398611 0.00885417 0.012037
0 0.613021 0.262963 0.009375 0.012963
