0 0.480469 0.672222 0.00885417 0.0148148
0 0.580469 0.481944 0.0078125 0.0138889
0 0.728646 0.6375 0.00729167 0.0101852
0 0.521094 0.488889 0.00989583 0.0166667
0 0.68125 0.474537 0.00625 0.0101852
0 0.586458 0.668519 0.00729167 0.0111111
0 0.726042 0.463889 0.00625 0.0111111
0 0.728125 0.55463 0.00729167 0.0111111
0 0.728646 0.725926 0.00729167 0.0111111
0 0.63776 0.654167 0.0078125 0.012037
0 0.528646 0.582407 0.00833333 0.0148148
0 0.5375 0.674537 0.00833333 0.0138889
0 0.73099 0.811111 0.00677083 0.0111111
0 0.633854 0.484259 0.00625 0.0111111
0 0.539323 0.831481 0.0078125 0.012963
0 0.72526 0.377315 0.00677083 0.012037
0 0.682292 0.563889 0.00729167 0.0111111
0 0.493229 0.837963 0.00729167 0.012963
0 0.634375 0.571759 0.00625 0.012037
0 0.778646 0.887963 0.009375 0.012963
0 0.77526 0.459259 0.00677083 0.0111111
0 0.685417 0.814352 0.00729167 0.012037
0 0.493229 0.909722 0.00729167 0.012037
0 0.541146 0.911574 0.00729167 0.012037
0 0.684115 0.731944 0.00885417 0.012037
0 0.492188 0.763426 0.009375 0.0157407
0 0.579687 0.574074 0.00729167 0.012963
0 0.776563 0.633796 0.00729167 0.012037
0 0.539323 0.751852 0.0078125 0.012963
0 0.639844 0.905093 0.00677083 0.012037
0 0.733594 0.894907 0.00677083 0.012037
0 0.590365 0.83287 0.0078125 0.012037
0 0.470573 0.490741 0.0119792 0.0203704
0 0.586979 0.379167 0.00833333 0.0157407
0 0.588281 0.750463 0.0078125 0.012037
0 0.686198 0.900926 0.00677083 0.012963
0 0.638281 0.822685 0.00677083 0.012037
0 0.775521 0.548148 0.009375 0.0148148
0 0.683594 0.646759 0.00885417 0.012037
0 0.772917 0.376389 0.00833333 0.0138889
0 0.779948 0.815278 0.00885417 0.0138889
0 0.591146 0.913889 0.00729167 0.012963
0 0.679688 0.380093 0.00729167 0.0138889
0 0.636719 0.741667 0.00885417 0.012963
0 0.635938 0.393981 0.00729167 0.0157407
0 0.778125 0.722685 0.0114583 0.0157407
0 0.526563 0.377315 0.0104167 0.0194444
