0 0.579948 0.782407 0.0078125 0.0111111
0 0.538542 0.461111 0.00729167 0.012963
0 0.541146 0.361574 0.009375 0.0175926
0 0.484896 0.237037 0.0104167 0.0203704
0 0.628906 0.704167 0.00677083 0.012037
0 0.597656 0.354167 0.0140625 0.025
0 0.581771 0.550463 0.00729167 0.012037
0 0.589063 0.462037 0.00729167 0.012963
0 0.628906 0.630093 0.0078125 0.0138889
0 0.648958 0.353241 0.0104167 0.0212963
0 0.541927 0.24213 0.00885417 0.0194444
0 0.628646 0.781482 0.00833333 0.012963
0 0.648438 0.246759 0.00729167 0.0157407
0 0.63724 0.470833 0.00677083 0.0138889
0 0.628385 0.559259 0.00885417 0.0166667
0 0.597656 0.243519 0.00885417 0.0203704
0 0.386719 0.354167 0.0182292 0.025
