0 0.564062 0.435648 0.00729167 0.012037
0 0.463281 0.906018 0.0078125 0.012037
0 0.682292 0.738889 0.00729167 0.0111111
0 0.621094 0.445833 0.00677083 0.012037
0 0.522917 0.715741 0.00729167 0.012963
0 0.520312 0.625 0.00729167 0.012963
0 0.460417 0.6125 0.00833333 0.0138889
0 0.768229 0.689815 0.00729167 0.012963
0 0.722917 0.749074 0.00833333 0.012963
0 0.767448 0.367593 0.0078125 0.0166667
0 0.726562 0.821759 0.00729167 0.0138889
0 0.453125 0.514352 0.00729167 0.012037
0 0.725521 0.597685 0.00729167 0.012037
0 0.721094 0.672222 0.00885417 0.012963
0 0.778906 0.615741 0.00677083 0.012963
0 0.626042 0.572685 0.00625 0.012037
0 0.589063 0.647222 0.00729167 0.012963
0 0.463021 0.814815 0.0114583 0.0148148
0 0.684635 0.816667 0.00677083 0.012963
0 0.577865 0.554167 0.00677083 0.012037
0 0.776823 0.501389 0.00885417 0.0157407
0 0.598958 0.733796 0.00833333 0.0138889
0 0.77474 0.901852 0.0078125 0.0148148
0 0.53151 0.818981 0.00989583 0.0157407
0 0.773177 0.82963 0.00885417 0.0166667
0 0.441927 0.308333 0.0078125 0.012963
0 0.535677 0.915741 0.0119792 0.0166667
0 0.675521 0.581019 0.00833333 0.0138889
0 0.686198 0.895833 0.00677083 0.0157407
0 0.507031 0.422222 0.00885417 0.0148148
0 0.464323 0.717593 0.0119792 0.0166667
0 0.503385 0.314815 0.0078125 0.0148148
0 0.724479 0.471759 0.00729167 0.0157407
0 0.63724 0.66713 0.0119792 0.0175926
0 0.593229 0.818519 0.00729167 0.0148148
0 0.560938 0.325926 0.00833333 0.0166667
0 0.445312 0.410185 0.009375 0.0166667
0 0.597135 0.906482 0.0078125 0.0203704
0 0.730208 0.891667 0.00833333 0.0166667
0 0.67526 0.661111 0.00885417 0.0166667
0 0.616406 0.335185 0.0078125 0.0148148
0 0.514844 0.521759 0.00989583 0.0175926
0 0.642187 0.808333 0.009375 0.0185185
0 0.674219 0.465741 0.0078125 0.0185185
0 0.771615 0.758796 0.0130208 0.0194444
0 0.644531 0.899537 0.00885417 0.0231481
0 0.670573 0.346296 0.0109375 0.0203704
