0 0.678125 0.724537 0.00729167 0.012037
0 0.767187 0.648148 0.00729167 0.012963
0 0.521354 0.74213 0.00833333 0.0138889
0 0.457031 0.951389 0.00885417 0.0138889
0 0.76901 0.785185 0.0078125 0.012963
0 0.567708 0.450463 0.00729167 0.012037
0 0.721615 0.72037 0.0078125 0.012963
0 0.519792 0.651389 0.00833333 0.0138889
0 0.625 0.445833 0.00729167 0.0138889
0 0.727083 0.568056 0.00729167 0.012037
0 0.589063 0.655556 0.00729167 0.012963
0 0.779688 0.572685 0.00729167 0.0138889
0 0.578125 0.565278 0.00729167 0.012037
0 0.597396 0.740741 0.009375 0.012963
0 0.458333 0.656944 0.00833333 0.0138889
0 0.627604 0.571296 0.00729167 0.012963
0 0.680208 0.798611 0.00625 0.0138889
0 0.454427 0.561111 0.0078125 0.0148148
0 0.720573 0.644907 0.00885417 0.012037
0 0.728125 0.441204 0.00833333 0.0157407
0 0.680469 0.876852 0.00677083 0.0148148
0 0.588542 0.825926 0.00833333 0.012963
0 0.723437 0.791667 0.00833333 0.0166667
0 0.458073 0.859722 0.0109375 0.0138889
0 0.524479 0.845833 0.0104167 0.0157407
0 0.78099 0.457407 0.00989583 0.0166667
0 0.676823 0.563426 0.0078125 0.0157407
0 0.509115 0.348611 0.0078125 0.0138889
0 0.769531 0.85787 0.00989583 0.0175926
0 0.511198 0.453241 0.00885417 0.0157407
0 0.446875 0.356019 0.00729167 0.0138889
0 0.773958 0.325463 0.00833333 0.0175926
0 0.566927 0.341667 0.00885417 0.0166667
0 0.589844 0.912037 0.0078125 0.0185185
0 0.730469 0.335648 0.0109375 0.0212963
0 0.458854 0.759259 0.0135417 0.0185185
0 0.639063 0.802778 0.009375 0.0185185
0 0.449219 0.459259 0.00989583 0.0185185
0 0.623177 0.335185 0.00885417 0.0166667
0 0.677604 0.450926 0.009375 0.0203704
0 0.635417 0.662963 0.0125 0.0203704
0 0.72526 0.8625 0.00989583 0.0194444
0 0.515625 0.552315 0.0104167 0.0194444
0 0.675 0.64537 0.0104167 0.0203704
0 0.529167 0.943519 0.0125 0.0203704
0 0.638542 0.89213 0.009375 0.0231481
0 0.676302 0.332407 0.0119792 0.0203704
0 0.769271 0.716204 0.0135417 0.0194444
