0 0.571094 0.758333 0.0078125 0.0111111
0 0.578906 0.837037 0.00885417 0.012963
0 0.489583 0.943519 0.00833333 0.012963
0 0.515104 0.696296 0.00833333 0.012963
0 0.649219 0.469907 0.00885417 0.0175926
0 0.415885 0.401389 0.0078125 0.0138889
0 0.523177 0.779167 0.00885417 0.0138889
0 0.726302 0.876389 0.0078125 0.012037
0 0.713542 0.720833 0.00729167 0.012037
0 0.531771 0.852315 0.009375 0.0157407
0 0.628125 0.824074 0.009375 0.012963
0 0.720312 0.797685 0.00729167 0.012037
0 0.466667 0.713889 0.00833333 0.012963
0 0.563281 0.683333 0.0109375 0.0148148
0 0.634375 0.902315 0.00833333 0.012037
0 0.473698 0.793519 0.0078125 0.0148148
0 0.591406 0.479167 0.0109375 0.0157407
0 0.471615 0.387037 0.00885417 0.0166667
0 0.675 0.809722 0.009375 0.0138889
0 0.766406 0.786111 0.0078125 0.012963
0 0.5375 0.930556 0.00833333 0.0148148
0 0.495313 0.60463 0.00833333 0.0148148
0 0.680208 0.889815 0.00833333 0.012963
0 0.585677 0.918519 0.00885417 0.012963
0 0.5375 0.49213 0.0135417 0.0212963
0 0.54974 0.597222 0.0078125 0.012963
0 0.610677 0.666667 0.00989583 0.0148148
0 0.773438 0.863426 0.00833333 0.0138889
0 0.481771 0.866667 0.00833333 0.0148148
0 0.619792 0.748148 0.0114583 0.0148148
0 0.426302 0.510185 0.0130208 0.0240741
0 0.705469 0.645833 0.0078125 0.0138889
0 0.654167 0.567593 0.00833333 0.0148148
0 0.704687 0.556944 0.00729167 0.0138889
0 0.603125 0.584259 0.009375 0.0148148
0 0.446094 0.62037 0.0109375 0.0203704
0 0.752865 0.552778 0.0078125 0.0166667
0 0.759896 0.711574 0.00833333 0.0157407
0 0.740885 0.326852 0.00885417 0.0185185
0 0.482812 0.498148 0.0177083 0.0259259
0 0.666667 0.733333 0.0114583 0.0148148
0 0.528125 0.37963 0.009375 0.0185185
0 0.753385 0.642593 0.00885417 0.0185185
0 0.702083 0.445833 0.0135417 0.025
0 0.659375 0.655556 0.0125 0.0166667
0 0.636719 0.353241 0.00885417 0.0194444
0 0.754167 0.431481 0.009375 0.0203704
0 0.583073 0.358796 0.0119792 0.0231481
0 0.691406 0.338889 0.00989583 0.0222222
