0 0.315438 0.761403 0.007486 0.012409
0 0.372453 0.763888 0.006980 0.013308
0 0.427230 0.759774 0.008006 0.012436
0 0.481367 0.763037 0.010195 0.019023
0 0.538235 0.758567 0.008112 0.018915
0 0.591873 0.760416 0.008112 0.018915
0 0.644218 0.761733 0.007516 0.014260
0 0.646479 0.655323 0.007607 0.019813
0 0.636728 0.534861 0.007010 0.015159
0 0.629308 0.446940 0.008066 0.016138
0 0.630735 0.375687 0.007486 0.012409
0 0.630630 0.302502 0.006935 0.010531
0 0.633732 0.224390 0.006429 0.011429
0 0.594441 0.651242 0.013930 0.024764
0 0.539645 0.640535 0.008066 0.016138
0 0.482517 0.644991 0.010670 0.016273
0 0.428083 0.644028 0.016457 0.020270
0 0.371973 0.649926 0.018094 0.024979
0 0.315932 0.651660 0.011296 0.022778
0 0.327946 0.538344 0.010715 0.019050
0 0.378162 0.542330 0.005923 0.012328
0 0.433193 0.538693 0.006444 0.012355
0 0.486104 0.537260 0.007041 0.017010
0 0.537874 0.541791 0.007501 0.013334
0 0.588939 0.541652 0.005387 0.011376
0 0.339711 0.440300 0.006935 0.010531
0 0.341779 0.361669 0.005433 0.014152
0 0.342492 0.286211 0.008572 0.015240
0 0.344285 0.208494 0.008541 0.013388
0 0.389836 0.449840 0.006459 0.013281
0 0.438299 0.449567 0.009613 0.015293
0 0.486916 0.455786 0.006980 0.013308
0 0.536182 0.454166 0.011680 0.014475
0 0.582033 0.454221 0.006429 0.011429
0 0.583543 0.377878 0.005923 0.012328
0 0.584800 0.301059 0.005863 0.008626
0 0.584549 0.220920 0.007960 0.009659
0 0.536882 0.220307 0.008511 0.011537
0 0.539507 0.298716 0.009047 0.012490
0 0.537171 0.377796 0.010134 0.015320
0 0.491872 0.216590 0.006935 0.010531
0 0.490845 0.295273 0.006384 0.008653
0 0.490093 0.373045 0.010640 0.014422
0 0.438745 0.374558 0.005848 0.007700
0 0.441631 0.293654 0.007945 0.008733
0 0.441640 0.213529 0.005388 0.011376
0 0.390174 0.365562 0.008511 0.011537
0 0.395611 0.288033 0.010685 0.017198
0 0.392427 0.211910 0.008081 0.017064
