0 0.683073 0.728241 0.00677083 0.012037
0 0.521354 0.648148 0.00833333 0.012963
0 0.721354 0.338426 0.00833333 0.0194444
0 0.767708 0.659722 0.00729167 0.012037
0 0.724219 0.726852 0.00885417 0.012963
0 0.460156 0.646759 0.0078125 0.012037
0 0.590104 0.653241 0.00729167 0.012037
0 0.561458 0.445833 0.00729167 0.012037
0 0.775 0.796296 0.00729167 0.012963
0 0.67526 0.567593 0.0078125 0.0148148
0 0.438802 0.346296 0.0078125 0.012963
0 0.525521 0.736574 0.00833333 0.0138889
0 0.61901 0.444444 0.0078125 0.012963
0 0.59974 0.739352 0.00885417 0.0138889
0 0.452865 0.550463 0.0078125 0.0138889
0 0.727865 0.798611 0.0078125 0.0157407
0 0.72474 0.575926 0.00677083 0.012963
0 0.463802 0.749537 0.0130208 0.0157407
0 0.721354 0.650463 0.00833333 0.012037
0 0.577083 0.563426 0.00729167 0.012037
0 0.685938 0.802778 0.00625 0.012963
0 0.778385 0.583796 0.0078125 0.0138889
0 0.5 0.338889 0.00833333 0.0148148
0 0.625781 0.572222 0.00677083 0.012963
0 0.777083 0.868981 0.009375 0.0157407
0 0.595312 0.824537 0.00729167 0.0138889
0 0.722135 0.448148 0.00677083 0.0148148
0 0.689583 0.88287 0.00729167 0.0157407
0 0.764323 0.333333 0.0078125 0.0166667
0 0.533333 0.838426 0.0104167 0.0175926
0 0.775521 0.465741 0.009375 0.0166667
0 0.466406 0.846296 0.0119792 0.0148148
0 0.539062 0.9375 0.0114583 0.0175926
0 0.644792 0.803704 0.00833333 0.0166667
0 0.558333 0.337037 0.00833333 0.0166667
0 0.6 0.910648 0.00729167 0.0194444
0 0.63724 0.662037 0.0119792 0.0185185
0 0.648438 0.895833 0.00833333 0.0194444
0 0.503385 0.443981 0.00885417 0.0175926
0 0.514063 0.54537 0.009375 0.0203704
0 0.676562 0.648148 0.0104167 0.0185185
0 0.444531 0.446759 0.00989583 0.0194444
0 0.672396 0.451389 0.00833333 0.0194444
0 0.613542 0.335648 0.00833333 0.0157407
0 0.772396 0.727315 0.0145833 0.0212963
0 0.733594 0.868056 0.00989583 0.0194444
0 0.667448 0.334259 0.00989583 0.0203704
