0 0.495573 0.738889 0.00572917 0.0111111
0 0.552604 0.739352 0.00625 0.012037
0 0.553646 0.848611 0.00520833 0.0101852
0 0.378125 0.848611 0.00625 0.0101852
0 0.381771 0.637963 0.00625 0.0111111
0 0.436458 0.736574 0.00729167 0.012037
0 0.54974 0.534259 0.00677083 0.012963
0 0.550521 0.426389 0.00729167 0.012037
0 0.493229 0.531018 0.00729167 0.012037
0 0.492188 0.426389 0.00625 0.012037
0 0.435937 0.849074 0.00729167 0.0111111
0 0.66875 0.737963 0.00729167 0.0111111
0 0.436979 0.534722 0.00729167 0.012037
0 0.432813 0.428241 0.00729167 0.012037
0 0.43776 0.635648 0.00677083 0.012037
0 0.613281 0.202315 0.0078125 0.012037
0 0.609896 0.427315 0.00729167 0.012037
0 0.616146 0.304167 0.009375 0.012037
0 0.669531 0.426852 0.00677083 0.0111111
0 0.663542 0.634722 0.00729167 0.012037
0 0.323177 0.6375 0.00572917 0.0101852
0 0.325 0.535185 0.00729167 0.012963
0 0.660677 0.534259 0.00677083 0.0111111
0 0.6125 0.848611 0.00729167 0.012037
0 0.382552 0.536111 0.00677083 0.012963
0 0.320052 0.850463 0.0078125 0.012037
0 0.373958 0.424537 0.00729167 0.012037
0 0.605208 0.535185 0.00625 0.012963
0 0.320573 0.740278 0.0078125 0.012037
0 0.608854 0.635648 0.00729167 0.012037
0 0.552604 0.202778 0.00729167 0.0111111
0 0.429427 0.203704 0.00677083 0.0111111
0 0.369531 0.203704 0.0078125 0.0111111
0 0.314323 0.423611 0.00677083 0.012037
0 0.554427 0.306944 0.0078125 0.012037
0 0.670833 0.848148 0.00833333 0.012963
0 0.673437 0.202778 0.00833333 0.012963
0 0.491406 0.20463 0.0078125 0.0111111
0 0.492188 0.30787 0.00729167 0.012037
0 0.309115 0.20787 0.0078125 0.012037
0 0.428125 0.30787 0.00833333 0.012037
0 0.367708 0.306944 0.00833333 0.012037
0 0.611458 0.7375 0.0114583 0.0194444
0 0.307292 0.307407 0.00729167 0.012963
0 0.679427 0.308333 0.0161458 0.0203704
