0 0.663802 0.672222 0.00572917 0.0111111
0 0.555469 0.815741 0.00572917 0.0111111
0 0.47526 0.625463 0.00677083 0.012037
0 0.67526 0.502778 0.00677083 0.0111111
0 0.549479 0.9 0.00625 0.0111111
0 0.567448 0.652778 0.00677083 0.012963
0 0.603125 0.827778 0.00625 0.0111111
0 0.516406 0.718056 0.00677083 0.012037
0 0.609115 0.741667 0.00677083 0.0111111
0 0.741146 0.954167 0.00729167 0.0101852
0 0.69349 0.939352 0.00572917 0.0101852
0 0.645052 0.924074 0.00572917 0.0111111
0 0.723177 0.513426 0.00677083 0.0101852
0 0.521094 0.637037 0.00677083 0.0111111
0 0.56276 0.730556 0.00677083 0.0111111
0 0.66875 0.589352 0.00625 0.012037
0 0.503906 0.885648 0.00677083 0.012037
0 0.698438 0.853704 0.00625 0.0111111
0 0.508333 0.800926 0.00625 0.0111111
0 0.567708 0.552315 0.00729167 0.012037
0 0.57526 0.459722 0.00677083 0.012037
0 0.596615 0.9125 0.00677083 0.012037
0 0.459115 0.872222 0.00677083 0.0111111
0 0.471094 0.706019 0.00677083 0.012037
0 0.634375 0.402315 0.00729167 0.012037
0 0.704687 0.768981 0.00833333 0.012037
0 0.771615 0.526852 0.00677083 0.0111111
0 0.464323 0.7875 0.00677083 0.012037
0 0.747656 0.868981 0.00677083 0.012037
0 0.467448 0.527315 0.00677083 0.012037
0 0.753385 0.781944 0.0078125 0.012037
0 0.516667 0.433796 0.00729167 0.012037
0 0.716406 0.6 0.0078125 0.012963
0 0.516146 0.541204 0.00729167 0.012037
0 0.765365 0.613426 0.00677083 0.012037
0 0.464323 0.422685 0.0078125 0.012037
0 0.711458 0.68287 0.00833333 0.012037
0 0.583333 0.372222 0.00729167 0.012963
0 0.68125 0.415741 0.00833333 0.012963
0 0.759115 0.695833 0.0078125 0.012037
0 0.730469 0.427778 0.00885417 0.012963
0 0.777344 0.440278 0.00885417 0.0138889
0 0.524479 0.340278 0.00833333 0.012037
0 0.470833 0.328704 0.00729167 0.0148148
