0 0.558073 0.597222 0.00572917 0.0111111
0 0.500521 0.390278 0.00625 0.0101852
0 0.772135 0.256019 0.00677083 0.0101852
0 0.671615 0.334259 0.00677083 0.0111111
0 0.553906 0.694907 0.00572917 0.0101852
0 0.559375 0.499537 0.00520833 0.0101852
0 0.497135 0.497685 0.00572917 0.0101852
0 0.430208 0.804167 0.00729167 0.0101852
0 0.764583 0.519907 0.00625 0.0101852
0 0.509896 0.185185 0.00625 0.00925926
0 0.503646 0.289815 0.00625 0.0111111
0 0.489583 0.70463 0.00625 0.0111111
0 0.451302 0.187037 0.0078125 0.0111111
0 0.714323 0.514352 0.00572917 0.0101852
0 0.549219 0.791204 0.00572917 0.0101852
0 0.757031 0.785648 0.00572917 0.0101852
0 0.622917 0.32963 0.00729167 0.012963
0 0.719792 0.3375 0.00729167 0.012037
0 0.673958 0.248148 0.00625 0.0111111
0 0.770312 0.342593 0.00729167 0.0111111
0 0.718229 0.424537 0.00729167 0.012037
0 0.761458 0.695833 0.00625 0.012037
0 0.434896 0.594444 0.00625 0.0111111
0 0.668229 0.419907 0.00833333 0.0138889
0 0.713021 0.600463 0.00833333 0.012037
0 0.706771 0.780556 0.00625 0.0111111
0 0.766667 0.430556 0.00729167 0.0111111
0 0.763281 0.603241 0.0078125 0.012037
0 0.442448 0.388889 0.00572917 0.0111111
0 0.709896 0.691204 0.00625 0.012037
0 0.43125 0.700463 0.00625 0.012037
0 0.438542 0.493981 0.00625 0.012037
0 0.447656 0.2875 0.00677083 0.012037
0 0.722396 0.250463 0.00729167 0.012037
