0 0.573698 0.673611 0.00677083 0.012037
0 0.536979 0.84537 0.00625 0.0111111
0 0.544271 0.927315 0.00625 0.0101852
0 0.614844 0.573148 0.00677083 0.012963
0 0.633073 0.827315 0.00572917 0.0101852
0 0.657812 0.47963 0.00625 0.0111111
0 0.679948 0.819444 0.00572917 0.0111111
0 0.584375 0.835185 0.00625 0.0111111
0 0.639323 0.912963 0.00677083 0.0111111
0 0.626562 0.742593 0.00729167 0.012963
0 0.602865 0.404167 0.0078125 0.012037
0 0.493229 0.852315 0.00625 0.012037
0 0.608854 0.489815 0.00729167 0.012963
0 0.66901 0.649537 0.00677083 0.012037
0 0.664062 0.566204 0.00729167 0.012037
0 0.560156 0.578241 0.00677083 0.012037
0 0.782031 0.887963 0.00677083 0.0111111
0 0.734375 0.89537 0.00625 0.0111111
0 0.590885 0.92037 0.00572917 0.0111111
0 0.55599 0.484722 0.00677083 0.012037
0 0.728125 0.810185 0.00625 0.0111111
0 0.460417 0.597222 0.00729167 0.012963
0 0.55026 0.396296 0.0078125 0.012963
0 0.722135 0.725926 0.00677083 0.0111111
0 0.579948 0.751852 0.0078125 0.012963
0 0.705469 0.469907 0.00677083 0.012037
0 0.526823 0.678241 0.00677083 0.0138889
0 0.483333 0.688889 0.00729167 0.0148148
0 0.778125 0.803704 0.00729167 0.012963
0 0.488802 0.77037 0.0078125 0.0148148
0 0.510156 0.588889 0.00677083 0.012963
0 0.533854 0.761111 0.00729167 0.012963
0 0.710677 0.556481 0.0078125 0.012963
0 0.651042 0.393981 0.00833333 0.0138889
0 0.770573 0.717593 0.00677083 0.0111111
0 0.436198 0.404167 0.0078125 0.0157407
0 0.495052 0.485185 0.0078125 0.012963
0 0.489323 0.393519 0.00885417 0.0148148
0 0.716667 0.638889 0.00833333 0.012963
0 0.754167 0.460648 0.00729167 0.012037
0 0.442969 0.499074 0.00885417 0.0148148
0 0.759375 0.546759 0.00729167 0.012037
0 0.764844 0.630093 0.0078125 0.0138889
0 0.70026 0.383796 0.00885417 0.0157407
0 0.748698 0.375926 0.0078125 0.012963
