0 0.551302 0.920833 0.00677083 0.012037
0 0.578125 0.382407 0.00833333 0.0166667
0 0.458333 0.394444 0.009375 0.0185185
0 0.527344 0.594444 0.00885417 0.0166667
0 0.576823 0.485185 0.0078125 0.0148148
0 0.728906 0.625 0.00677083 0.0111111
0 0.58724 0.673611 0.0078125 0.0138889
0 0.46224 0.511111 0.0130208 0.0203704
0 0.559635 0.418056 0.00989583 0.0175926
0 0.732031 0.711574 0.00677083 0.0101852
0 0.742969 0.881481 0.00677083 0.012963
0 0.638802 0.653241 0.0078125 0.012037
0 0.546875 0.839815 0.00729167 0.012963
0 0.692187 0.807407 0.00729167 0.012963
0 0.769531 0.44213 0.00677083 0.012037
0 0.726042 0.541204 0.00729167 0.012037
0 0.7375 0.798148 0.00729167 0.0111111
0 0.696094 0.892593 0.00677083 0.012963
0 0.78776 0.868056 0.0078125 0.012037
0 0.675521 0.468981 0.00625 0.012037
0 0.632812 0.569907 0.00625 0.012037
0 0.721094 0.452778 0.00677083 0.0111111
0 0.50026 0.851852 0.00885417 0.0148148
0 0.64974 0.901852 0.00677083 0.012963
0 0.679948 0.555556 0.0078125 0.0111111
0 0.645833 0.819907 0.00729167 0.012037
0 0.776823 0.615278 0.0078125 0.012037
0 0.544792 0.760185 0.00833333 0.0148148
0 0.592708 0.753241 0.00833333 0.012037
0 0.688021 0.725 0.009375 0.012963
0 0.628125 0.483333 0.00729167 0.012963
0 0.503646 0.925 0.00833333 0.012963
0 0.597917 0.836111 0.00833333 0.012963
0 0.786198 0.796296 0.0078125 0.012963
0 0.684896 0.639352 0.009375 0.0138889
0 0.716406 0.368056 0.0078125 0.0157407
0 0.601042 0.91713 0.00833333 0.0138889
0 0.578125 0.580093 0.00729167 0.0138889
0 0.496094 0.777778 0.00989583 0.0166667
0 0.538802 0.682407 0.00885417 0.0166667
0 0.773177 0.531944 0.00989583 0.0138889
0 0.763802 0.359259 0.0078125 0.0148148
0 0.781771 0.705093 0.0125 0.0157407
0 0.671615 0.375463 0.0078125 0.0157407
0 0.640104 0.740278 0.0104167 0.0138889
0 0.627083 0.393519 0.00833333 0.0166667
0 0.516667 0.3875 0.009375 0.0175926
