0 0.777344 0.330556 0.0078125 0.0111111
0 0.632812 0.359259 0.009375 0.0166667
0 0.725521 0.405556 0.00833333 0.012963
0 0.644271 0.840278 0.009375 0.0157407
0 0.672396 0.478704 0.00729167 0.0111111
0 0.769531 0.417593 0.00677083 0.0111111
0 0.665625 0.567593 0.00729167 0.0111111
0 0.498958 0.423611 0.00833333 0.0138889
0 0.761198 0.50463 0.0078125 0.012963
0 0.827083 0.34537 0.00729167 0.0111111
0 0.68125 0.396759 0.00729167 0.012037
0 0.709115 0.581481 0.00677083 0.012963
0 0.519531 0.224074 0.0078125 0.0148148
0 0.728385 0.862963 0.0078125 0.012963
0 0.752604 0.593518 0.00729167 0.012963
0 0.818229 0.432407 0.00625 0.0111111
0 0.658594 0.660185 0.00677083 0.012963
0 0.698177 0.30787 0.0078125 0.0138889
0 0.466927 0.722685 0.0078125 0.0138889
0 0.590885 0.237037 0.00885417 0.0148148
0 0.802604 0.606944 0.00729167 0.012037
0 0.509635 0.320833 0.0119792 0.0175926
0 0.65026 0.272222 0.00885417 0.0148148
0 0.485156 0.52037 0.0109375 0.0148148
0 0.61901 0.45787 0.0078125 0.0138889
0 0.475781 0.618981 0.00989583 0.0157407
0 0.736719 0.773148 0.0078125 0.012963
0 0.565365 0.437037 0.00885417 0.0148148
0 0.792969 0.696296 0.00885417 0.012963
0 0.575 0.339815 0.009375 0.0166667
0 0.540104 0.741667 0.00833333 0.012963
0 0.746875 0.681944 0.00833333 0.0138889
0 0.811719 0.521759 0.00989583 0.0157407
0 0.738021 0.318519 0.00833333 0.0148148
0 0.702083 0.672685 0.00833333 0.0138889
0 0.608333 0.651389 0.009375 0.0157407
0 0.602083 0.841667 0.00833333 0.0166667
0 0.650781 0.749074 0.0109375 0.0185185
0 0.775 0.881019 0.009375 0.0157407
0 0.692969 0.760648 0.00989583 0.0175926
0 0.55599 0.541667 0.00989583 0.0166667
0 0.786458 0.791667 0.0104167 0.0166667
0 0.611719 0.556481 0.00989583 0.0148148
0 0.598177 0.747685 0.00989583 0.0157407
0 0.685156 0.855093 0.00885417 0.0175926
0 0.547917 0.638426 0.0114583 0.0157407
0 0.458073 0.821296 0.0130208 0.0203704
0 0.532552 0.839815 0.0140625 0.0185185
