0 0.505729 0.456019 0.00625 0.012037
0 0.665104 0.403704 0.00729167 0.012963
0 0.715104 0.405093 0.00729167 0.0138889
0 0.463281 0.559259 0.00677083 0.012963
0 0.452344 0.45787 0.00677083 0.0138889
0 0.525521 0.736574 0.00625 0.012037
0 0.715625 0.747222 0.00625 0.0111111
0 0.513021 0.562037 0.00729167 0.012963
0 0.572396 0.739815 0.00729167 0.012963
0 0.451562 0.362037 0.00729167 0.0148148
0 0.764844 0.8375 0.00677083 0.012037
0 0.50599 0.363426 0.00677083 0.012037
0 0.479688 0.736574 0.00625 0.012037
0 0.764323 0.581019 0.00572917 0.012037
0 0.715365 0.832407 0.00572917 0.0111111
0 0.763281 0.492593 0.0078125 0.012963
0 0.479167 0.652778 0.00625 0.012963
0 0.764323 0.662037 0.00677083 0.012963
0 0.763021 0.407407 0.00833333 0.0148148
0 0.763802 0.750463 0.00677083 0.012037
0 0.715104 0.659259 0.00729167 0.012963
