0 0.683333 0.755093 0.00625 0.0101852
0 0.627604 0.755556 0.00729167 0.0111111
0 0.707552 0.966667 0.00677083 0.0111111
0 0.695052 0.856481 0.00677083 0.0111111
0 0.590104 0.972222 0.00729167 0.0111111
0 0.532552 0.975 0.00677083 0.0111111
0 0.65 0.969907 0.00729167 0.012037
0 0.663542 0.543519 0.00729167 0.012963
0 0.523698 0.863426 0.00677083 0.012037
0 0.672396 0.654167 0.00729167 0.012037
0 0.63776 0.858333 0.0078125 0.012963
0 0.764844 0.964815 0.0078125 0.012963
0 0.615885 0.652778 0.0078125 0.012963
0 0.516406 0.762037 0.00677083 0.012963
0 0.721094 0.543981 0.0078125 0.0138889
0 0.547135 0.549537 0.0078125 0.012037
0 0.561719 0.658333 0.00677083 0.012963
0 0.605469 0.547222 0.00677083 0.012963
0 0.47474 0.980556 0.0078125 0.012963
0 0.465625 0.868519 0.00729167 0.012963
0 0.580208 0.860185 0.00729167 0.012963
0 0.654948 0.423611 0.0078125 0.012037
0 0.795052 0.746759 0.00885417 0.0138889
0 0.715885 0.417593 0.00885417 0.012963
0 0.488021 0.548611 0.00729167 0.012037
0 0.780469 0.540278 0.00885417 0.0138889
0 0.703906 0.31713 0.0078125 0.0101852
0 0.521875 0.325 0.00729167 0.0111111
0 0.782292 0.649074 0.00729167 0.0111111
0 0.727083 0.652315 0.00625 0.012037
0 0.823177 0.962037 0.00989583 0.0148148
0 0.64375 0.319444 0.00729167 0.0111111
0 0.53099 0.42963 0.0078125 0.0111111
0 0.507552 0.660185 0.00677083 0.012963
0 0.471094 0.430093 0.00885417 0.012037
0 0.763542 0.315278 0.00833333 0.012037
0 0.59401 0.427778 0.00677083 0.0111111
0 0.458333 0.765741 0.00625 0.012963
0 0.570833 0.758333 0.00729167 0.012963
0 0.429688 0.550463 0.00729167 0.012037
0 0.809115 0.85 0.0078125 0.012963
0 0.740104 0.751852 0.00729167 0.012963
0 0.4625 0.327315 0.00729167 0.0101852
0 0.583594 0.323148 0.0078125 0.0111111
0 0.45026 0.662963 0.0078125 0.0148148
0 0.403125 0.335185 0.00729167 0.0111111
0 0.410417 0.435648 0.00729167 0.012037
0 0.778125 0.418981 0.0125 0.0175926
0 0.752344 0.854167 0.0109375 0.0175926
