0 0.549219 0.725 0.00885417 0.0111111
0 0.451042 0.70463 0.00729167 0.012963
0 0.501302 0.718518 0.00885417 0.0148148
0 0.56276 0.454167 0.0140625 0.0194444
0 0.517969 0.319444 0.0078125 0.0148148
0 0.439583 0.855556 0.00833333 0.012963
0 0.460417 0.303704 0.00833333 0.0148148
0 0.603385 0.65787 0.00989583 0.0138889
0 0.545052 0.803241 0.00885417 0.0138889
0 0.678906 0.921296 0.0078125 0.0111111
0 0.50651 0.636111 0.00885417 0.012963
0 0.593229 0.817593 0.009375 0.012963
0 0.536458 0.882407 0.00729167 0.012963
0 0.497917 0.792593 0.009375 0.0166667
0 0.509115 0.431481 0.0182292 0.0240741
0 0.686458 0.84213 0.00729167 0.012037
0 0.616406 0.471296 0.00989583 0.0166667
0 0.557813 0.559259 0.00729167 0.012963
0 0.503385 0.537963 0.0078125 0.0148148
0 0.633073 0.90787 0.0078125 0.012037
0 0.62474 0.357407 0.0109375 0.0222222
0 0.457292 0.625926 0.00833333 0.012963
0 0.554427 0.647685 0.00989583 0.0138889
0 0.691927 0.766204 0.00885417 0.0138889
0 0.598437 0.738426 0.0104167 0.0138889
0 0.726562 0.933796 0.00833333 0.0138889
0 0.586979 0.896296 0.00833333 0.012963
0 0.640625 0.829167 0.009375 0.012037
0 0.651042 0.674537 0.0104167 0.0157407
0 0.697396 0.690278 0.00833333 0.0138889
0 0.732031 0.856481 0.00885417 0.012963
0 0.646615 0.752315 0.00989583 0.0138889
0 0.672396 0.492593 0.00833333 0.0166667
0 0.572396 0.340741 0.009375 0.0166667
0 0.710938 0.605556 0.00729167 0.012963
0 0.661458 0.589815 0.009375 0.0148148
0 0.446094 0.778704 0.00885417 0.0148148
0 0.609896 0.576852 0.00833333 0.0166667
0 0.778125 0.516204 0.009375 0.0194444
0 0.758333 0.627315 0.00833333 0.0175926
0 0.488802 0.868056 0.00885417 0.0157407
0 0.742708 0.712963 0.00833333 0.0166667
0 0.785677 0.409259 0.00885417 0.0185185
0 0.453906 0.526389 0.0119792 0.0212963
0 0.738021 0.782407 0.009375 0.0148148
0 0.452083 0.412037 0.0125 0.0222222
0 0.735417 0.393981 0.009375 0.0212963
0 0.726823 0.500463 0.0130208 0.025
0 0.680729 0.376389 0.0104167 0.0231481
