0 0.717188 0.496296 0.00625 0.0111111
0 0.519271 0.818981 0.00625 0.0101852
0 0.621094 0.403241 0.0078125 0.012037
0 0.474219 0.898148 0.00572917 0.0111111
0 0.570312 0.379167 0.00625 0.0101852
0 0.715365 0.583796 0.00572917 0.0101852
0 0.661458 0.91713 0.00520833 0.0101852
0 0.565365 0.908333 0.00572917 0.0111111
0 0.56875 0.657407 0.00625 0.0111111
0 0.522396 0.734259 0.00625 0.0111111
0 0.614583 0.915741 0.00625 0.0111111
0 0.523177 0.650926 0.00572917 0.0111111
0 0.669792 0.406481 0.00729167 0.0111111
0 0.710938 0.837963 0.00625 0.00925926
0 0.569271 0.738889 0.00625 0.0111111
0 0.513021 0.558333 0.00625 0.0111111
0 0.710417 0.924537 0.00625 0.0101852
0 0.71224 0.752778 0.00677083 0.0111111
0 0.475 0.812963 0.00625 0.0111111
0 0.477865 0.650463 0.00677083 0.0138889
0 0.519271 0.903241 0.00729167 0.012037
0 0.507031 0.451852 0.00677083 0.0111111
0 0.476562 0.732407 0.00729167 0.012963
0 0.760938 0.84537 0.00729167 0.0111111
0 0.758854 0.929167 0.00625 0.0101852
0 0.713802 0.66713 0.0078125 0.012037
0 0.463802 0.552315 0.00677083 0.012037
0 0.764583 0.588889 0.00625 0.0111111
0 0.761719 0.758333 0.0078125 0.0111111
0 0.765625 0.500926 0.00729167 0.0111111
0 0.763281 0.671296 0.0078125 0.012963
0 0.719271 0.410185 0.00833333 0.0148148
0 0.453906 0.451389 0.00885417 0.0138889
0 0.509635 0.35787 0.0078125 0.012037
0 0.455469 0.35463 0.0078125 0.012963
0 0.767187 0.414815 0.00833333 0.0148148
