0 0.739583 0.876852 0.009375 0.0166667
0 0.690885 0.808333 0.0078125 0.0148148
0 0.720052 0.455093 0.00885417 0.0157407
0 0.733333 0.804167 0.00833333 0.0157407
0 0.653906 0.898611 0.00989583 0.0212963
0 0.477344 0.93287 0.00989583 0.0138889
0 0.538281 0.835185 0.0119792 0.0166667
0 0.695052 0.886574 0.00677083 0.0138889
0 0.603906 0.7375 0.00989583 0.0157407
0 0.778385 0.59213 0.00885417 0.0138889
0 0.592448 0.651852 0.0078125 0.012963
0 0.721615 0.657407 0.0078125 0.0148148
0 0.669531 0.457407 0.00885417 0.0185185
0 0.716146 0.346759 0.009375 0.0194444
0 0.608854 0.336574 0.00833333 0.0157407
0 0.60026 0.823611 0.0078125 0.0138889
0 0.649219 0.806481 0.0109375 0.0185185
0 0.470833 0.8375 0.0135417 0.0157407
0 0.77526 0.736111 0.0151042 0.0222222
0 0.607031 0.909722 0.0078125 0.0194444
0 0.66224 0.339352 0.0109375 0.0212963
0 0.521615 0.643056 0.00885417 0.0157407
0 0.460677 0.640278 0.0078125 0.0138889
0 0.46901 0.738889 0.0130208 0.0166667
0 0.552865 0.336111 0.0078125 0.0148148
0 0.639063 0.663426 0.0125 0.0194444
0 0.513021 0.539815 0.0104167 0.0185185
0 0.452865 0.541204 0.00677083 0.0138889
0 0.545573 0.933333 0.0140625 0.0185185
0 0.503906 0.438426 0.00885417 0.0157407
0 0.676823 0.653241 0.00989583 0.0175926
0 0.494792 0.333333 0.00729167 0.012963
0 0.440104 0.436111 0.0104167 0.0203704
0 0.433854 0.336111 0.00625 0.012963
