0 0.678125 0.750926 0.00625 0.00925926
0 0.69401 0.961574 0.00677083 0.0101852
0 0.635938 0.968518 0.00729167 0.0111111
0 0.685938 0.851852 0.00625 0.0111111
0 0.622135 0.756944 0.00677083 0.0101852
0 0.518229 0.983333 0.00729167 0.0111111
0 0.671094 0.649537 0.00677083 0.012037
0 0.513542 0.871759 0.00729167 0.012037
0 0.576042 0.977315 0.00729167 0.012037
0 0.666667 0.540741 0.00729167 0.012963
0 0.54974 0.554167 0.0078125 0.012037
0 0.538021 0.435185 0.00729167 0.0111111
0 0.751823 0.955093 0.00677083 0.012037
0 0.615365 0.651389 0.0078125 0.012037
0 0.510156 0.770833 0.00677083 0.012037
0 0.608854 0.547685 0.00729167 0.012037
0 0.489844 0.559722 0.0078125 0.012037
0 0.533073 0.331481 0.00677083 0.0111111
0 0.655208 0.31713 0.00729167 0.0101852
0 0.663021 0.419907 0.00729167 0.012037
0 0.560417 0.662037 0.00729167 0.012963
0 0.628385 0.857407 0.0078125 0.012963
0 0.716406 0.30787 0.0078125 0.012037
0 0.723958 0.409259 0.009375 0.012963
0 0.504427 0.669907 0.00677083 0.012037
0 0.571354 0.863889 0.00729167 0.012963
0 0.726562 0.643056 0.00625 0.012037
0 0.810938 0.947685 0.00833333 0.0138889
0 0.477344 0.441204 0.0078125 0.012037
0 0.72474 0.536574 0.0078125 0.0138889
0 0.451562 0.778241 0.00729167 0.012037
0 0.459896 0.99213 0.00833333 0.012037
0 0.601302 0.429167 0.0078125 0.012037
0 0.594531 0.325 0.0078125 0.0111111
0 0.782552 0.635648 0.00677083 0.012037
0 0.454688 0.881944 0.00729167 0.012037
0 0.784896 0.526852 0.00729167 0.0111111
0 0.800781 0.836574 0.0078125 0.012037
0 0.565885 0.763889 0.00677083 0.012963
0 0.472656 0.338889 0.0078125 0.0111111
0 0.776563 0.303241 0.00833333 0.012037
0 0.790365 0.734259 0.00989583 0.012963
0 0.416406 0.450926 0.0078125 0.012963
0 0.43125 0.566204 0.00729167 0.012037
0 0.735417 0.743056 0.00729167 0.0138889
0 0.447656 0.676852 0.0078125 0.0148148
0 0.41276 0.351389 0.0078125 0.012037
0 0.74375 0.84537 0.0104167 0.0166667
0 0.786458 0.406944 0.0145833 0.0212963
