0 0.594792 0.36713 0.00625 0.0101852
0 0.40625 0.790741 0.00625 0.0111111
0 0.359896 0.791204 0.00520833 0.0101852
0 0.644531 0.712963 0.00677083 0.0111111
0 0.594792 0.283333 0.00729167 0.0111111
0 0.546094 0.284722 0.00677083 0.012037
0 0.596094 0.795833 0.0078125 0.012037
0 0.392448 0.45 0.00677083 0.0111111
0 0.342969 0.449537 0.00677083 0.012037
0 0.359375 0.705556 0.00625 0.0111111
0 0.642187 0.282407 0.00729167 0.012963
0 0.332292 0.348611 0.00729167 0.012037
0 0.386198 0.250463 0.00677083 0.012037
0 0.331771 0.250463 0.00729167 0.012037
