0 0.535417 0.959722 0.00625 0.0101852
0 0.66276 0.762037 0.00572917 0.0111111
0 0.596094 0.968982 0.00677083 0.0101852
0 0.607031 0.753241 0.00677083 0.0101852
0 0.485156 0.843518 0.00572917 0.0111111
0 0.653906 0.975463 0.00677083 0.012037
0 0.476302 0.952315 0.00677083 0.0101852
0 0.601562 0.856019 0.00729167 0.012037
0 0.49401 0.740741 0.00677083 0.0111111
0 0.658073 0.866204 0.00677083 0.012037
0 0.667188 0.6625 0.00625 0.012037
0 0.542708 0.848148 0.00729167 0.0111111
0 0.674219 0.552315 0.00677083 0.012037
0 0.689844 0.328704 0.0078125 0.0111111
0 0.558594 0.538426 0.00677083 0.012037
0 0.611979 0.650926 0.00729167 0.012963
0 0.555729 0.647222 0.00729167 0.012963
0 0.616667 0.544907 0.00625 0.012037
0 0.426823 0.8375 0.00677083 0.012037
0 0.75026 0.336574 0.0078125 0.012037
0 0.567187 0.313426 0.00729167 0.0101852
0 0.419271 0.946759 0.00729167 0.012037
0 0.769271 0.990278 0.009375 0.0138889
0 0.50026 0.639815 0.00677083 0.012963
0 0.628385 0.321759 0.0078125 0.012037
0 0.777604 0.674537 0.00729167 0.012037
0 0.498437 0.527315 0.00729167 0.012037
0 0.685156 0.433796 0.00677083 0.012037
0 0.506771 0.306019 0.00729167 0.0101852
0 0.793229 0.568519 0.00729167 0.012963
0 0.560677 0.418056 0.0078125 0.012037
0 0.719271 0.769444 0.00729167 0.012963
0 0.772656 0.878241 0.0078125 0.012037
0 0.733073 0.5625 0.0078125 0.0138889
0 0.622917 0.426852 0.00729167 0.012963
0 0.711979 0.983333 0.009375 0.0148148
0 0.447396 0.303704 0.00833333 0.012963
0 0.810417 0.344907 0.00833333 0.012037
0 0.55 0.747685 0.00729167 0.0138889
0 0.440104 0.52037 0.00729167 0.012963
0 0.435156 0.735185 0.00677083 0.012963
0 0.722396 0.668981 0.00729167 0.0138889
0 0.44375 0.633796 0.00729167 0.0138889
0 0.746875 0.438889 0.009375 0.0148148
0 0.49974 0.40787 0.00885417 0.0138889
0 0.773698 0.774074 0.00885417 0.012963
0 0.439323 0.403241 0.0078125 0.0138889
0 0.715625 0.873611 0.0104167 0.0175926
0 0.809375 0.451389 0.0135417 0.0212963
