0 0.61849 0.970833 0.00677083 0.012037
0 0.558594 0.972222 0.00677083 0.0111111
0 0.676823 0.966667 0.00677083 0.0111111
0 0.498958 0.974074 0.00625 0.0111111
0 0.615625 0.75463 0.00729167 0.0111111
0 0.673958 0.857407 0.00729167 0.0111111
0 0.552344 0.550463 0.0078125 0.0101852
0 0.5 0.862963 0.00729167 0.0111111
0 0.735156 0.966204 0.00677083 0.012037
0 0.616667 0.857407 0.00729167 0.0111111
0 0.670833 0.544444 0.00729167 0.0111111
0 0.61224 0.546296 0.00677083 0.0111111
0 0.557292 0.656482 0.00625 0.0111111
0 0.671615 0.755093 0.0078125 0.012037
0 0.670052 0.653241 0.00677083 0.012037
0 0.440104 0.979167 0.00729167 0.012037
0 0.729167 0.545833 0.00729167 0.012037
0 0.794271 0.964815 0.00833333 0.012963
0 0.49349 0.548148 0.0078125 0.0111111
0 0.670573 0.321296 0.0078125 0.0111111
0 0.732292 0.318056 0.00833333 0.0101852
0 0.558854 0.859259 0.00729167 0.012963
0 0.613281 0.651389 0.0078125 0.012037
0 0.546875 0.323148 0.00729167 0.00925926
0 0.725 0.652315 0.00729167 0.012037
0 0.502344 0.761574 0.0078125 0.012037
0 0.789323 0.541667 0.00677083 0.0111111
0 0.734115 0.419907 0.00885417 0.012037
0 0.502604 0.660648 0.00729167 0.012037
0 0.673437 0.424537 0.00833333 0.012037
0 0.790104 0.852778 0.00833333 0.012963
0 0.545833 0.430093 0.00833333 0.012037
0 0.728646 0.753241 0.00729167 0.012037
0 0.441146 0.866204 0.00729167 0.012037
0 0.48724 0.326389 0.0078125 0.0101852
0 0.78125 0.651389 0.00729167 0.012037
0 0.44401 0.762963 0.00677083 0.0111111
0 0.791927 0.316667 0.00885417 0.0111111
0 0.42526 0.435185 0.00677083 0.012963
0 0.784115 0.749074 0.00885417 0.012963
0 0.486719 0.429167 0.00885417 0.012037
0 0.73151 0.855556 0.00885417 0.0148148
0 0.609896 0.324074 0.00833333 0.0111111
0 0.558854 0.756481 0.00729167 0.012963
0 0.433594 0.549074 0.00677083 0.0111111
0 0.426302 0.333796 0.0078125 0.012037
0 0.610677 0.427778 0.0078125 0.012963
0 0.445312 0.661574 0.00729167 0.0138889
0 0.798437 0.422222 0.0135417 0.0185185
