0 0.581768 0.858479 0.009931 0.017126
0 0.531713 0.815701 0.009642 0.017640
0 0.485246 0.768970 0.010437 0.017513
0 0.437492 0.729133 0.013991 0.025366
0 0.389300 0.680445 0.011962 0.023818
0 0.342332 0.639776 0.011962 0.023818
0 0.296618 0.599666 0.010367 0.018927
0 0.321213 0.505698 0.011674 0.024331
0 0.359731 0.409025 0.010078 0.019441
0 0.388105 0.338704 0.011309 0.021115
0 0.404649 0.275851 0.009931 0.017126
0 0.423004 0.212533 0.008988 0.014937
0 0.439808 0.142418 0.008698 0.015451
0 0.367351 0.543173 0.018848 0.033478
0 0.417534 0.577080 0.011309 0.021115
0 0.465955 0.625960 0.013845 0.023051
0 0.513391 0.668024 0.020293 0.030909
0 0.560570 0.717352 0.022903 0.036573
0 0.608727 0.763018 0.015876 0.029741
0 0.626588 0.655382 0.014499 0.025753
0 0.582054 0.619262 0.008409 0.015965
0 0.535248 0.572743 0.008916 0.016352
0 0.489729 0.529805 0.010513 0.021242
0 0.443712 0.492930 0.010148 0.018027
0 0.399471 0.452569 0.007684 0.014677
0 0.640856 0.561172 0.008988 0.014937
0 0.658686 0.491424 0.008338 0.017379
0 0.676897 0.425491 0.011598 0.020602
0 0.694738 0.356749 0.011162 0.018800
0 0.595014 0.529936 0.009135 0.017252
0 0.553063 0.491507 0.012613 0.021376
0 0.509358 0.458582 0.009642 0.017640
0 0.467046 0.418353 0.014422 0.022022
0 0.427277 0.382267 0.008698 0.015451
0 0.445020 0.314940 0.008409 0.015965
0 0.463101 0.247399 0.007538 0.012362
0 0.483318 0.178171 0.009784 0.014810
0 0.524800 0.215204 0.010727 0.016999
0 0.502956 0.281063 0.011452 0.018287
0 0.485247 0.351413 0.013119 0.021763
0 0.564753 0.247455 0.008988 0.014937
0 0.546008 0.316430 0.008045 0.012749
0 0.527251 0.384398 0.013408 0.021249
0 0.571395 0.426174 0.007320 0.011461
0 0.589082 0.353811 0.009566 0.013909
0 0.609071 0.284390 0.007684 0.014677
0 0.615754 0.456658 0.010726 0.016999
0 0.630387 0.385207 0.014062 0.023951
0 0.652145 0.321770 0.011526 0.022017
