0 0.561719 0.834722 0.00885417 0.012037
0 0.558594 0.755093 0.0078125 0.0101852
0 0.548437 0.486111 0.0114583 0.0185185
0 0.434896 0.389352 0.00729167 0.0138889
0 0.491667 0.378704 0.00833333 0.0148148
0 0.513021 0.924537 0.00833333 0.0138889
0 0.607292 0.665741 0.009375 0.012963
0 0.704687 0.882407 0.00729167 0.0111111
0 0.751823 0.793056 0.0078125 0.0138889
0 0.511719 0.773148 0.00885417 0.012963
0 0.552865 0.59213 0.0078125 0.012037
0 0.46276 0.935185 0.0078125 0.012963
0 0.509115 0.690278 0.0078125 0.012037
0 0.557552 0.679167 0.00885417 0.0138889
0 0.611719 0.904167 0.00885417 0.012037
0 0.459896 0.706481 0.00833333 0.012963
0 0.704948 0.802778 0.0078125 0.0111111
0 0.46224 0.85787 0.00885417 0.0138889
0 0.703906 0.725926 0.0078125 0.012963
0 0.497656 0.598148 0.0078125 0.012963
0 0.447396 0.609259 0.0104167 0.0185185
0 0.658073 0.891667 0.0078125 0.012963
0 0.489844 0.491204 0.0182292 0.025
0 0.514063 0.844907 0.0104167 0.0157407
0 0.660417 0.47037 0.00833333 0.0166667
0 0.560938 0.913889 0.00833333 0.012963
0 0.752865 0.869907 0.00885417 0.0138889
0 0.703385 0.651389 0.00885417 0.0138889
0 0.751042 0.719907 0.00833333 0.0157407
0 0.708854 0.561574 0.00729167 0.012037
0 0.611719 0.824074 0.00989583 0.012963
0 0.461198 0.782407 0.00885417 0.0148148
0 0.658594 0.812037 0.00885417 0.012963
0 0.610417 0.747685 0.0114583 0.0157407
0 0.658594 0.571296 0.0078125 0.0148148
0 0.547917 0.371759 0.00833333 0.0175926
0 0.756771 0.558796 0.00833333 0.0157407
0 0.711198 0.343981 0.00885417 0.0194444
0 0.65651 0.656482 0.0109375 0.0148148
0 0.60599 0.583333 0.00885417 0.0166667
0 0.603125 0.477315 0.0104167 0.0175926
0 0.657812 0.734722 0.0104167 0.0138889
0 0.658854 0.353241 0.00833333 0.0175926
0 0.75026 0.649537 0.00885417 0.0175926
0 0.764844 0.334259 0.00885417 0.0185185
0 0.714583 0.450926 0.0135417 0.0259259
0 0.602344 0.360185 0.0109375 0.0240741
0 0.767448 0.44213 0.00989583 0.0212963
0 0.434635 0.5 0.0130208 0.0240741
