0 0.593165 0.097924 0.008454 0.015029
0 0.523481 0.119100 0.006646 0.012463
0 0.463472 0.159093 0.006646 0.012463
0 0.417498 0.198041 0.007153 0.012717
0 0.377066 0.211888 0.008454 0.015030
0 0.337649 0.225317 0.004552 0.008092
0 0.289883 0.246470 0.006503 0.011561
0 0.604449 0.194501 0.011134 0.017203
0 0.540172 0.218197 0.008819 0.014382
0 0.484232 0.242251 0.009611 0.016440
0 0.435077 0.283464 0.007010 0.011815
0 0.392126 0.296449 0.005489 0.011052
0 0.347872 0.313775 0.005203 0.009248
0 0.299752 0.332224 0.005853 0.010405
0 0.617568 0.290798 0.007517 0.012069
0 0.551846 0.313661 0.008168 0.013226
0 0.496825 0.340664 0.007517 0.012069
0 0.445625 0.364184 0.006582 0.009109
0 0.401057 0.381165 0.007961 0.008971
0 0.356608 0.399047 0.006867 0.010913
0 0.307125 0.421384 0.009468 0.015538
0 0.634378 0.390794 0.008962 0.015284
0 0.563133 0.416416 0.010770 0.017850
0 0.507854 0.437346 0.011277 0.018104
0 0.454385 0.453724 0.006646 0.012462
0 0.410949 0.471187 0.005995 0.011306
0 0.367650 0.487644 0.005853 0.010405
0 0.318163 0.503805 0.006503 0.011561
0 0.643531 0.485399 0.009105 0.016186
0 0.571627 0.514145 0.012083 0.014357
0 0.511386 0.531894 0.009468 0.015538
0 0.462814 0.544826 0.006281 0.013110
0 0.419338 0.559929 0.007296 0.013619
0 0.374240 0.572851 0.006503 0.011561
0 0.329189 0.594309 0.008026 0.012324
0 0.654429 0.589265 0.006503 0.011561
0 0.582173 0.615304 0.005995 0.011306
0 0.523820 0.627046 0.010626 0.016949
0 0.471982 0.631345 0.012213 0.021065
0 0.429426 0.649396 0.009754 0.017342
0 0.387277 0.664427 0.008533 0.012578
0 0.337227 0.686523 0.010991 0.016300
0 0.664445 0.686366 0.012578 0.020417
0 0.590978 0.713380 0.013449 0.020023
0 0.521749 0.719633 0.008962 0.015283
0 0.479549 0.719951 0.009975 0.015792
0 0.439553 0.741221 0.010261 0.017596
0 0.396874 0.752195 0.006139 0.012208
0 0.350359 0.774732 0.009105 0.016186
