0 0.714583 0.683796 0.00625 0.0101852
0 0.700521 0.330556 0.00625 0.0111111
0 0.665365 0.774074 0.00572917 0.00925926
0 0.654948 0.41713 0.00677083 0.012037
0 0.496094 0.715741 0.00572917 0.00925926
0 0.710938 0.592593 0.00729167 0.0111111
0 0.561198 0.794444 0.00572917 0.00925926
0 0.704948 0.418519 0.00677083 0.0111111
0 0.426823 0.405556 0.00572917 0.0111111
0 0.482031 0.195833 0.00677083 0.0101852
0 0.422656 0.202315 0.00677083 0.0101852
0 0.648958 0.243981 0.00625 0.0101852
0 0.759115 0.507407 0.00677083 0.0111111
0 0.754687 0.419444 0.00729167 0.0111111
0 0.438021 0.716667 0.00625 0.0111111
0 0.747917 0.244907 0.00729167 0.012037
0 0.717188 0.772685 0.00625 0.012037
0 0.444531 0.819907 0.0078125 0.012037
0 0.7625 0.591204 0.00833333 0.012037
0 0.766146 0.683796 0.00729167 0.012037
0 0.76875 0.773148 0.00729167 0.0111111
0 0.429688 0.509722 0.00625 0.012037
0 0.42474 0.302778 0.00677083 0.0111111
0 0.697396 0.243519 0.00729167 0.0111111
0 0.434896 0.610185 0.00625 0.0111111
0 0.751562 0.331481 0.00729167 0.012963
