0 0.613802 0.650463 0.0078125 0.012037
0 0.558333 0.656944 0.00729167 0.012037
0 0.446094 0.978704 0.00677083 0.012963
0 0.492448 0.548611 0.00677083 0.012037
0 0.610937 0.54537 0.00625 0.0111111
0 0.552083 0.549537 0.00729167 0.012037
0 0.560938 0.859259 0.00729167 0.012963
0 0.739583 0.963889 0.00729167 0.012963
0 0.503125 0.659259 0.00625 0.012963
0 0.445573 0.866667 0.00677083 0.012963
0 0.727865 0.543981 0.0078125 0.012037
0 0.445833 0.765278 0.00625 0.012037
0 0.792969 0.849537 0.00677083 0.012037
0 0.543229 0.324537 0.00833333 0.012037
0 0.798437 0.9625 0.00833333 0.012037
0 0.445833 0.661574 0.00729167 0.0138889
0 0.559896 0.756481 0.00729167 0.012963
0 0.727604 0.316667 0.00729167 0.0111111
0 0.666406 0.319444 0.0078125 0.0111111
0 0.78151 0.649074 0.00677083 0.0111111
0 0.73125 0.417593 0.00833333 0.012963
0 0.482812 0.327315 0.00729167 0.0101852
0 0.544792 0.42963 0.00729167 0.0111111
0 0.433594 0.550926 0.00677083 0.012963
0 0.670573 0.424537 0.0078125 0.012037
0 0.483854 0.430093 0.00729167 0.012037
0 0.788021 0.540278 0.00729167 0.012037
0 0.72526 0.650926 0.00677083 0.012963
0 0.605208 0.324074 0.00729167 0.0111111
0 0.423177 0.434722 0.00677083 0.0138889
0 0.423438 0.334259 0.00729167 0.012963
0 0.608073 0.427778 0.00677083 0.0111111
0 0.785417 0.747222 0.00833333 0.012963
0 0.730469 0.751852 0.0078125 0.012963
0 0.7875 0.315741 0.00833333 0.012963
0 0.735417 0.852778 0.0114583 0.0185185
0 0.794792 0.420833 0.0135417 0.0194444
