0 0.629427 0.827778 0.0078125 0.0148148
0 0.58099 0.821296 0.0078125 0.012963
0 0.53151 0.733333 0.00885417 0.012963
0 0.544531 0.55 0.0078125 0.012963
0 0.527344 0.829167 0.0078125 0.0138889
0 0.590625 0.734259 0.00729167 0.012963
0 0.549479 0.452315 0.00833333 0.0138889
0 0.657031 0.487037 0.00885417 0.0148148
0 0.489583 0.427778 0.00833333 0.012963
0 0.721354 0.856944 0.0104167 0.0157407
0 0.683854 0.760648 0.0104167 0.0138889
0 0.733333 0.686111 0.009375 0.0148148
0 0.727865 0.771759 0.00989583 0.0138889
0 0.482292 0.533333 0.00729167 0.012963
0 0.502344 0.225926 0.00885417 0.0148148
0 0.415104 0.618056 0.00729167 0.012037
0 0.410156 0.718518 0.00885417 0.012963
0 0.604427 0.469444 0.00885417 0.0148148
0 0.46901 0.737037 0.0130208 0.0148148
0 0.78099 0.325926 0.00885417 0.012963
0 0.495052 0.326389 0.00989583 0.0138889
0 0.708854 0.505556 0.0104167 0.0185185
0 0.447135 0.213426 0.00989583 0.0138889
0 0.423438 0.512963 0.00729167 0.012963
0 0.728385 0.306019 0.00989583 0.0138889
0 0.552083 0.343056 0.00833333 0.0138889
0 0.429948 0.410648 0.0078125 0.0138889
0 0.4375 0.308333 0.00833333 0.012963
0 0.674219 0.284722 0.00885417 0.0138889
0 0.758594 0.518519 0.0109375 0.0185185
0 0.722396 0.401389 0.009375 0.0138889
0 0.66875 0.383333 0.009375 0.0148148
0 0.77526 0.418981 0.00989583 0.0157407
0 0.61875 0.264815 0.0104167 0.0166667
0 0.611979 0.361574 0.009375 0.0157407
0 0.559115 0.243519 0.00885417 0.0148148
