0 0.658073 0.840741 0.00572917 0.00925926
0 0.627604 0.404167 0.00729167 0.012037
0 0.521875 0.636111 0.00625 0.0111111
0 0.702865 0.937963 0.00572917 0.0111111
0 0.514063 0.800926 0.00625 0.0111111
0 0.566667 0.729167 0.00729167 0.012037
0 0.561719 0.814815 0.00572917 0.0111111
0 0.674219 0.414815 0.00677083 0.0111111
0 0.653646 0.922222 0.00625 0.0111111
0 0.567187 0.550926 0.00625 0.0111111
0 0.5125 0.884722 0.00625 0.012037
0 0.467708 0.873148 0.00625 0.0111111
0 0.519792 0.71713 0.00729167 0.012037
0 0.751042 0.953241 0.00729167 0.012037
0 0.558333 0.897222 0.00625 0.0111111
0 0.609896 0.825926 0.00625 0.0111111
0 0.477344 0.625463 0.0078125 0.0138889
0 0.70625 0.851852 0.00625 0.0111111
0 0.576302 0.371296 0.0078125 0.0111111
0 0.571875 0.459722 0.00833333 0.012037
0 0.607292 0.911111 0.00625 0.0111111
0 0.76901 0.525463 0.0078125 0.012037
0 0.716406 0.598611 0.00677083 0.012037
0 0.713281 0.681019 0.0078125 0.012037
0 0.754427 0.868519 0.00677083 0.0111111
0 0.723698 0.427315 0.0078125 0.012037
0 0.473177 0.70463 0.0078125 0.012963
0 0.709375 0.768056 0.00729167 0.012037
0 0.765365 0.6125 0.00677083 0.012037
0 0.514583 0.540741 0.00729167 0.012963
0 0.470052 0.787037 0.0078125 0.012963
0 0.511719 0.433796 0.0078125 0.012037
0 0.761979 0.694444 0.00729167 0.012963
0 0.758333 0.781018 0.00833333 0.012037
0 0.517708 0.341204 0.00833333 0.012037
0 0.465104 0.527315 0.00833333 0.0138889
0 0.458333 0.423148 0.00833333 0.012963
0 0.772396 0.440741 0.00833333 0.012963
0 0.46224 0.328704 0.0078125 0.012963
