0 0.378906 0.739815 0.00677083 0.0111111
0 0.382031 0.6375 0.00677083 0.012037
0 0.495833 0.85 0.00625 0.0111111
0 0.495313 0.738889 0.00729167 0.0111111
0 0.492448 0.426389 0.00677083 0.012037
0 0.553646 0.849074 0.00625 0.0111111
0 0.433594 0.426852 0.00677083 0.0111111
0 0.54974 0.534722 0.00677083 0.012037
0 0.551302 0.426852 0.00677083 0.012963
0 0.553125 0.203241 0.00729167 0.0101852
0 0.43776 0.534722 0.00677083 0.012037
0 0.552865 0.740278 0.00677083 0.012037
0 0.369792 0.203241 0.00729167 0.0101852
0 0.491406 0.203241 0.0078125 0.0101852
0 0.373177 0.422685 0.00677083 0.012037
0 0.377344 0.848611 0.00677083 0.012037
0 0.429427 0.203241 0.00677083 0.0101852
0 0.613542 0.203704 0.00729167 0.0111111
0 0.49349 0.531018 0.0078125 0.012037
0 0.438021 0.634722 0.00729167 0.012037
0 0.554688 0.306944 0.00729167 0.012037
0 0.367708 0.305556 0.00729167 0.0111111
0 0.382292 0.535648 0.00729167 0.012037
0 0.669792 0.426852 0.00729167 0.0111111
0 0.322917 0.637037 0.00625 0.0111111
0 0.492188 0.306944 0.00729167 0.012037
0 0.428385 0.306481 0.0078125 0.012963
0 0.436458 0.7375 0.00833333 0.012037
0 0.609896 0.428241 0.00729167 0.012037
0 0.616406 0.304167 0.00885417 0.012037
0 0.605208 0.535185 0.00625 0.012963
0 0.661198 0.534722 0.00677083 0.012037
0 0.315365 0.424074 0.0078125 0.012963
0 0.609635 0.635648 0.0078125 0.0138889
0 0.66901 0.737963 0.0078125 0.012963
0 0.673177 0.203704 0.0078125 0.0111111
0 0.308594 0.208333 0.0078125 0.0111111
0 0.664323 0.633796 0.00885417 0.0138889
0 0.435677 0.850463 0.0078125 0.012037
0 0.613281 0.848611 0.0078125 0.0138889
0 0.319792 0.850463 0.00833333 0.012037
0 0.32526 0.536574 0.0078125 0.0138889
0 0.321615 0.739815 0.00885417 0.012963
0 0.671094 0.848611 0.0078125 0.0138889
0 0.307552 0.307407 0.0078125 0.012963
0 0.678125 0.30787 0.0135417 0.0175926
0 0.61224 0.737963 0.0109375 0.0185185
