0 0.614583 0.490278 0.00625 0.012037
0 0.571615 0.676852 0.00677083 0.012963
0 0.670052 0.731481 0.00677083 0.0111111
0 0.528385 0.852315 0.00572917 0.0101852
0 0.616667 0.573611 0.00625 0.012037
0 0.52526 0.685648 0.00677083 0.012037
0 0.624479 0.826852 0.00625 0.0111111
0 0.532552 0.934722 0.00572917 0.0101852
0 0.486198 0.946296 0.00572917 0.0111111
0 0.663281 0.476852 0.00572917 0.0111111
0 0.621354 0.741667 0.00729167 0.0111111
0 0.766406 0.706944 0.00677083 0.012037
0 0.626823 0.912037 0.00572917 0.0111111
0 0.674219 0.897222 0.00677083 0.012963
0 0.666146 0.562963 0.00625 0.0111111
0 0.765104 0.621759 0.00833333 0.0138889
0 0.6125 0.40463 0.00729167 0.012963
0 0.717969 0.718056 0.0078125 0.012037
0 0.482812 0.77963 0.00833333 0.012963
0 0.56276 0.58287 0.00677083 0.012037
0 0.578646 0.921759 0.00625 0.012037
0 0.574219 0.75463 0.0078125 0.012963
0 0.667708 0.64537 0.00729167 0.012963
0 0.722396 0.885648 0.00729167 0.012037
0 0.527604 0.766667 0.00729167 0.012963
0 0.575781 0.838889 0.00677083 0.012963
0 0.720573 0.801852 0.00677083 0.0111111
0 0.561458 0.489352 0.00729167 0.012037
0 0.770573 0.792593 0.0078125 0.012963
0 0.672396 0.816204 0.00729167 0.012037
0 0.479688 0.698148 0.00729167 0.012963
0 0.711979 0.4625 0.00729167 0.012037
0 0.483594 0.862037 0.00677083 0.0111111
0 0.772135 0.873148 0.0078125 0.012963
0 0.460938 0.609722 0.00729167 0.012037
0 0.559896 0.400926 0.00729167 0.0111111
0 0.715885 0.631944 0.0078125 0.0138889
0 0.510677 0.596759 0.00677083 0.012037
0 0.713542 0.549074 0.00833333 0.0148148
0 0.7625 0.537963 0.00729167 0.012963
0 0.760938 0.449537 0.00729167 0.012037
0 0.660677 0.39213 0.00885417 0.0138889
0 0.500521 0.49537 0.00833333 0.012963
0 0.447917 0.512037 0.009375 0.0148148
0 0.445312 0.418056 0.00833333 0.0138889
0 0.710938 0.379167 0.00833333 0.0138889
0 0.498698 0.403241 0.00885417 0.0138889
0 0.758333 0.366204 0.00833333 0.0138889
