0 0.586719 0.207407 0.00572917 0.0111111
0 0.438802 0.677778 0.00572917 0.0111111
0 0.644271 0.560185 0.00625 0.0111111
0 0.639844 0.384259 0.00572917 0.0111111
0 0.539062 0.295833 0.00833333 0.0138889
0 0.43776 0.583333 0.00572917 0.0111111
0 0.31224 0.290278 0.00572917 0.012037
0 0.644271 0.65 0.00625 0.0111111
0 0.370313 0.0805556 0.00625 0.0111111
0 0.436198 0.485648 0.00572917 0.0101852
0 0.313021 0.395833 0.00520833 0.012037
0 0.316406 0.601852 0.00572917 0.0111111
0 0.589063 0.38287 0.00625 0.012037
0 0.311719 0.188426 0.00572917 0.012037
0 0.589063 0.293981 0.00729167 0.0138889
0 0.591146 0.472222 0.00729167 0.0111111
0 0.642448 0.467593 0.00677083 0.0111111
0 0.638021 0.294907 0.00729167 0.012037
0 0.585156 0.120833 0.00677083 0.012037
0 0.636979 0.206481 0.00729167 0.012963
0 0.31224 0.0875 0.00572917 0.012037
0 0.59375 0.650463 0.00625 0.012037
0 0.635417 0.118519 0.00729167 0.0111111
