0 0.688281 0.36713 0.0078125 0.0138889
0 0.77526 0.2625 0.00677083 0.012037
0 0.670313 0.72963 0.009375 0.0166667
0 0.78125 0.350463 0.00729167 0.012037
0 0.588802 0.365278 0.00885417 0.0157407
0 0.59401 0.464815 0.00885417 0.0148148
0 0.56276 0.773611 0.0078125 0.012037
0 0.602083 0.5625 0.009375 0.0157407
0 0.638021 0.841667 0.009375 0.0166667
0 0.64349 0.376389 0.00677083 0.012037
0 0.553906 0.671296 0.00989583 0.0148148
0 0.5375 0.469444 0.00729167 0.012963
0 0.685156 0.275926 0.0078125 0.012963
0 0.570052 0.871759 0.0140625 0.0194444
0 0.480729 0.683796 0.00833333 0.0138889
0 0.470833 0.483796 0.009375 0.0138889
0 0.53151 0.370833 0.00885417 0.0138889
0 0.644792 0.285648 0.00625 0.012037
0 0.545052 0.574537 0.00885417 0.0138889
0 0.59349 0.272685 0.0078125 0.0138889
0 0.466667 0.382407 0.0104167 0.0148148
0 0.488542 0.786574 0.00625 0.012037
0 0.460938 0.283796 0.00833333 0.0138889
0 0.472656 0.5875 0.00885417 0.0138889
0 0.496354 0.886574 0.0104167 0.0175926
