0 0.689062 0.265741 0.00729167 0.0111111
0 0.589323 0.475 0.00677083 0.0111111
0 0.48151 0.6875 0.0078125 0.0101852
0 0.641146 0.471296 0.00729167 0.0111111
0 0.533333 0.480556 0.00729167 0.0111111
0 0.65026 0.735185 0.00677083 0.0111111
0 0.690625 0.561111 0.00625 0.0111111
0 0.695052 0.3625 0.00677083 0.0101852
0 0.476562 0.5875 0.00729167 0.012037
0 0.51901 0.272685 0.00677083 0.0101852
0 0.641927 0.562037 0.00677083 0.0111111
0 0.640625 0.365278 0.00729167 0.0101852
0 0.602604 0.740741 0.00729167 0.0111111
0 0.692969 0.468056 0.0078125 0.0101852
0 0.59401 0.570833 0.00677083 0.012037
0 0.745052 0.721759 0.00885417 0.012037
0 0.742188 0.264352 0.00729167 0.0101852
0 0.634896 0.267593 0.00729167 0.0111111
0 0.697917 0.728704 0.00729167 0.0111111
0 0.739583 0.638426 0.00729167 0.012037
0 0.548437 0.762963 0.00729167 0.0111111
0 0.460677 0.27963 0.00677083 0.0111111
0 0.465104 0.377778 0.00729167 0.0111111
0 0.736979 0.553704 0.00729167 0.0111111
0 0.471094 0.482407 0.0078125 0.0111111
0 0.701563 0.812037 0.00729167 0.0111111
0 0.522396 0.373148 0.00729167 0.0111111
0 0.606771 0.830556 0.00729167 0.0111111
0 0.578385 0.269444 0.00885417 0.0111111
0 0.486198 0.794444 0.00885417 0.0111111
0 0.416406 0.593056 0.00677083 0.012037
0 0.654688 0.821296 0.00729167 0.0111111
0 0.553125 0.8625 0.00833333 0.012037
0 0.427083 0.8 0.00729167 0.0111111
0 0.403906 0.288426 0.0078125 0.012037
0 0.582552 0.36713 0.0078125 0.012037
0 0.74375 0.4625 0.00833333 0.012037
0 0.748177 0.358796 0.00885417 0.012037
0 0.410937 0.489352 0.00729167 0.012037
0 0.421094 0.697685 0.0078125 0.012037
0 0.748177 0.808796 0.00885417 0.012037
0 0.405729 0.384722 0.00729167 0.012037
