0 0.399219 0.604167 0.0078125 0.012037
0 0.646094 0.55787 0.00677083 0.012037
0 0.451302 0.317593 0.00677083 0.0111111
0 0.333594 0.800463 0.0078125 0.012037
0 0.47474 0.61713 0.0078125 0.012037
0 0.338281 0.507407 0.0078125 0.012963
0 0.335938 0.706019 0.0114583 0.0138889
0 0.39974 0.516204 0.0078125 0.0138889
0 0.607292 0.469444 0.00625 0.0111111
0 0.556771 0.769907 0.00625 0.0138889
0 0.646875 0.696759 0.00729167 0.0138889
0 0.558073 0.691204 0.00572917 0.012037
0 0.598698 0.621296 0.0078125 0.012963
0 0.393229 0.203241 0.00729167 0.012037
0 0.332552 0.203241 0.00677083 0.012037
0 0.460156 0.4375 0.00677083 0.012037
0 0.6 0.547685 0.00729167 0.012037
0 0.340885 0.609259 0.0130208 0.0148148
0 0.507812 0.324537 0.00625 0.012037
0 0.609635 0.343056 0.00677083 0.0157407
0 0.39401 0.311111 0.00885417 0.0148148
0 0.645312 0.769907 0.00833333 0.0138889
0 0.336979 0.408333 0.00729167 0.0148148
0 0.659375 0.484722 0.00729167 0.012037
0 0.557552 0.456019 0.00677083 0.0138889
0 0.6625 0.369444 0.009375 0.0148148
0 0.46849 0.530556 0.0078125 0.012963
0 0.508594 0.453704 0.00677083 0.012963
0 0.6 0.693981 0.00729167 0.0157407
0 0.452344 0.211574 0.0078125 0.0138889
0 0.554167 0.5375 0.009375 0.0157407
0 0.657812 0.235185 0.00729167 0.0166667
0 0.465625 0.700463 0.00625 0.0138889
0 0.614323 0.236111 0.00885417 0.0203704
0 0.401563 0.707407 0.009375 0.0166667
0 0.333594 0.304167 0.00989583 0.0194444
0 0.560677 0.341204 0.0078125 0.0194444
0 0.465885 0.788426 0.00677083 0.0175926
0 0.397656 0.411574 0.00989583 0.0194444
0 0.507292 0.215741 0.00729167 0.0148148
0 0.601562 0.763426 0.0104167 0.0175926
0 0.515104 0.54537 0.0125 0.0185185
0 0.516146 0.689352 0.00833333 0.0175926
0 0.560938 0.222685 0.0114583 0.0194444
0 0.515625 0.77963 0.009375 0.0222222
0 0.404687 0.806481 0.0114583 0.0185185
0 0.647656 0.627315 0.0130208 0.0175926
