0 0.71875 0.668981 0.00625 0.012037
0 0.733333 0.396759 0.00729167 0.0138889
0 0.671875 0.316667 0.00729167 0.012963
0 0.76901 0.659722 0.00677083 0.012037
0 0.389583 0.232407 0.00625 0.0111111
0 0.679167 0.765278 0.00625 0.012037
0 0.660156 0.22963 0.00885417 0.0148148
0 0.708073 0.578241 0.00677083 0.012037
0 0.757031 0.56713 0.0078125 0.012037
0 0.721615 0.308333 0.0078125 0.012963
0 0.709635 0.223148 0.0078125 0.012963
0 0.400521 0.333333 0.00625 0.0148148
0 0.779427 0.748611 0.00677083 0.012037
0 0.729688 0.756481 0.00625 0.012963
