0 0.645052 0.713889 0.00677083 0.0111111
0 0.342969 0.449074 0.00677083 0.0111111
0 0.359375 0.706944 0.00520833 0.0101852
0 0.645052 0.540278 0.00677083 0.012037
0 0.64375 0.456944 0.00625 0.0101852
0 0.358854 0.543519 0.00729167 0.0148148
0 0.332292 0.346759 0.00729167 0.012037
0 0.546354 0.283333 0.00729167 0.012963
0 0.358854 0.624074 0.00729167 0.012963
0 0.596094 0.79537 0.00677083 0.0111111
0 0.64349 0.368056 0.00677083 0.0101852
0 0.595312 0.281481 0.00729167 0.0111111
0 0.332031 0.25 0.00677083 0.0111111
0 0.386458 0.25 0.00729167 0.0111111
0 0.64349 0.281481 0.0078125 0.012963
