0 0.432031 0.864815 0.0078125 0.012963
0 0.665885 0.75 0.0078125 0.012963
0 0.439063 0.778704 0.0125 0.0148148
0 0.754427 0.390278 0.0109375 0.0212963
0 0.741146 0.927315 0.00833333 0.0157407
0 0.511979 0.69213 0.00729167 0.0138889
0 0.653906 0.901852 0.00677083 0.0148148
0 0.585417 0.424074 0.00729167 0.012963
0 0.640625 0.448148 0.00833333 0.0148148
0 0.795833 0.40463 0.009375 0.0185185
0 0.569271 0.806481 0.00729167 0.0148148
0 0.660156 0.824537 0.00677083 0.0138889
0 0.790625 0.537963 0.0104167 0.0166667
0 0.778646 0.65 0.00729167 0.0148148
0 0.748177 0.855556 0.00885417 0.0166667
0 0.519271 0.606019 0.009375 0.0157407
0 0.563021 0.892593 0.00729167 0.0185185
0 0.758854 0.718056 0.00833333 0.0157407
0 0.713802 0.69213 0.0109375 0.0157407
0 0.584375 0.545833 0.00729167 0.0138889
0 0.708854 0.766667 0.00833333 0.0166667
0 0.740885 0.49537 0.00885417 0.0166667
0 0.465625 0.47963 0.00729167 0.0148148
0 0.585938 0.638889 0.00833333 0.0148148
0 0.459635 0.577315 0.0078125 0.0138889
0 0.727604 0.619907 0.00729167 0.0138889
0 0.451562 0.678704 0.0145833 0.0203704
0 0.702865 0.838426 0.00885417 0.0175926
0 0.755208 0.787037 0.015625 0.0240741
0 0.585938 0.725926 0.0114583 0.0166667
0 0.630729 0.575 0.00729167 0.012963
0 0.620573 0.80787 0.00989583 0.0175926
0 0.679688 0.591667 0.009375 0.0185185
0 0.507812 0.794907 0.0114583 0.0212963
0 0.528646 0.400463 0.009375 0.0175926
0 0.698698 0.908796 0.0109375 0.0212963
0 0.691927 0.478704 0.00989583 0.0203704
0 0.477344 0.275 0.0078125 0.0148148
0 0.500521 0.891667 0.0135417 0.0203704
0 0.611719 0.896759 0.00989583 0.025
0 0.525521 0.500926 0.0114583 0.0203704
0 0.594531 0.317593 0.00989583 0.0166667
0 0.630208 0.668519 0.0135417 0.0222222
0 0.670573 0.669907 0.0119792 0.0212963
0 0.53724 0.294444 0.00885417 0.0148148
0 0.70026 0.361574 0.0130208 0.0231481
0 0.649219 0.338426 0.00989583 0.0175926
0 0.46901 0.374074 0.0119792 0.0240741
