0 0.376302 0.34213 0.0140625 0.0175926
0 0.438281 0.624537 0.00677083 0.0101852
0 0.397135 0.408796 0.00677083 0.012037
0 0.43724 0.546296 0.00885417 0.012963
0 0.377344 0.23287 0.0078125 0.0138889
0 0.649219 0.248148 0.00885417 0.0166667
0 0.582292 0.625 0.00729167 0.0111111
0 0.540625 0.362963 0.00833333 0.0166667
0 0.434115 0.459259 0.00572917 0.012963
0 0.535937 0.704167 0.00729167 0.012037
0 0.582031 0.704167 0.0078125 0.012037
0 0.534635 0.783333 0.00677083 0.0111111
0 0.321094 0.230093 0.0078125 0.0138889
0 0.389844 0.547685 0.0078125 0.012037
0 0.48724 0.783333 0.00677083 0.0111111
0 0.340104 0.782407 0.00833333 0.0111111
0 0.485677 0.542593 0.00885417 0.012963
0 0.4875 0.625 0.00833333 0.0111111
0 0.390104 0.630093 0.00833333 0.012037
0 0.340885 0.70463 0.0078125 0.012963
0 0.628385 0.70463 0.0078125 0.012963
0 0.378646 0.451389 0.00729167 0.012037
0 0.339583 0.550926 0.00833333 0.012963
0 0.436979 0.784259 0.00729167 0.0111111
0 0.58151 0.550463 0.0078125 0.012037
0 0.628385 0.783333 0.0078125 0.0111111
0 0.588802 0.4625 0.0078125 0.012037
0 0.535937 0.624074 0.00833333 0.0111111
0 0.439063 0.704167 0.00833333 0.012037
0 0.340104 0.62963 0.00833333 0.012963
0 0.484375 0.237963 0.009375 0.0185185
0 0.580208 0.784259 0.00729167 0.0111111
0 0.430208 0.237963 0.00833333 0.0166667
0 0.388542 0.781944 0.00729167 0.012037
0 0.431771 0.350926 0.0125 0.0185185
0 0.535677 0.546296 0.0109375 0.0148148
0 0.488021 0.705093 0.00729167 0.012037
0 0.390625 0.70463 0.00833333 0.012963
0 0.486198 0.354167 0.00885417 0.0138889
0 0.596354 0.242593 0.00833333 0.0166667
0 0.629167 0.630556 0.00833333 0.012963
0 0.538802 0.462037 0.00885417 0.012963
0 0.541927 0.241667 0.0078125 0.0148148
0 0.486979 0.4625 0.00833333 0.0138889
0 0.636719 0.469907 0.0078125 0.0138889
0 0.628125 0.559259 0.009375 0.0148148
0 0.316667 0.337037 0.0114583 0.0203704
0 0.649219 0.357407 0.00989583 0.0203704
0 0.328385 0.452778 0.0109375 0.0185185
0 0.596354 0.35463 0.0125 0.0240741
