0 0.575 0.977778 0.00729167 0.0111111
0 0.694271 0.961111 0.00625 0.0111111
0 0.516927 0.98287 0.0078125 0.012037
0 0.634635 0.968518 0.00677083 0.0111111
0 0.621875 0.755556 0.00729167 0.012963
0 0.686198 0.851852 0.00677083 0.0111111
0 0.678385 0.749537 0.0078125 0.012037
0 0.570312 0.863889 0.00729167 0.012963
0 0.548437 0.554167 0.00833333 0.012037
0 0.671875 0.65 0.00729167 0.012963
0 0.608594 0.545833 0.00677083 0.012037
0 0.667448 0.538889 0.0078125 0.012963
0 0.751562 0.955093 0.00729167 0.0138889
0 0.725 0.535185 0.00833333 0.012963
0 0.490885 0.559722 0.00885417 0.012037
0 0.614323 0.651852 0.0078125 0.012963
0 0.53776 0.435185 0.0078125 0.0111111
0 0.72474 0.409259 0.00989583 0.012963
0 0.663542 0.420833 0.00833333 0.012037
0 0.513021 0.872222 0.00833333 0.012963
0 0.716667 0.309722 0.00833333 0.012037
0 0.627865 0.858333 0.00885417 0.012963
0 0.785156 0.526389 0.0078125 0.012037
0 0.509896 0.77037 0.00729167 0.012963
0 0.478125 0.440278 0.009375 0.012037
0 0.726562 0.643519 0.00729167 0.012963
0 0.458333 0.991204 0.00833333 0.012037
0 0.504687 0.669444 0.00729167 0.012963
0 0.533073 0.331481 0.00677083 0.0111111
0 0.657031 0.31713 0.0078125 0.012037
0 0.810417 0.947222 0.00833333 0.012963
0 0.735156 0.743056 0.0078125 0.0138889
0 0.559115 0.6625 0.0078125 0.0138889
0 0.43151 0.565278 0.00677083 0.012037
0 0.472917 0.338426 0.00833333 0.012037
0 0.777344 0.302315 0.00885417 0.012037
0 0.782552 0.636111 0.00677083 0.012963
0 0.800781 0.837037 0.0078125 0.012963
0 0.595573 0.325463 0.0078125 0.012037
0 0.451562 0.777778 0.00729167 0.012963
0 0.454427 0.882407 0.0078125 0.012963
0 0.417188 0.451852 0.00729167 0.012963
0 0.600781 0.428704 0.00885417 0.012963
0 0.790365 0.733796 0.00989583 0.0138889
0 0.565104 0.763426 0.00729167 0.0138889
0 0.742708 0.844907 0.0114583 0.0175926
0 0.413542 0.351389 0.00833333 0.012037
0 0.447656 0.676852 0.0078125 0.0148148
0 0.788021 0.406944 0.0145833 0.0175926
