0 0.529688 0.356481 0.00625 0.00925926
0 0.420312 0.731481 0.00729167 0.0111111
0 0.522917 0.705556 0.00729167 0.0111111
0 0.570573 0.704167 0.0078125 0.0101852
0 0.589063 0.159722 0.00625 0.0101852
0 0.534635 0.152315 0.00677083 0.0101852
0 0.476823 0.448148 0.00677083 0.0111111
0 0.361719 0.1375 0.00677083 0.0101852
0 0.298177 0.65 0.00677083 0.0111111
0 0.641146 0.166667 0.00729167 0.0111111
0 0.418229 0.239815 0.00729167 0.0111111
0 0.357552 0.652315 0.00885417 0.0101852
0 0.478646 0.144907 0.00729167 0.0101852
0 0.617448 0.62037 0.0078125 0.0111111
0 0.58125 0.360648 0.00625 0.0101852
0 0.477083 0.352778 0.00729167 0.0111111
0 0.298698 0.443519 0.00572917 0.0111111
0 0.302083 0.235185 0.00625 0.0111111
0 0.617188 0.537037 0.00729167 0.0111111
0 0.534635 0.249537 0.00677083 0.0101852
0 0.3 0.339815 0.00625 0.0111111
0 0.47526 0.707407 0.00677083 0.0111111
0 0.359896 0.2375 0.00729167 0.0101852
0 0.589323 0.25463 0.00677083 0.0111111
0 0.298438 0.548148 0.00625 0.0111111
0 0.615885 0.70787 0.00885417 0.012037
0 0.619792 0.454167 0.00729167 0.012037
0 0.478385 0.243981 0.0078125 0.012037
0 0.63125 0.365278 0.00833333 0.012037
0 0.642448 0.261111 0.00885417 0.0111111
