0 0.6 0.744907 0.0104167 0.0138889
0 0.502083 0.74537 0.00833333 0.0111111
0 0.550521 0.740278 0.00833333 0.012037
0 0.604427 0.662037 0.00885417 0.012963
0 0.513542 0.346759 0.00729167 0.0138889
0 0.546354 0.82037 0.009375 0.012963
0 0.540104 0.901389 0.00833333 0.0138889
0 0.502083 0.565278 0.00729167 0.012037
0 0.452604 0.743519 0.00833333 0.012963
0 0.595833 0.822222 0.00833333 0.0111111
0 0.55651 0.575 0.00677083 0.012963
0 0.50599 0.661574 0.0078125 0.012037
0 0.504687 0.455556 0.01875 0.0240741
0 0.554688 0.662963 0.009375 0.012963
0 0.456771 0.339815 0.00833333 0.0148148
0 0.442708 0.896296 0.00833333 0.012963
0 0.590365 0.902778 0.0078125 0.012963
0 0.642969 0.822685 0.00885417 0.012037
0 0.683073 0.906482 0.0078125 0.012963
0 0.45651 0.663889 0.0078125 0.012963
0 0.73125 0.905556 0.00833333 0.012963
0 0.63776 0.903704 0.0078125 0.0111111
0 0.451562 0.563889 0.0104167 0.0203704
0 0.566406 0.353241 0.0078125 0.0157407
0 0.783333 0.374074 0.00833333 0.0166667
0 0.671354 0.480556 0.00833333 0.0148148
0 0.694531 0.749074 0.00885417 0.012963
0 0.447917 0.817593 0.009375 0.0148148
0 0.615625 0.472685 0.009375 0.0157407
0 0.499479 0.819907 0.0104167 0.0175926
0 0.559896 0.468981 0.0135417 0.0194444
0 0.711458 0.585185 0.00625 0.012963
0 0.491146 0.897222 0.00833333 0.0148148
0 0.689583 0.826389 0.00833333 0.012037
0 0.777344 0.479167 0.00885417 0.0194444
0 0.740365 0.75463 0.0078125 0.012963
0 0.734896 0.37037 0.009375 0.0203704
0 0.648438 0.746296 0.0114583 0.0148148
0 0.735937 0.828704 0.00833333 0.012963
0 0.699219 0.673611 0.0078125 0.0138889
0 0.652604 0.667593 0.0104167 0.0148148
0 0.621875 0.354167 0.009375 0.0212963
0 0.660937 0.581019 0.00833333 0.0138889
0 0.609635 0.579167 0.0078125 0.0157407
0 0.448177 0.450463 0.0119792 0.0212963
0 0.759375 0.596759 0.00729167 0.0157407
0 0.678125 0.362963 0.00833333 0.0203704
0 0.744792 0.684259 0.009375 0.0166667
0 0.725781 0.475 0.0140625 0.0259259
