0 0.561458 0.757407 0.00729167 0.0111111
0 0.510417 0.693981 0.00833333 0.012037
0 0.4625 0.790741 0.00833333 0.012963
0 0.517708 0.92963 0.00729167 0.012963
0 0.601042 0.480093 0.009375 0.0157407
0 0.708333 0.87963 0.00729167 0.0111111
0 0.608073 0.666204 0.00885417 0.012037
0 0.661719 0.811111 0.00885417 0.012963
0 0.565625 0.836574 0.009375 0.012037
0 0.752604 0.713889 0.00833333 0.012963
0 0.558073 0.681019 0.00885417 0.0138889
0 0.514323 0.777315 0.00989583 0.0138889
0 0.46849 0.94213 0.0078125 0.0138889
0 0.43099 0.397685 0.0078125 0.0138889
0 0.565625 0.917593 0.00833333 0.012963
0 0.551823 0.59537 0.0078125 0.012963
0 0.486719 0.383796 0.0078125 0.0138889
0 0.465625 0.864352 0.00833333 0.0138889
0 0.496875 0.601852 0.00729167 0.0111111
0 0.616146 0.904167 0.00833333 0.012037
0 0.70599 0.723148 0.0078125 0.012963
0 0.490104 0.497685 0.0166667 0.0231481
0 0.657552 0.569444 0.0078125 0.012963
0 0.703385 0.647222 0.0078125 0.012963
0 0.754427 0.787963 0.0078125 0.012963
0 0.460156 0.712037 0.0078125 0.012963
0 0.66224 0.890741 0.0078125 0.012963
0 0.657552 0.470833 0.00885417 0.0157407
0 0.757292 0.864815 0.00833333 0.0148148
0 0.707812 0.799537 0.00729167 0.012037
0 0.611979 0.747685 0.009375 0.0138889
0 0.708073 0.558796 0.00677083 0.012037
0 0.657552 0.655093 0.0119792 0.0157407
0 0.615104 0.824537 0.009375 0.012037
0 0.545052 0.493056 0.0119792 0.0194444
0 0.516927 0.850463 0.00885417 0.0157407
0 0.755729 0.55463 0.00833333 0.0166667
0 0.542188 0.377315 0.00833333 0.0157407
0 0.604688 0.583796 0.00833333 0.0157407
0 0.597396 0.360648 0.0114583 0.0212963
0 0.750521 0.64537 0.00833333 0.0166667
0 0.447135 0.61713 0.0109375 0.0194444
0 0.764844 0.435185 0.00885417 0.0185185
0 0.659896 0.733796 0.0104167 0.0138889
0 0.707812 0.340278 0.009375 0.0194444
0 0.760156 0.329167 0.00885417 0.0175926
0 0.652865 0.353241 0.00885417 0.0194444
0 0.710677 0.448148 0.0140625 0.0259259
0 0.434375 0.509259 0.0114583 0.0222222
