0 0.546875 0.43287 0.00729167 0.012037
0 0.672656 0.421296 0.0078125 0.012963
0 0.733073 0.846759 0.0109375 0.0194444
0 0.733333 0.412037 0.00833333 0.012963
0 0.444271 0.773611 0.00625 0.012037
0 0.610156 0.428241 0.00677083 0.012037
0 0.444792 0.670833 0.00729167 0.0138889
0 0.79375 0.953704 0.00729167 0.012963
0 0.485938 0.4375 0.00729167 0.012037
0 0.784375 0.737037 0.00833333 0.012963
0 0.796875 0.409259 0.0114583 0.0166667
0 0.669531 0.316667 0.0078125 0.012963
0 0.486198 0.334722 0.00677083 0.0101852
0 0.547135 0.327778 0.00885417 0.012963
0 0.730208 0.310648 0.00729167 0.012037
0 0.609115 0.323611 0.0078125 0.012037
0 0.790365 0.305556 0.00885417 0.012963
0 0.42526 0.44537 0.00677083 0.012963
0 0.433854 0.560648 0.00625 0.012037
0 0.426823 0.34537 0.0078125 0.012963
