0 0.651563 0.380556 0.00625 0.0111111
0 0.696094 0.283796 0.0078125 0.012037
0 0.750521 0.631019 0.00625 0.0101852
0 0.752344 0.724537 0.00677083 0.0101852
0 0.79401 0.452778 0.0078125 0.012963
0 0.707552 0.728241 0.0078125 0.012037
0 0.65625 0.289815 0.00625 0.0111111
0 0.598177 0.463889 0.00677083 0.0111111
0 0.597917 0.364815 0.00833333 0.0148148
0 0.795573 0.537037 0.00677083 0.0111111
0 0.754687 0.814352 0.00729167 0.012037
0 0.603385 0.5625 0.0078125 0.012037
0 0.610677 0.655093 0.0078125 0.012037
0 0.605208 0.274537 0.00729167 0.012037
0 0.664844 0.732407 0.00885417 0.0148148
0 0.542969 0.464815 0.00677083 0.0111111
0 0.481771 0.779167 0.00625 0.0101852
0 0.802344 0.8125 0.00885417 0.0138889
0 0.797656 0.628241 0.0078125 0.012037
0 0.47526 0.476389 0.0078125 0.012037
0 0.552604 0.66713 0.009375 0.012037
0 0.613542 0.752778 0.00833333 0.012963
0 0.802083 0.723148 0.0104167 0.0148148
0 0.711979 0.823148 0.00833333 0.012963
0 0.541667 0.263426 0.00729167 0.012037
0 0.629167 0.841204 0.00729167 0.012037
0 0.55651 0.769444 0.00677083 0.0111111
0 0.474479 0.57963 0.00833333 0.012963
0 0.472396 0.374074 0.009375 0.012963
0 0.471094 0.275926 0.00677083 0.012963
0 0.540104 0.367593 0.00729167 0.012963
0 0.546354 0.569444 0.00729167 0.012963
0 0.478385 0.674537 0.0078125 0.0138889
0 0.485938 0.876389 0.0104167 0.0157407
0 0.561719 0.868056 0.0119792 0.0157407
