0 0.521875 0.639815 0.00625 0.0111111
0 0.517448 0.722685 0.00677083 0.012037
0 0.647656 0.921296 0.00572917 0.0111111
0 0.566927 0.55463 0.00572917 0.0111111
0 0.510938 0.805556 0.00520833 0.0111111
0 0.471615 0.713889 0.0078125 0.012963
0 0.711458 0.677315 0.00729167 0.012037
0 0.695573 0.934259 0.00572917 0.0111111
0 0.574219 0.461574 0.00572917 0.012037
0 0.564062 0.73287 0.00625 0.012037
0 0.764844 0.606019 0.00572917 0.0101852
0 0.716146 0.593982 0.00625 0.012037
0 0.705729 0.762963 0.00729167 0.0111111
0 0.727865 0.423611 0.00677083 0.012037
0 0.552604 0.901852 0.00625 0.0111111
0 0.461458 0.878704 0.00520833 0.0111111
0 0.567708 0.651852 0.00729167 0.012963
0 0.600521 0.9125 0.00625 0.012037
0 0.748958 0.861574 0.00625 0.012037
0 0.515885 0.546759 0.00677083 0.012037
0 0.507292 0.888889 0.00625 0.0111111
0 0.760417 0.691204 0.00729167 0.012037
0 0.466927 0.534259 0.00572917 0.0111111
0 0.580729 0.373611 0.00833333 0.0138889
0 0.515365 0.439352 0.00677083 0.012037
0 0.77526 0.432407 0.0078125 0.012963
0 0.754427 0.774537 0.00677083 0.012037
0 0.466667 0.793981 0.00625 0.012037
0 0.678906 0.413426 0.0078125 0.0138889
0 0.522656 0.346759 0.0078125 0.012037
0 0.463281 0.431019 0.00885417 0.0138889
0 0.46875 0.335185 0.00729167 0.012963
