0 0.467448 0.46713 0.0119792 0.0194444
0 0.6375 0.658333 0.00729167 0.0111111
0 0.728906 0.743981 0.00677083 0.0101852
0 0.727865 0.656018 0.00677083 0.012037
0 0.681771 0.573148 0.00625 0.0111111
0 0.58099 0.472685 0.0078125 0.0138889
0 0.684375 0.741204 0.00729167 0.012037
0 0.632812 0.486111 0.00625 0.0111111
0 0.726302 0.483333 0.00677083 0.012963
0 0.728646 0.573611 0.00729167 0.012037
0 0.680208 0.485648 0.00625 0.012037
0 0.685677 0.824537 0.00677083 0.012037
0 0.585156 0.374074 0.00885417 0.0166667
0 0.633854 0.573611 0.00625 0.012037
0 0.68776 0.911574 0.00677083 0.012037
0 0.77474 0.486574 0.00677083 0.012037
0 0.494531 0.888889 0.0078125 0.012963
0 0.732552 0.831019 0.0078125 0.012037
0 0.683594 0.656944 0.0078125 0.012037
0 0.780469 0.914352 0.00677083 0.012037
0 0.540625 0.817593 0.00729167 0.012963
0 0.735156 0.913889 0.00677083 0.0111111
0 0.520312 0.468056 0.0104167 0.0175926
0 0.540625 0.739352 0.00729167 0.012037
0 0.542448 0.899074 0.0078125 0.012963
0 0.492708 0.740278 0.00833333 0.0138889
0 0.578906 0.567593 0.00677083 0.012963
0 0.638802 0.825 0.0078125 0.012963
0 0.589323 0.743981 0.00885417 0.0138889
0 0.635677 0.744444 0.0078125 0.012963
0 0.640885 0.907407 0.00677083 0.012963
0 0.494271 0.815278 0.00833333 0.0138889
0 0.777344 0.658333 0.00885417 0.012963
0 0.5375 0.661574 0.00833333 0.0138889
0 0.591146 0.828704 0.00833333 0.0148148
0 0.592188 0.908333 0.00729167 0.012963
0 0.780729 0.843056 0.00833333 0.0138889
0 0.775 0.575463 0.00833333 0.0138889
0 0.724479 0.39537 0.00729167 0.0148148
0 0.778385 0.750463 0.00989583 0.0138889
0 0.525521 0.358796 0.009375 0.0175926
0 0.771875 0.402315 0.00729167 0.0157407
0 0.678646 0.390741 0.00729167 0.0166667
0 0.634375 0.396296 0.00833333 0.0166667
