0 0.435937 0.846759 0.00729167 0.012037
0 0.43724 0.63287 0.00677083 0.012037
0 0.382292 0.53287 0.00625 0.012037
0 0.320312 0.737037 0.00625 0.0111111
0 0.436979 0.531944 0.00625 0.012037
0 0.492188 0.424074 0.00729167 0.012963
0 0.323177 0.636111 0.00572917 0.0111111
0 0.436458 0.734722 0.00729167 0.012037
0 0.433333 0.425 0.00625 0.0111111
0 0.667708 0.736111 0.00625 0.0111111
0 0.314583 0.420833 0.00625 0.0138889
0 0.669531 0.424074 0.00677083 0.0111111
0 0.373437 0.421296 0.00625 0.012963
0 0.660937 0.531018 0.00625 0.012037
0 0.609635 0.425 0.00677083 0.012963
0 0.604688 0.531944 0.00625 0.012037
0 0.367188 0.303241 0.00729167 0.012037
0 0.615365 0.300926 0.0078125 0.012963
0 0.491927 0.305556 0.00677083 0.0111111
0 0.554167 0.304167 0.00729167 0.012037
0 0.36901 0.200926 0.00677083 0.0111111
0 0.6125 0.846296 0.00729167 0.012963
0 0.306771 0.306481 0.00729167 0.012963
0 0.663021 0.632407 0.00729167 0.012963
0 0.613021 0.199537 0.00729167 0.012037
0 0.608073 0.633796 0.0078125 0.0138889
0 0.552083 0.2 0.00625 0.0111111
0 0.428906 0.2 0.00677083 0.0111111
0 0.428385 0.30463 0.0078125 0.012963
0 0.308854 0.206019 0.00729167 0.012037
0 0.491146 0.200926 0.00729167 0.0111111
0 0.673177 0.200463 0.0078125 0.012037
0 0.670573 0.846759 0.0078125 0.0138889
0 0.610937 0.736574 0.0114583 0.0194444
0 0.678385 0.306019 0.0161458 0.0212963
