0 0.491667 0.436574 0.0197917 0.0287037
0 0.461979 0.866667 0.009375 0.0148148
0 0.458854 0.634722 0.00729167 0.0138889
0 0.497656 0.544444 0.0078125 0.0148148
0 0.460938 0.788889 0.00833333 0.0148148
0 0.603125 0.469907 0.0125 0.0194444
0 0.510417 0.876389 0.00833333 0.0175926
0 0.547917 0.342593 0.009375 0.0166667
0 0.558854 0.728704 0.00833333 0.012963
0 0.510417 0.724074 0.00833333 0.012963
0 0.548437 0.457407 0.0177083 0.0259259
0 0.559375 0.887037 0.00729167 0.012963
0 0.511979 0.798148 0.0104167 0.0166667
0 0.509375 0.641204 0.00729167 0.0138889
0 0.605729 0.659722 0.00833333 0.0138889
0 0.460417 0.713426 0.00729167 0.0138889
0 0.560417 0.807407 0.009375 0.012963
0 0.552604 0.5625 0.00729167 0.0157407
0 0.447656 0.534259 0.0119792 0.0222222
0 0.603125 0.353704 0.0114583 0.0240741
0 0.660937 0.490741 0.00833333 0.0166667
0 0.557552 0.650463 0.0109375 0.0175926
0 0.768229 0.506019 0.009375 0.0212963
0 0.60625 0.577778 0.00833333 0.0185185
0 0.713281 0.386111 0.00989583 0.0222222
0 0.609896 0.818981 0.009375 0.0138889
0 0.610417 0.896759 0.00833333 0.012037
0 0.656771 0.907407 0.009375 0.012963
0 0.757031 0.62037 0.0078125 0.0166667
0 0.657292 0.828241 0.009375 0.0138889
0 0.703646 0.7625 0.00729167 0.0138889
0 0.65651 0.750926 0.00989583 0.0148148
0 0.703906 0.840278 0.0078125 0.012037
0 0.608333 0.741667 0.0125 0.0166667
0 0.766406 0.397222 0.00885417 0.0166667
0 0.715104 0.493981 0.0145833 0.0268519
0 0.659635 0.372685 0.00989583 0.0231481
0 0.703125 0.918056 0.00833333 0.012037
0 0.658073 0.587963 0.0078125 0.0148148
0 0.655469 0.672222 0.0119792 0.0166667
0 0.750781 0.851389 0.0078125 0.0138889
0 0.708854 0.601852 0.00729167 0.012963
0 0.702604 0.686111 0.00833333 0.0148148
0 0.750781 0.777315 0.0078125 0.0157407
0 0.752083 0.928241 0.00833333 0.0138889
0 0.749479 0.706019 0.009375 0.0175926
