0 0.589063 0.383796 0.00625 0.012037
0 0.640104 0.384722 0.00520833 0.0101852
0 0.644792 0.65 0.00625 0.0111111
0 0.589063 0.293519 0.00729167 0.012963
0 0.314844 0.496296 0.00572917 0.0111111
0 0.438542 0.677315 0.00520833 0.0101852
0 0.642969 0.466667 0.00677083 0.0111111
0 0.311719 0.188426 0.00572917 0.012037
0 0.436198 0.485648 0.00572917 0.0101852
0 0.43776 0.583333 0.00572917 0.0111111
0 0.313281 0.39537 0.00572917 0.012963
0 0.591146 0.471296 0.00729167 0.0111111
0 0.3125 0.087037 0.00520833 0.0111111
0 0.316146 0.601852 0.00520833 0.0111111
0 0.585156 0.120833 0.00677083 0.012037
0 0.638021 0.294907 0.00729167 0.012037
0 0.59401 0.650463 0.00572917 0.012037
0 0.636979 0.206481 0.00729167 0.012963
0 0.635417 0.118056 0.00729167 0.012037
