0 0.578906 0.444444 0.00572917 0.0111111
0 0.671615 0.726389 0.00677083 0.012037
0 0.763802 0.659259 0.00677083 0.012963
0 0.516406 0.736574 0.00885417 0.012037
0 0.51901 0.647685 0.0078125 0.012037
0 0.459115 0.646759 0.00677083 0.012037
0 0.713802 0.727315 0.0078125 0.0138889
0 0.629427 0.57037 0.00677083 0.0111111
0 0.461198 0.549537 0.00677083 0.012037
0 0.668229 0.803241 0.00625 0.0138889
0 0.75625 0.795833 0.00729167 0.0138889
0 0.582812 0.562037 0.00625 0.0111111
0 0.716146 0.650926 0.00833333 0.012963
0 0.788802 0.466667 0.00885417 0.0148148
0 0.58776 0.652315 0.0078125 0.0138889
0 0.576042 0.824074 0.00729167 0.0148148
0 0.635417 0.44537 0.00729167 0.012963
0 0.711198 0.797685 0.0078125 0.0157407
0 0.5125 0.838889 0.009375 0.0166667
0 0.446094 0.850463 0.0109375 0.0138889
0 0.728906 0.574537 0.00677083 0.012037
0 0.588802 0.739352 0.00989583 0.0138889
0 0.663281 0.882407 0.00677083 0.0148148
0 0.745833 0.338426 0.009375 0.0194444
0 0.466927 0.344444 0.00677083 0.012963
0 0.779948 0.581481 0.00677083 0.0148148
0 0.527344 0.337963 0.0078125 0.0148148
0 0.679167 0.566204 0.00729167 0.0138889
0 0.572135 0.911111 0.0078125 0.0222222
0 0.510156 0.937037 0.0109375 0.0166667
0 0.522656 0.444444 0.0078125 0.0148148
0 0.73724 0.448611 0.0078125 0.0157407
0 0.46224 0.444444 0.00989583 0.0166667
0 0.454688 0.749074 0.0135417 0.0166667
0 0.751562 0.868981 0.009375 0.0175926
0 0.522135 0.543981 0.0109375 0.0175926
0 0.789844 0.333333 0.0078125 0.0185185
0 0.625781 0.804167 0.00989583 0.0194444
0 0.68724 0.451389 0.00885417 0.0194444
0 0.709115 0.869444 0.00989583 0.0203704
0 0.639844 0.334259 0.00885417 0.0166667
0 0.633854 0.662963 0.0125 0.0185185
0 0.672656 0.647685 0.00989583 0.0194444
0 0.621354 0.894444 0.009375 0.0222222
0 0.761198 0.725463 0.0151042 0.0231481
0 0.585677 0.337037 0.00885417 0.0166667
0 0.69401 0.332407 0.0109375 0.0185185
