0 0.698698 0.73287 0.0078125 0.012037
0 0.738802 0.644444 0.00677083 0.0111111
0 0.39974 0.278241 0.00572917 0.0101852
0 0.58724 0.472685 0.00677083 0.0101852
0 0.74401 0.728241 0.0078125 0.0101852
0 0.4625 0.369907 0.00625 0.0101852
0 0.458594 0.269907 0.00572917 0.0101852
0 0.575781 0.26713 0.00885417 0.012037
0 0.702865 0.815278 0.00677083 0.0101852
0 0.415885 0.581944 0.00572917 0.0101852
0 0.741146 0.468981 0.00729167 0.0101852
0 0.555208 0.857407 0.00625 0.0111111
0 0.738802 0.272222 0.00677083 0.0111111
0 0.580469 0.365741 0.0078125 0.0111111
0 0.65599 0.821296 0.00677083 0.0111111
0 0.735156 0.560185 0.0078125 0.0111111
0 0.409375 0.477315 0.00625 0.0101852
0 0.608594 0.82963 0.00677083 0.0111111
0 0.748177 0.813426 0.0078125 0.012037
0 0.745052 0.364815 0.0078125 0.0111111
0 0.421615 0.685648 0.00677083 0.0101852
0 0.404167 0.373611 0.00625 0.0101852
0 0.48776 0.784259 0.00885417 0.0111111
0 0.428646 0.787963 0.00729167 0.0111111
