0 0.790625 0.977315 0.00729167 0.0138889
0 0.732552 0.973611 0.0078125 0.0138889
0 0.445052 0.645833 0.00677083 0.012037
0 0.502344 0.648611 0.00677083 0.012037
0 0.49401 0.536111 0.00677083 0.0111111
0 0.443229 0.748611 0.00625 0.012037
0 0.729427 0.551852 0.0078125 0.012963
0 0.556771 0.750926 0.00729167 0.012963
0 0.734115 0.325926 0.0078125 0.0111111
0 0.727604 0.758796 0.00729167 0.012037
0 0.673437 0.322685 0.00833333 0.012037
0 0.736198 0.427315 0.00885417 0.012037
0 0.434115 0.53287 0.00677083 0.012037
0 0.786979 0.864352 0.00729167 0.012037
0 0.725 0.660648 0.00729167 0.012037
0 0.488021 0.41713 0.00833333 0.012037
0 0.67474 0.427315 0.00885417 0.012037
0 0.548177 0.422685 0.00885417 0.012037
0 0.780469 0.6625 0.00677083 0.012037
0 0.548958 0.318056 0.00833333 0.012037
0 0.789844 0.553241 0.0078125 0.012037
0 0.730469 0.8625 0.00885417 0.0138889
0 0.611979 0.425463 0.00729167 0.012037
0 0.489583 0.315278 0.00833333 0.012037
0 0.427344 0.416204 0.0078125 0.0138889
0 0.61224 0.321296 0.00885417 0.0111111
0 0.782812 0.760185 0.00833333 0.012963
0 0.79401 0.328241 0.00885417 0.012037
0 0.80026 0.435185 0.0151042 0.0203704
0 0.429427 0.316204 0.00885417 0.012037
