0 0.582031 0.661574 0.00677083 0.012037
0 0.557552 0.355093 0.00989583 0.0175926
0 0.70026 0.922685 0.00677083 0.012037
0 0.596094 0.473148 0.00989583 0.0166667
0 0.732552 0.581481 0.00677083 0.0111111
0 0.51901 0.810185 0.0078125 0.012963
0 0.633594 0.658796 0.0078125 0.012037
0 0.669531 0.747685 0.00885417 0.012037
0 0.740625 0.492593 0.00729167 0.0111111
0 0.715365 0.750926 0.0078125 0.0111111
0 0.653906 0.915278 0.00677083 0.012037
0 0.695052 0.491204 0.00677083 0.012037
0 0.574479 0.740278 0.00833333 0.012037
0 0.533073 0.560648 0.00885417 0.0157407
0 0.723177 0.664352 0.0078125 0.012037
0 0.501823 0.4625 0.0182292 0.0287037
0 0.527344 0.732407 0.0078125 0.012963
0 0.615885 0.825 0.0078125 0.0111111
0 0.707552 0.8375 0.0078125 0.012037
0 0.648177 0.489352 0.00677083 0.012037
0 0.686458 0.578241 0.00729167 0.012037
0 0.678906 0.662037 0.00885417 0.012963
0 0.788021 0.498611 0.00833333 0.012037
0 0.478646 0.731019 0.009375 0.0157407
0 0.585677 0.564815 0.00677083 0.012963
0 0.566927 0.823148 0.0078125 0.012963
0 0.66276 0.82963 0.00885417 0.012963
0 0.608333 0.908333 0.00729167 0.012963
0 0.639844 0.575 0.0078125 0.012963
0 0.472135 0.805093 0.00885417 0.0138889
0 0.464583 0.878704 0.00833333 0.012963
0 0.745833 0.926389 0.00833333 0.012037
0 0.510938 0.891204 0.00729167 0.012037
0 0.591146 0.402778 0.0114583 0.0203704
0 0.559115 0.90463 0.0078125 0.012963
0 0.622135 0.744444 0.00885417 0.012963
0 0.533073 0.653704 0.00989583 0.0185185
0 0.753646 0.854167 0.00833333 0.0138889
0 0.777865 0.5875 0.00885417 0.0138889
0 0.771094 0.672222 0.00885417 0.0148148
0 0.748958 0.404167 0.00729167 0.0157407
0 0.76224 0.760648 0.00989583 0.0157407
0 0.704427 0.397685 0.0078125 0.0175926
0 0.794792 0.414352 0.00833333 0.0175926
0 0.659115 0.398148 0.00885417 0.0185185
