0 0.504948 0.737963 0.0078125 0.0111111
0 0.553385 0.735648 0.00677083 0.0101852
0 0.552865 0.815278 0.00885417 0.012037
0 0.507552 0.656018 0.0078125 0.012037
0 0.601302 0.821296 0.0078125 0.0111111
0 0.55599 0.659259 0.00885417 0.012963
0 0.501042 0.451852 0.0177083 0.0240741
0 0.604427 0.661111 0.00885417 0.012963
0 0.547656 0.897685 0.0078125 0.0138889
0 0.597917 0.901389 0.00729167 0.012037
0 0.454427 0.733333 0.0078125 0.012963
0 0.554688 0.571296 0.00729167 0.012963
0 0.449479 0.332407 0.00833333 0.0148148
0 0.649479 0.825 0.00833333 0.0111111
0 0.777083 0.380093 0.00833333 0.0157407
0 0.503646 0.8125 0.0104167 0.0138889
0 0.645052 0.906944 0.0078125 0.012037
0 0.651563 0.748148 0.0104167 0.012963
0 0.696354 0.831019 0.00833333 0.012037
0 0.457552 0.655093 0.0078125 0.012037
0 0.453125 0.810648 0.00833333 0.0138889
0 0.450781 0.888426 0.00885417 0.0138889
0 0.689844 0.910185 0.0078125 0.012963
0 0.501042 0.558796 0.00729167 0.0138889
0 0.603125 0.743519 0.0104167 0.012963
0 0.700781 0.675926 0.0078125 0.012963
0 0.498698 0.891204 0.00885417 0.0138889
0 0.698698 0.753241 0.00885417 0.012037
0 0.613802 0.356019 0.00989583 0.0194444
0 0.608333 0.577778 0.00729167 0.0148148
0 0.504948 0.337037 0.0078125 0.0148148
0 0.739583 0.9125 0.00833333 0.012037
0 0.741927 0.836574 0.0078125 0.012037
0 0.554948 0.463426 0.0140625 0.0212963
0 0.44974 0.555556 0.00989583 0.0185185
0 0.610417 0.47037 0.0104167 0.0166667
0 0.710417 0.590278 0.00729167 0.012037
0 0.653646 0.668056 0.009375 0.0138889
0 0.666406 0.485185 0.0078125 0.0148148
0 0.559896 0.350463 0.00833333 0.0157407
0 0.745573 0.761574 0.00885417 0.0138889
0 0.660417 0.583796 0.00833333 0.0138889
0 0.758073 0.602315 0.0078125 0.0157407
0 0.747396 0.690741 0.009375 0.0166667
0 0.725781 0.375 0.00885417 0.0203704
0 0.670052 0.365278 0.00885417 0.0194444
0 0.774219 0.488889 0.00885417 0.0185185
0 0.442708 0.44213 0.0135417 0.0231481
0 0.721354 0.480556 0.0135417 0.0240741
