0 0.53776 0.593982 0.00677083 0.012037
0 0.546615 0.6875 0.00677083 0.012037
0 0.694792 0.625926 0.00729167 0.012963
0 0.602083 0.659722 0.00625 0.012037
0 0.646875 0.643981 0.00729167 0.012037
0 0.484375 0.718518 0.00729167 0.0111111
0 0.59349 0.575463 0.00677083 0.012037
0 0.653385 0.728704 0.0078125 0.0111111
0 0.6875 0.54213 0.00729167 0.012037
0 0.529427 0.500926 0.00677083 0.0111111
0 0.476562 0.619907 0.00729167 0.012037
0 0.4 0.433796 0.00729167 0.012037
0 0.449219 0.316667 0.0078125 0.012963
0 0.515885 0.394907 0.0078125 0.012037
0 0.553125 0.781018 0.00729167 0.012037
0 0.607813 0.743056 0.00729167 0.012037
0 0.584375 0.48287 0.00625 0.012037
0 0.640365 0.559722 0.0078125 0.012037
0 0.738542 0.609259 0.00833333 0.012963
0 0.467969 0.515741 0.0078125 0.012963
0 0.457812 0.415741 0.00729167 0.012963
0 0.613542 0.832407 0.00729167 0.012963
0 0.701042 0.709722 0.00833333 0.012037
0 0.685156 0.34537 0.0078125 0.0111111
0 0.561458 0.876389 0.00729167 0.012037
0 0.425 0.741667 0.00729167 0.012963
0 0.416927 0.639352 0.00677083 0.012037
0 0.661719 0.813426 0.0078125 0.012037
0 0.49349 0.823611 0.00885417 0.012037
0 0.677604 0.250926 0.00833333 0.0111111
0 0.636458 0.46713 0.00833333 0.012037
0 0.63151 0.361574 0.0078125 0.012037
0 0.622396 0.265278 0.00729167 0.012037
0 0.434375 0.842593 0.00729167 0.012963
0 0.394531 0.339815 0.00885417 0.012963
0 0.57474 0.377315 0.0078125 0.0138889
0 0.707552 0.793056 0.0078125 0.012037
0 0.506771 0.296296 0.00833333 0.012963
0 0.688021 0.451389 0.00833333 0.012037
0 0.747135 0.692593 0.00885417 0.012963
0 0.408073 0.537037 0.00677083 0.012963
0 0.730208 0.238426 0.009375 0.012037
0 0.734115 0.527778 0.0078125 0.012963
0 0.73724 0.436111 0.00885417 0.012963
0 0.566927 0.280556 0.00885417 0.012963
0 0.739062 0.330556 0.009375 0.012963
0 0.753646 0.778241 0.0104167 0.0157407
