0 0.43724 0.893056 0.00989583 0.012037
0 0.669531 0.740741 0.00677083 0.0111111
0 0.582552 0.431481 0.00677083 0.0111111
0 0.443229 0.803241 0.0135417 0.0138889
0 0.638281 0.446296 0.00677083 0.012963
0 0.748958 0.369907 0.009375 0.0194444
0 0.664844 0.818056 0.00677083 0.0138889
0 0.752344 0.835648 0.0078125 0.0138889
0 0.519531 0.618056 0.0078125 0.0138889
0 0.459635 0.603704 0.0078125 0.012963
0 0.710677 0.753241 0.0078125 0.012037
0 0.779427 0.625 0.00677083 0.012963
0 0.513802 0.711111 0.00885417 0.0148148
0 0.715365 0.678704 0.00885417 0.012963
0 0.463802 0.506481 0.0078125 0.012963
0 0.728125 0.603241 0.00729167 0.012037
0 0.583854 0.552315 0.00729167 0.012037
0 0.630469 0.573611 0.00677083 0.012037
0 0.509375 0.812963 0.009375 0.0185185
0 0.761719 0.698148 0.0078125 0.0148148
0 0.659375 0.895833 0.00729167 0.0157407
0 0.739583 0.476389 0.00729167 0.0157407
0 0.453906 0.706019 0.0140625 0.0175926
0 0.679688 0.582407 0.00729167 0.012963
0 0.790625 0.510648 0.009375 0.0157407
0 0.472135 0.299537 0.0078125 0.0138889
0 0.527865 0.41713 0.0078125 0.0157407
0 0.586979 0.644444 0.00729167 0.012963
0 0.746354 0.907407 0.00833333 0.0166667
0 0.533073 0.308796 0.0078125 0.0138889
0 0.58724 0.731944 0.00989583 0.0138889
0 0.70625 0.825463 0.00833333 0.0157407
0 0.572656 0.815278 0.0078125 0.0157407
0 0.792969 0.376852 0.0078125 0.0185185
0 0.590625 0.325 0.009375 0.0166667
0 0.632031 0.668519 0.0119792 0.0185185
0 0.689844 0.469444 0.00885417 0.0185185
0 0.566927 0.901389 0.00677083 0.0194444
0 0.623698 0.808796 0.00885417 0.0175926
0 0.645573 0.336111 0.0078125 0.0166667
0 0.504167 0.912037 0.0135417 0.0185185
0 0.616146 0.899074 0.00833333 0.0222222
0 0.523438 0.516204 0.009375 0.0175926
0 0.672135 0.664352 0.00989583 0.0194444
0 0.703646 0.894444 0.009375 0.0203704
0 0.758073 0.765278 0.0140625 0.0231481
0 0.465625 0.4 0.0104167 0.0203704
0 0.698177 0.350926 0.0109375 0.0203704
