0 0.5375 0.484722 0.00625 0.0101852
0 0.477865 0.59537 0.00572917 0.0111111
0 0.475 0.488889 0.00625 0.0111111
0 0.642708 0.266667 0.00729167 0.0111111
0 0.479688 0.694907 0.00729167 0.0101852
0 0.644531 0.562963 0.00677083 0.0111111
0 0.690885 0.556481 0.00677083 0.0111111
0 0.594531 0.570833 0.00677083 0.012037
0 0.60026 0.740741 0.0078125 0.012963
0 0.7375 0.63287 0.00729167 0.012037
0 0.649479 0.819907 0.00729167 0.012037
0 0.417188 0.603241 0.00520833 0.0101852
0 0.692448 0.640741 0.00677083 0.0111111
0 0.545313 0.768056 0.00833333 0.012037
0 0.469792 0.286111 0.00625 0.0111111
0 0.601042 0.830556 0.00729167 0.0111111
0 0.470833 0.386111 0.00729167 0.0111111
0 0.740885 0.71713 0.0078125 0.012037
0 0.645573 0.47037 0.00677083 0.0111111
0 0.698698 0.2625 0.0078125 0.0101852
0 0.413021 0.39537 0.00625 0.0111111
0 0.591927 0.477315 0.00677083 0.012037
0 0.422656 0.809259 0.00677083 0.0111111
0 0.410937 0.3 0.00729167 0.0111111
0 0.742708 0.803241 0.00833333 0.012037
0 0.528646 0.277315 0.00729167 0.0101852
0 0.415104 0.5 0.00625 0.0111111
0 0.646875 0.733796 0.00729167 0.012037
0 0.547656 0.865278 0.00677083 0.012037
0 0.695312 0.725463 0.00729167 0.012037
0 0.645833 0.363426 0.00729167 0.012037
0 0.48151 0.799537 0.0078125 0.0101852
0 0.751302 0.259722 0.0078125 0.0101852
0 0.530208 0.377778 0.00729167 0.0111111
0 0.700781 0.358796 0.0078125 0.012037
0 0.73724 0.547685 0.0078125 0.012037
0 0.419531 0.706944 0.00677083 0.012037
0 0.747396 0.458333 0.00729167 0.0111111
0 0.697135 0.465741 0.0078125 0.0111111
0 0.589063 0.369907 0.00833333 0.012037
0 0.5875 0.271296 0.009375 0.012963
0 0.753906 0.353704 0.00885417 0.012963
