0 0.594271 0.648148 0.00625 0.0111111
0 0.47474 0.643519 0.00677083 0.0111111
0 0.527865 0.7375 0.0078125 0.012037
0 0.51875 0.837037 0.00729167 0.0111111
0 0.686198 0.665278 0.00677083 0.012037
0 0.46224 0.227778 0.00677083 0.0111111
0 0.519792 0.235185 0.00625 0.0111111
0 0.558594 0.456481 0.00677083 0.0111111
0 0.601823 0.562037 0.00677083 0.0111111
0 0.630208 0.74213 0.00729167 0.012037
0 0.622135 0.827315 0.00677083 0.0101852
0 0.450521 0.323611 0.00625 0.012037
0 0.663281 0.481019 0.00677083 0.012037
0 0.650781 0.571759 0.00677083 0.012037
0 0.548698 0.551389 0.00677083 0.012037
0 0.564844 0.347222 0.00677083 0.0111111
0 0.463542 0.747222 0.00833333 0.0111111
0 0.584375 0.732407 0.00729167 0.012963
0 0.498437 0.4375 0.00729167 0.012037
0 0.40599 0.736111 0.00677083 0.0111111
0 0.611719 0.468519 0.00677083 0.0111111
0 0.507812 0.334259 0.00729167 0.0111111
0 0.678385 0.750926 0.0078125 0.012963
0 0.697396 0.58287 0.00729167 0.012037
0 0.427604 0.530556 0.00625 0.0111111
0 0.689583 0.278704 0.00729167 0.0111111
0 0.667969 0.833796 0.0078125 0.012037
0 0.438281 0.428241 0.00677083 0.012037
0 0.573958 0.822685 0.00729167 0.012037
0 0.732031 0.390278 0.0078125 0.012037
0 0.415104 0.634722 0.00625 0.012037
0 0.741146 0.591204 0.00729167 0.0138889
0 0.741667 0.294444 0.00729167 0.0111111
0 0.722656 0.758333 0.0078125 0.012963
0 0.679167 0.374537 0.00833333 0.012037
0 0.576302 0.247685 0.0078125 0.012037
0 0.792969 0.30787 0.0078125 0.012037
0 0.713802 0.494444 0.0078125 0.012963
0 0.73125 0.673148 0.00729167 0.0148148
0 0.623177 0.360185 0.0078125 0.012963
0 0.71276 0.844907 0.0078125 0.012037
0 0.761979 0.503704 0.00729167 0.012963
0 0.635156 0.262963 0.00885417 0.012963
0 0.784115 0.402778 0.00885417 0.012963
