0 0.63125 0.912963 0.00520833 0.00925926
0 0.536979 0.934722 0.00520833 0.0101852
0 0.582812 0.923611 0.00520833 0.0101852
0 0.576823 0.756944 0.0078125 0.012037
0 0.766667 0.648148 0.00833333 0.012963
0 0.723177 0.802778 0.00572917 0.0111111
0 0.623698 0.742593 0.00677083 0.0111111
0 0.571875 0.678704 0.00729167 0.012963
0 0.626562 0.828241 0.00520833 0.0101852
0 0.615885 0.574537 0.00572917 0.012037
0 0.678646 0.899074 0.00520833 0.00925926
0 0.6125 0.490278 0.00729167 0.012037
0 0.768229 0.706944 0.00729167 0.012037
0 0.532031 0.853241 0.00572917 0.0101852
0 0.66849 0.646296 0.00677083 0.0111111
0 0.726823 0.887037 0.00572917 0.0111111
0 0.661198 0.476389 0.00572917 0.0101852
0 0.490625 0.947685 0.00520833 0.0101852
0 0.578906 0.841204 0.00572917 0.012037
0 0.764583 0.621296 0.00729167 0.012963
0 0.526042 0.686111 0.00729167 0.012963
0 0.486979 0.862037 0.00625 0.0111111
0 0.607813 0.404167 0.00729167 0.012037
0 0.772656 0.793056 0.0078125 0.012037
0 0.665625 0.5625 0.00729167 0.012037
0 0.715885 0.63287 0.0078125 0.012037
0 0.484635 0.77963 0.0078125 0.012963
0 0.530208 0.767593 0.00729167 0.012963
0 0.561719 0.58287 0.00677083 0.012037
0 0.709375 0.4625 0.00729167 0.012037
0 0.48125 0.699074 0.00729167 0.012963
0 0.511198 0.597685 0.00677083 0.012037
0 0.71276 0.549537 0.0078125 0.0138889
0 0.461198 0.610185 0.00677083 0.012963
0 0.559375 0.489352 0.00729167 0.012037
0 0.761458 0.5375 0.00729167 0.012037
0 0.556771 0.400463 0.00729167 0.012037
0 0.758333 0.449537 0.00729167 0.012037
0 0.498958 0.494907 0.00729167 0.012037
0 0.657031 0.391204 0.00885417 0.0138889
0 0.753125 0.365741 0.00729167 0.0148148
0 0.442448 0.417593 0.0078125 0.0148148
0 0.446354 0.512037 0.009375 0.0148148
0 0.706771 0.378241 0.00833333 0.0138889
0 0.495573 0.401852 0.00885417 0.012963
