0 0.357552 0.652315 0.0078125 0.0101852
0 0.589323 0.159722 0.00677083 0.0101852
0 0.476562 0.351852 0.00729167 0.0111111
0 0.420573 0.731019 0.00677083 0.0101852
0 0.417969 0.239815 0.00885417 0.0111111
0 0.41901 0.140278 0.0078125 0.0101852
0 0.522917 0.705093 0.00729167 0.0101852
0 0.617448 0.536111 0.0078125 0.0111111
0 0.359896 0.340741 0.00625 0.0111111
0 0.588542 0.254167 0.00729167 0.0101852
0 0.534115 0.152315 0.00677083 0.0101852
0 0.569531 0.703241 0.00677083 0.0101852
0 0.534375 0.249537 0.00729167 0.0101852
0 0.47526 0.708333 0.00677083 0.0111111
0 0.616667 0.618981 0.00833333 0.0101852
0 0.476562 0.447222 0.00833333 0.0148148
0 0.297917 0.443981 0.00625 0.0101852
0 0.619792 0.453241 0.00729167 0.012037
0 0.297917 0.548148 0.00625 0.0111111
0 0.303906 0.139815 0.00677083 0.0111111
0 0.641146 0.166204 0.00729167 0.0101852
0 0.360417 0.1375 0.00625 0.0101852
0 0.299479 0.650926 0.00729167 0.0111111
0 0.300781 0.234722 0.00677083 0.0101852
0 0.359896 0.237037 0.00729167 0.0111111
0 0.476302 0.243519 0.0078125 0.0111111
0 0.615365 0.706944 0.00885417 0.012037
0 0.299479 0.340278 0.00729167 0.012037
0 0.477865 0.146296 0.00885417 0.0111111
0 0.630729 0.3625 0.00729167 0.012037
0 0.642448 0.259722 0.00885417 0.012037
