0 0.428403 0.156034 0.007737 0.015983
0 0.493230 0.190268 0.008155 0.015240
0 0.366610 0.598619 0.015491 0.021591
0 0.331910 0.806192 0.008573 0.014497
0 0.347990 0.701788 0.013464 0.018730
0 0.405026 0.847695 0.016837 0.026957
0 0.420412 0.741874 0.013665 0.023547
0 0.474871 0.861169 0.009082 0.021349
0 0.529414 0.877453 0.012455 0.029575
0 0.575898 0.890892 0.007318 0.016727
0 0.625820 0.907625 0.013091 0.023272
0 0.670832 0.936535 0.010909 0.019393
0 0.488917 0.766028 0.006855 0.013673
0 0.545208 0.778844 0.013665 0.023547
0 0.589888 0.805975 0.009037 0.017552
0 0.635827 0.828862 0.011219 0.021430
0 0.684895 0.857048 0.009455 0.016807
0 0.559120 0.694428 0.006809 0.009873
0 0.602001 0.723382 0.007273 0.012928
0 0.647450 0.751425 0.011482 0.019668
0 0.698262 0.782080 0.018556 0.027782
0 0.612397 0.636176 0.013246 0.024291
0 0.659641 0.668330 0.012473 0.019199
0 0.708702 0.708383 0.007891 0.017001
0 0.568504 0.625613 0.015537 0.025390
0 0.513432 0.679755 0.012318 0.018181
0 0.520677 0.583464 0.009300 0.015789
0 0.433418 0.627882 0.010338 0.019119
0 0.449261 0.530916 0.010909 0.019393
0 0.383540 0.488693 0.009610 0.017826
0 0.399083 0.381869 0.007582 0.014965
0 0.464037 0.417245 0.013246 0.024291
0 0.410497 0.264407 0.013400 0.025309
0 0.477219 0.306036 0.011218 0.021430
0 0.774724 0.364435 0.010074 0.020881
0 0.728552 0.343054 0.012409 0.025777
0 0.671381 0.298515 0.014809 0.024096
0 0.614666 0.262833 0.010338 0.019119
0 0.556077 0.229474 0.011637 0.020687
0 0.536731 0.345238 0.006700 0.012654
0 0.596679 0.383574 0.008882 0.016533
0 0.651796 0.427653 0.010956 0.023192
0 0.705717 0.453884 0.009765 0.018845
0 0.758106 0.511741 0.012055 0.019943
0 0.527026 0.479182 0.007164 0.015709
0 0.575933 0.520239 0.009146 0.014771
0 0.629391 0.549482 0.009191 0.018570
0 0.680634 0.591136 0.007582 0.014965
0 0.735060 0.633798 0.008464 0.017276
