0 0.584896 0.660185 0.00729167 0.0111111
0 0.474219 0.446296 0.0119792 0.0203704
0 0.527344 0.448611 0.00885417 0.0157407
0 0.636458 0.658333 0.00729167 0.0111111
0 0.677344 0.918056 0.00677083 0.012037
0 0.726823 0.67037 0.0078125 0.0111111
0 0.679167 0.75 0.00833333 0.012963
0 0.586458 0.472222 0.009375 0.0166667
0 0.730469 0.499537 0.00677083 0.012037
0 0.725 0.75787 0.00833333 0.012037
0 0.723958 0.928241 0.00729167 0.012037
0 0.635677 0.575463 0.00677083 0.012037
0 0.594271 0.372685 0.0104167 0.0212963
0 0.485417 0.794444 0.00729167 0.012963
0 0.729688 0.588426 0.00729167 0.012037
0 0.539062 0.352315 0.0104167 0.0175926
0 0.529688 0.556019 0.009375 0.0157407
0 0.638281 0.490741 0.00677083 0.012963
0 0.479167 0.630093 0.009375 0.0175926
0 0.684115 0.58287 0.00677083 0.012037
0 0.770312 0.934259 0.00833333 0.012963
0 0.686198 0.495833 0.00677083 0.012037
0 0.632031 0.824537 0.0078125 0.012037
0 0.535937 0.648611 0.00833333 0.0138889
0 0.678125 0.832407 0.00833333 0.012963
0 0.629948 0.90787 0.00677083 0.012037
0 0.532812 0.804167 0.00729167 0.012037
0 0.72474 0.84537 0.0078125 0.012963
0 0.58099 0.561574 0.0078125 0.0138889
0 0.775781 0.681019 0.00989583 0.0138889
0 0.535417 0.725 0.00729167 0.012963
0 0.682031 0.665278 0.0078125 0.012037
0 0.486719 0.72037 0.00989583 0.0166667
0 0.779688 0.510185 0.00729167 0.0111111
0 0.580208 0.901389 0.00729167 0.0138889
0 0.777083 0.598148 0.00833333 0.012963
0 0.53125 0.884259 0.00833333 0.012963
0 0.772396 0.863889 0.00833333 0.012963
0 0.582552 0.819907 0.0078125 0.0138889
0 0.63151 0.744444 0.00885417 0.012963
0 0.483594 0.866667 0.0078125 0.012963
0 0.583333 0.737037 0.00833333 0.012963
0 0.780729 0.425463 0.00833333 0.0138889
0 0.774219 0.771296 0.00989583 0.0148148
0 0.733073 0.412963 0.0078125 0.0166667
0 0.642187 0.4 0.00833333 0.0166667
0 0.688021 0.400463 0.00833333 0.0175926
