0 0.756372 0.304342 0.007197 0.014981
0 0.693178 0.279037 0.007606 0.014253
0 0.691536 0.725700 0.014542 0.020037
0 0.665908 0.928075 0.008015 0.013526
0 0.679946 0.827428 0.012640 0.017382
0 0.593873 0.901954 0.015761 0.025117
0 0.608863 0.800698 0.012770 0.021981
0 0.531948 0.855122 0.008416 0.020060
0 0.482073 0.823365 0.011537 0.027794
0 0.439684 0.795936 0.006787 0.015709
0 0.393554 0.768399 0.012226 0.021741
0 0.348322 0.755126 0.010188 0.018117
0 0.545248 0.763908 0.006382 0.012805
0 0.494825 0.727800 0.012770 0.021981
0 0.450340 0.713317 0.008420 0.016429
0 0.405919 0.694238 0.010458 0.020052
0 0.357488 0.676985 0.008830 0.015701
0 0.505415 0.645664 0.006387 0.009174
0 0.461953 0.634200 0.006792 0.012078
0 0.416585 0.619840 0.010732 0.018357
0 0.366047 0.603200 0.017394 0.025837
0 0.476215 0.552657 0.012361 0.022709
0 0.428266 0.540239 0.011686 0.017869
0 0.376717 0.532913 0.007332 0.015949
0 0.515682 0.580337 0.014537 0.023669
0 0.547463 0.671402 0.011551 0.016901
0 0.566752 0.584884 0.008695 0.014734
0 0.627995 0.694594 0.009644 0.017877
0 0.640272 0.600361 0.010187 0.018117
0 0.706317 0.619731 0.008965 0.016669
0 0.721441 0.517508 0.007062 0.014013
0 0.657839 0.493051 0.012361 0.022709
0 0.742815 0.409824 0.012496 0.023676
0 0.676090 0.389126 0.010458 0.020053
0 0.412058 0.190487 0.009370 0.019573
0 0.456277 0.211018 0.011542 0.024163
0 0.515784 0.221341 0.013858 0.022461
0 0.572578 0.238687 0.009644 0.017877
0 0.630330 0.259535 0.010867 0.019325
0 0.616032 0.372395 0.006247 0.011837
0 0.555836 0.354578 0.008285 0.015461
0 0.498166 0.345579 0.010184 0.021749
0 0.446194 0.322656 0.009100 0.017637
0 0.387178 0.327444 0.011276 0.018597
0 0.588891 0.492433 0.006652 0.014741
0 0.537207 0.486074 0.008560 0.013766
0 0.484828 0.466054 0.008555 0.017397
0 0.431036 0.458250 0.007062 0.014013
0 0.374316 0.448643 0.007876 0.016189
