0 0.445573 0.900463 0.0078125 0.0138889
0 0.671875 0.742593 0.00729167 0.0111111
0 0.578646 0.433333 0.00625 0.0111111
0 0.51901 0.62037 0.0078125 0.012963
0 0.789323 0.505093 0.00989583 0.0175926
0 0.668229 0.819444 0.00625 0.012963
0 0.713542 0.752778 0.00833333 0.012963
0 0.458854 0.606481 0.00833333 0.012963
0 0.756771 0.834259 0.00833333 0.0148148
0 0.445573 0.806944 0.0119792 0.0138889
0 0.465104 0.302778 0.00729167 0.012963
0 0.516406 0.713889 0.00885417 0.0148148
0 0.745052 0.367593 0.00989583 0.0203704
0 0.763281 0.698148 0.0078125 0.0148148
0 0.716927 0.678704 0.00885417 0.012963
0 0.633854 0.445833 0.00625 0.012037
0 0.752604 0.906482 0.00833333 0.0148148
0 0.664323 0.897222 0.00677083 0.0148148
0 0.582552 0.552315 0.00677083 0.012037
0 0.728646 0.602315 0.00729167 0.012037
0 0.779688 0.623611 0.00729167 0.0138889
0 0.460417 0.508333 0.00729167 0.012963
0 0.629427 0.573611 0.00677083 0.012037
0 0.710938 0.825 0.00833333 0.0148148
0 0.513021 0.814815 0.009375 0.0166667
0 0.526823 0.311111 0.0078125 0.0148148
0 0.576823 0.81713 0.0078125 0.0157407
0 0.589323 0.73287 0.00989583 0.0138889
0 0.736979 0.475 0.00729167 0.0166667
0 0.58724 0.645833 0.0078125 0.012037
0 0.522917 0.41713 0.00833333 0.0157407
0 0.678906 0.58287 0.0078125 0.0138889
0 0.453906 0.706019 0.0130208 0.0175926
0 0.510417 0.9125 0.0114583 0.0175926
0 0.461719 0.403241 0.00989583 0.0194444
0 0.572917 0.903704 0.00729167 0.0185185
0 0.709375 0.895833 0.009375 0.0194444
0 0.632812 0.670833 0.0135417 0.0212963
0 0.622135 0.900463 0.00885417 0.0194444
0 0.584115 0.324537 0.00885417 0.0175926
0 0.788542 0.374074 0.009375 0.0185185
0 0.639583 0.336574 0.00833333 0.0157407
0 0.521615 0.518056 0.00989583 0.0194444
0 0.627865 0.809259 0.00989583 0.0185185
0 0.691927 0.349537 0.00989583 0.0194444
0 0.686979 0.468981 0.00833333 0.0194444
0 0.672917 0.663426 0.0104167 0.0194444
0 0.760938 0.764352 0.0135417 0.0212963
