0 0.768229 0.647222 0.00729167 0.012963
0 0.525521 0.740278 0.009375 0.0138889
0 0.471354 0.952778 0.00833333 0.012963
0 0.520833 0.652315 0.00833333 0.0138889
0 0.683854 0.724537 0.00729167 0.012037
0 0.61849 0.444907 0.0078125 0.0138889
0 0.775 0.7875 0.00833333 0.0138889
0 0.561458 0.449537 0.00729167 0.012037
0 0.466667 0.749074 0.0135417 0.0166667
0 0.460156 0.656482 0.0078125 0.012963
0 0.72526 0.721759 0.0078125 0.0138889
0 0.577083 0.564815 0.00729167 0.012963
0 0.498437 0.348148 0.00833333 0.0148148
0 0.778125 0.572685 0.00729167 0.0138889
0 0.724219 0.568981 0.00677083 0.012037
0 0.590365 0.655093 0.0078125 0.012037
0 0.451823 0.560648 0.0078125 0.0138889
0 0.775521 0.458796 0.009375 0.0157407
0 0.62474 0.570833 0.00677083 0.012037
0 0.601042 0.740278 0.009375 0.0138889
0 0.690625 0.877315 0.00729167 0.0157407
0 0.763281 0.326852 0.00885417 0.0166667
0 0.67474 0.563889 0.0078125 0.0148148
0 0.721354 0.646296 0.009375 0.012963
0 0.730208 0.79213 0.00833333 0.0157407
0 0.71849 0.335185 0.0109375 0.0203704
0 0.4375 0.356019 0.00729167 0.0138889
0 0.596875 0.825463 0.00729167 0.0138889
0 0.68724 0.800463 0.00677083 0.0157407
0 0.533333 0.847685 0.0125 0.0175926
0 0.505469 0.452778 0.00885417 0.0166667
0 0.721094 0.443519 0.0078125 0.0166667
0 0.645833 0.802778 0.00833333 0.0166667
0 0.467187 0.853241 0.0125 0.0157407
0 0.778125 0.859722 0.0104167 0.0175926
0 0.541146 0.944907 0.0125 0.0175926
0 0.55651 0.34213 0.00885417 0.0175926
0 0.676042 0.645833 0.0104167 0.0175926
0 0.601302 0.912037 0.0078125 0.0203704
0 0.513542 0.551852 0.0104167 0.0203704
0 0.734896 0.863426 0.0104167 0.0194444
0 0.6125 0.335185 0.00833333 0.0166667
0 0.671354 0.45 0.00833333 0.0203704
0 0.6375 0.663426 0.0125 0.0194444
0 0.442448 0.456481 0.0109375 0.0222222
0 0.665365 0.331481 0.0109375 0.0203704
0 0.649219 0.894444 0.00885417 0.0203704
0 0.773177 0.718056 0.0140625 0.0212963
