0 0.376042 0.34213 0.0135417 0.0175926
0 0.438281 0.625463 0.00677083 0.0101852
0 0.396875 0.408796 0.00729167 0.012037
0 0.43724 0.546296 0.00885417 0.012963
0 0.377344 0.23287 0.0078125 0.0138889
0 0.434115 0.458796 0.00572917 0.012037
0 0.582292 0.625463 0.00729167 0.0101852
0 0.339844 0.782407 0.0078125 0.0111111
0 0.581771 0.705093 0.00729167 0.012037
0 0.535937 0.70463 0.00729167 0.0111111
0 0.389844 0.547685 0.0078125 0.012037
0 0.486979 0.783333 0.00729167 0.0111111
0 0.540625 0.3625 0.00833333 0.0175926
0 0.390104 0.630093 0.00833333 0.012037
0 0.533594 0.783333 0.00677083 0.0111111
0 0.340365 0.70463 0.0078125 0.012963
0 0.627865 0.70463 0.0078125 0.0111111
0 0.339323 0.550463 0.0078125 0.012037
0 0.321354 0.22963 0.00833333 0.0148148
0 0.628125 0.783333 0.00729167 0.0111111
0 0.486979 0.625 0.00833333 0.0111111
0 0.436979 0.784259 0.00729167 0.0111111
0 0.485677 0.543056 0.00885417 0.012037
0 0.589063 0.462037 0.00729167 0.0111111
0 0.648958 0.248148 0.00833333 0.0166667
0 0.378385 0.450926 0.0078125 0.012963
0 0.58151 0.55 0.0078125 0.0111111
0 0.535937 0.624537 0.00833333 0.012037
0 0.340104 0.62963 0.00833333 0.012963
0 0.439583 0.704167 0.00833333 0.012037
0 0.388542 0.781944 0.00729167 0.012037
0 0.579948 0.783796 0.0078125 0.012037
0 0.390625 0.704167 0.00833333 0.0138889
0 0.430469 0.2375 0.0078125 0.0157407
0 0.488021 0.705093 0.00729167 0.012037
0 0.629167 0.630556 0.00833333 0.012963
0 0.483854 0.237963 0.009375 0.0185185
0 0.535677 0.547222 0.0109375 0.0148148
0 0.538542 0.462037 0.00833333 0.012963
0 0.596875 0.243056 0.00833333 0.0175926
0 0.541927 0.241204 0.0078125 0.0157407
0 0.486979 0.4625 0.00833333 0.0138889
0 0.486198 0.354167 0.00885417 0.0138889
0 0.43125 0.350463 0.0125 0.0194444
0 0.628385 0.559722 0.00885417 0.0157407
0 0.636719 0.47037 0.0078125 0.012963
0 0.316927 0.336574 0.0109375 0.0194444
0 0.64974 0.357407 0.00989583 0.0203704
0 0.328646 0.452315 0.0114583 0.0194444
0 0.596875 0.355093 0.0125 0.0231481
