0 0.558854 0.417593 0.0104167 0.0166667
0 0.576042 0.486111 0.00833333 0.0148148
0 0.454948 0.396296 0.00885417 0.0166667
0 0.728646 0.625 0.00625 0.0111111
0 0.725521 0.54213 0.00729167 0.012037
0 0.733073 0.7125 0.00677083 0.0101852
0 0.548437 0.838889 0.00729167 0.012963
0 0.461979 0.510185 0.0135417 0.0222222
0 0.720573 0.453704 0.00677083 0.0111111
0 0.679688 0.555556 0.00729167 0.0111111
0 0.502083 0.849074 0.00833333 0.012963
0 0.697656 0.891667 0.00677083 0.012963
0 0.521094 0.492593 0.0109375 0.0166667
0 0.588021 0.673611 0.00729167 0.0138889
0 0.738281 0.798148 0.00677083 0.0111111
0 0.769271 0.443056 0.00729167 0.012037
0 0.789583 0.868981 0.00729167 0.012037
0 0.744271 0.881481 0.00729167 0.012963
0 0.69349 0.806481 0.00677083 0.012963
0 0.639063 0.651852 0.00833333 0.012963
0 0.646354 0.818981 0.00729167 0.012037
0 0.632812 0.568981 0.00625 0.012037
0 0.598958 0.835185 0.00833333 0.012963
0 0.594271 0.752778 0.00833333 0.012963
0 0.675 0.469444 0.00625 0.0111111
0 0.553385 0.919444 0.0078125 0.012963
0 0.715365 0.368519 0.0078125 0.0148148
0 0.527083 0.593056 0.009375 0.0175926
0 0.777344 0.615278 0.0078125 0.012037
0 0.651302 0.9 0.0078125 0.012963
0 0.786979 0.796759 0.00729167 0.012037
0 0.688542 0.724074 0.009375 0.012963
0 0.685156 0.637963 0.00885417 0.012963
0 0.627865 0.48287 0.0078125 0.0138889
0 0.505208 0.922685 0.00833333 0.0138889
0 0.545313 0.759722 0.00833333 0.0138889
0 0.578646 0.579167 0.00729167 0.0138889
0 0.76224 0.361111 0.0078125 0.0148148
0 0.773177 0.53287 0.00989583 0.0157407
0 0.602083 0.915278 0.00833333 0.0138889
0 0.577083 0.383796 0.00833333 0.0175926
0 0.782292 0.70463 0.0114583 0.0148148
0 0.640885 0.739352 0.00989583 0.0138889
0 0.671094 0.375463 0.00885417 0.0175926
0 0.539062 0.681944 0.009375 0.0175926
0 0.497396 0.775926 0.0104167 0.0166667
0 0.626042 0.393519 0.00833333 0.0185185
0 0.516667 0.385185 0.009375 0.0166667
