0 0.678385 0.963426 0.00677083 0.0101852
0 0.672135 0.750463 0.00677083 0.0101852
0 0.503125 0.867593 0.00625 0.0111111
0 0.621094 0.969444 0.00677083 0.0111111
0 0.501823 0.978704 0.00677083 0.0111111
0 0.560417 0.972222 0.00729167 0.0111111
0 0.675 0.853704 0.00729167 0.0111111
0 0.611458 0.54537 0.00729167 0.0111111
0 0.670052 0.540741 0.00677083 0.0111111
0 0.670313 0.650926 0.00729167 0.0111111
0 0.552604 0.551852 0.00729167 0.0111111
0 0.73724 0.958333 0.00677083 0.0111111
0 0.503385 0.766667 0.00677083 0.0111111
0 0.558333 0.660185 0.00625 0.0111111
0 0.66875 0.318519 0.00729167 0.0111111
0 0.618229 0.856481 0.00833333 0.0111111
0 0.614062 0.650463 0.00833333 0.012037
0 0.729688 0.312037 0.00729167 0.0111111
0 0.492969 0.553704 0.00677083 0.0111111
0 0.728385 0.540741 0.00677083 0.012963
0 0.559896 0.860648 0.00729167 0.012037
0 0.44349 0.986574 0.0078125 0.012037
0 0.725 0.647685 0.00625 0.012037
0 0.502604 0.665741 0.00729167 0.0111111
0 0.733854 0.413889 0.00833333 0.012963
0 0.608333 0.324074 0.00729167 0.0111111
0 0.796615 0.956481 0.00885417 0.012963
0 0.546615 0.433333 0.0078125 0.0111111
0 0.78151 0.642593 0.00677083 0.0111111
0 0.42526 0.344907 0.0078125 0.012037
0 0.788802 0.53287 0.00677083 0.012037
0 0.545052 0.327315 0.00677083 0.0101852
0 0.444792 0.770833 0.00625 0.012037
0 0.672135 0.422685 0.0078125 0.012037
0 0.559115 0.760648 0.00677083 0.012037
0 0.729167 0.746759 0.00729167 0.012037
0 0.791146 0.843518 0.00729167 0.012963
0 0.485156 0.435648 0.0078125 0.012037
0 0.485417 0.333796 0.00729167 0.0101852
0 0.609635 0.428241 0.0078125 0.012037
0 0.789844 0.308796 0.0078125 0.012037
0 0.44375 0.874074 0.00729167 0.012963
0 0.734115 0.848148 0.00885417 0.0148148
0 0.784896 0.738889 0.009375 0.012963
0 0.445052 0.670833 0.0078125 0.0138889
0 0.433854 0.559259 0.00729167 0.012963
0 0.424219 0.443981 0.00885417 0.0157407
0 0.796615 0.414352 0.0130208 0.0212963
