0 0.485417 0.487037 0.0135417 0.0222222
0 0.547917 0.372222 0.0114583 0.0185185
0 0.582552 0.666667 0.00572917 0.0111111
0 0.73151 0.560185 0.00572917 0.00925926
0 0.53125 0.581019 0.00833333 0.0138889
0 0.736198 0.47037 0.00677083 0.0111111
0 0.529948 0.747222 0.00677083 0.0111111
0 0.533854 0.47037 0.0104167 0.0185185
0 0.725 0.642593 0.00729167 0.0111111
0 0.522656 0.828241 0.0078125 0.012037
0 0.633333 0.655093 0.00729167 0.012037
0 0.685677 0.56713 0.00677083 0.0101852
0 0.71875 0.730556 0.00729167 0.0111111
0 0.691667 0.477778 0.00625 0.0111111
0 0.667969 0.818981 0.0078125 0.012037
0 0.674219 0.735185 0.0078125 0.0111111
0 0.577865 0.747222 0.0078125 0.0111111
0 0.476302 0.831481 0.0078125 0.012963
0 0.74349 0.383796 0.00677083 0.012037
0 0.785417 0.46713 0.00625 0.0101852
0 0.638281 0.572685 0.00677083 0.012037
0 0.709635 0.902778 0.00677083 0.0111111
0 0.754948 0.896759 0.00885417 0.012037
0 0.573698 0.830093 0.0078125 0.012037
0 0.470833 0.904167 0.00729167 0.012037
0 0.620833 0.823148 0.00729167 0.0111111
0 0.680208 0.65 0.00833333 0.0111111
0 0.517969 0.908333 0.00677083 0.012963
0 0.480469 0.756481 0.00885417 0.0148148
0 0.533333 0.67037 0.00833333 0.0148148
0 0.644792 0.485648 0.00729167 0.012037
0 0.713542 0.81713 0.00729167 0.012037
0 0.773958 0.641204 0.00833333 0.012037
0 0.616406 0.906018 0.00677083 0.012037
0 0.584115 0.572222 0.00677083 0.012963
0 0.661719 0.905556 0.00677083 0.012963
0 0.566927 0.912037 0.00677083 0.012963
0 0.592448 0.476852 0.00989583 0.0166667
0 0.652344 0.393981 0.0078125 0.0157407
0 0.697396 0.383796 0.00729167 0.0138889
0 0.790104 0.38287 0.00833333 0.0138889
0 0.778125 0.557407 0.009375 0.012963
0 0.761979 0.824537 0.00833333 0.0138889
0 0.625 0.74213 0.009375 0.0138889
0 0.767187 0.73287 0.0104167 0.0138889
