0 0.595052 0.367593 0.00572917 0.0111111
0 0.40651 0.79213 0.00572917 0.0101852
0 0.497396 0.283333 0.00625 0.0111111
0 0.643229 0.456481 0.00625 0.00925926
0 0.643229 0.368981 0.00625 0.0101852
0 0.446354 0.264815 0.00729167 0.0111111
0 0.359635 0.791204 0.00572917 0.0101852
0 0.595312 0.796296 0.00625 0.0111111
0 0.358333 0.549537 0.00729167 0.0138889
0 0.392188 0.450926 0.00520833 0.0111111
0 0.385156 0.343981 0.00572917 0.0101852
0 0.358594 0.706481 0.00572917 0.0111111
0 0.359115 0.624074 0.00885417 0.012963
0 0.546354 0.283796 0.00729167 0.012037
0 0.343229 0.45 0.00625 0.0111111
0 0.332292 0.348611 0.00729167 0.012037
0 0.595052 0.283333 0.00677083 0.012963
0 0.642187 0.282407 0.00729167 0.012963
0 0.385938 0.250463 0.00729167 0.012037
0 0.331771 0.250463 0.00729167 0.012037
