0 0.79974 0.318981 0.0078125 0.012037
0 0.659896 0.562963 0.00625 0.0111111
0 0.751042 0.486574 0.009375 0.0157407
0 0.747396 0.575926 0.00729167 0.0111111
0 0.705469 0.393056 0.00677083 0.012037
0 0.558594 0.246296 0.0078125 0.012963
0 0.659635 0.472222 0.00677083 0.0111111
0 0.799219 0.406944 0.00677083 0.012037
0 0.480469 0.440741 0.00989583 0.0148148
0 0.485417 0.340741 0.0114583 0.0166667
0 0.704427 0.569907 0.00677083 0.012037
0 0.798437 0.581944 0.00833333 0.012037
0 0.749219 0.6625 0.0078125 0.012037
0 0.669531 0.3 0.0078125 0.012963
0 0.747396 0.756944 0.00833333 0.012037
0 0.8 0.496296 0.0104167 0.0166667
0 0.475521 0.54213 0.0104167 0.0157407
0 0.659375 0.653704 0.00729167 0.0148148
0 0.797135 0.767593 0.00989583 0.0148148
0 0.663802 0.831944 0.00989583 0.0157407
0 0.796875 0.671759 0.009375 0.0138889
0 0.746354 0.84537 0.00833333 0.0148148
0 0.709635 0.30463 0.0078125 0.012963
0 0.605469 0.558333 0.0078125 0.012963
0 0.55 0.753241 0.00729167 0.012037
0 0.660417 0.389815 0.00729167 0.012963
0 0.609635 0.356019 0.00989583 0.0175926
0 0.703646 0.749537 0.0104167 0.0175926
0 0.795052 0.856481 0.00989583 0.0166667
0 0.605208 0.459722 0.00833333 0.0138889
0 0.609896 0.651852 0.0104167 0.0166667
0 0.660677 0.741667 0.00989583 0.0185185
0 0.55026 0.648611 0.0119792 0.0138889
0 0.476042 0.743056 0.00729167 0.012037
0 0.704948 0.659259 0.00885417 0.0148148
0 0.703906 0.843518 0.00989583 0.0166667
0 0.548177 0.55 0.00989583 0.0148148
0 0.547917 0.446759 0.00833333 0.0138889
0 0.475 0.638426 0.009375 0.0138889
0 0.619271 0.269444 0.00833333 0.0148148
0 0.608594 0.749537 0.00989583 0.0157407
0 0.620052 0.841667 0.00885417 0.0166667
0 0.54974 0.348148 0.00989583 0.0148148
0 0.486458 0.242593 0.00833333 0.0148148
0 0.551042 0.85 0.0135417 0.0185185
0 0.475521 0.841204 0.0135417 0.0194444
