0 0.546615 0.794444 0.00572917 0.0111111
0 0.499219 0.797222 0.00572917 0.0111111
0 0.446094 0.356019 0.00677083 0.012037
0 0.497656 0.369444 0.00677083 0.0111111
0 0.594792 0.368056 0.00625 0.0101852
0 0.40599 0.79213 0.00572917 0.0101852
0 0.644271 0.626852 0.00625 0.0111111
0 0.546354 0.369907 0.00625 0.0101852
0 0.497135 0.282407 0.00677083 0.0111111
0 0.644792 0.714815 0.00625 0.0111111
0 0.359635 0.79213 0.00572917 0.0101852
0 0.596094 0.539815 0.0078125 0.0111111
0 0.644531 0.540741 0.0078125 0.0111111
0 0.358594 0.546296 0.0078125 0.0148148
0 0.446354 0.265741 0.00729167 0.0111111
0 0.358854 0.625463 0.00833333 0.012037
0 0.643229 0.456944 0.00625 0.0101852
0 0.64375 0.368981 0.00625 0.0101852
0 0.358854 0.707407 0.00625 0.0111111
0 0.392188 0.450463 0.00625 0.012037
0 0.343229 0.45 0.00625 0.0111111
0 0.595833 0.796759 0.00729167 0.012037
0 0.384896 0.344444 0.00625 0.0111111
0 0.546354 0.283796 0.00729167 0.012037
0 0.332292 0.349074 0.00729167 0.012963
0 0.594792 0.28287 0.00729167 0.012037
0 0.331771 0.251389 0.00729167 0.012037
0 0.385938 0.250926 0.00729167 0.012963
0 0.64349 0.281944 0.0078125 0.0138889
