0 0.640625 0.387037 0.00625 0.0111111
0 0.43724 0.58287 0.00572917 0.0101852
0 0.535937 0.125 0.00729167 0.0111111
0 0.584115 0.122222 0.00677083 0.0111111
0 0.489323 0.2125 0.00677083 0.0101852
0 0.4375 0.680093 0.00625 0.0101852
0 0.642708 0.468519 0.00729167 0.0111111
0 0.644531 0.650463 0.00677083 0.0101852
0 0.43151 0.197685 0.00677083 0.0101852
0 0.310937 0.0907407 0.00729167 0.0111111
0 0.638802 0.296296 0.0078125 0.0111111
0 0.319531 0.706481 0.0078125 0.0111111
0 0.593229 0.651852 0.00625 0.0111111
0 0.591406 0.473148 0.0078125 0.0111111
0 0.634896 0.12037 0.00729167 0.0111111
0 0.311979 0.291667 0.00625 0.0111111
0 0.369792 0.187037 0.00729167 0.0111111
0 0.316667 0.603241 0.00729167 0.012037
0 0.314063 0.496759 0.00729167 0.012037
0 0.31276 0.398148 0.00677083 0.0111111
0 0.636458 0.208796 0.00833333 0.012037
0 0.310937 0.190741 0.00625 0.0111111
