0 0.647089 0.863054 0.007413 0.012494
0 0.662343 0.765769 0.006642 0.013863
0 0.668781 0.650446 0.008669 0.014726
0 0.674035 0.537952 0.009296 0.015842
0 0.690099 0.438632 0.006906 0.012278
0 0.705850 0.339654 0.008426 0.012925
0 0.721315 0.234842 0.009175 0.014942
0 0.589055 0.842617 0.007798 0.011809
0 0.602465 0.743118 0.009945 0.013572
0 0.613249 0.625363 0.007777 0.015195
0 0.619455 0.513751 0.006785 0.011377
0 0.632815 0.416611 0.006278 0.011162
0 0.649821 0.316264 0.004516 0.008713
0 0.664719 0.211686 0.007413 0.012494
0 0.530109 0.817032 0.007170 0.010693
0 0.544401 0.716958 0.007798 0.011809
0 0.556753 0.597489 0.008526 0.017212
0 0.564550 0.487982 0.007920 0.012710
0 0.578680 0.393075 0.007656 0.014295
0 0.593053 0.296367 0.008932 0.013141
0 0.608102 0.184713 0.007920 0.012709
0 0.469765 0.789899 0.006785 0.011377
0 0.482790 0.689285 0.007149 0.014079
0 0.498263 0.574479 0.006785 0.011377
0 0.509830 0.472766 0.009053 0.014041
0 0.521953 0.368911 0.007941 0.009323
0 0.536882 0.270060 0.006521 0.012963
0 0.549926 0.161360 0.005023 0.008929
0 0.409381 0.767034 0.008305 0.012025
0 0.422081 0.664853 0.006278 0.011162
0 0.441282 0.550207 0.007292 0.011593
0 0.454986 0.446549 0.004516 0.008713
0 0.468071 0.345484 0.005529 0.009145
0 0.479071 0.244006 0.005650 0.010045
0 0.494779 0.137393 0.003888 0.007597
0 0.350617 0.740098 0.006785 0.011377
0 0.361516 0.643339 0.009175 0.014942
0 0.384665 0.523233 0.008526 0.017212
0 0.401985 0.422544 0.005123 0.013216
0 0.411910 0.321085 0.008405 0.016312
0 0.423609 0.220381 0.012436 0.021424
0 0.436977 0.113248 0.007534 0.013394
0 0.292501 0.716295 0.009560 0.014257
0 0.301018 0.611380 0.015090 0.023403
0 0.326368 0.500781 0.005387 0.011631
0 0.347669 0.400359 0.007920 0.012710
0 0.359185 0.301006 0.008548 0.013826
0 0.367024 0.199134 0.007413 0.012494
0 0.378730 0.088436 0.006764 0.014764
