0 0.465365 0.491667 0.0109375 0.0203704
0 0.504167 0.678241 0.0114583 0.0194444
0 0.527083 0.581019 0.009375 0.0157407
0 0.729167 0.637963 0.00729167 0.0111111
0 0.722135 0.465741 0.00677083 0.0111111
0 0.677604 0.474537 0.00625 0.012037
0 0.731771 0.726852 0.00729167 0.0111111
0 0.498958 0.836111 0.00729167 0.012963
0 0.58776 0.668056 0.00677083 0.012037
0 0.726823 0.556019 0.0078125 0.0101852
0 0.638542 0.654167 0.00729167 0.012037
0 0.579687 0.378704 0.00833333 0.0166667
0 0.629167 0.484722 0.00625 0.012037
0 0.545052 0.831019 0.00677083 0.012037
0 0.680208 0.562963 0.00729167 0.0111111
0 0.785677 0.889352 0.0078125 0.012037
0 0.461458 0.375926 0.00833333 0.0166667
0 0.495833 0.762037 0.00833333 0.0148148
0 0.538802 0.673148 0.00885417 0.0148148
0 0.736458 0.813426 0.00729167 0.012037
0 0.69401 0.901852 0.00677083 0.012963
0 0.633594 0.572685 0.00572917 0.012037
0 0.719531 0.378704 0.00677083 0.012963
0 0.596615 0.832407 0.0078125 0.012963
0 0.542969 0.751389 0.0078125 0.0138889
0 0.644271 0.822222 0.00729167 0.012963
0 0.690885 0.814815 0.0078125 0.012963
0 0.577865 0.479167 0.0078125 0.0138889
0 0.777083 0.634722 0.00729167 0.012037
0 0.591927 0.750463 0.0078125 0.012037
0 0.501042 0.90787 0.00729167 0.012037
0 0.771354 0.461574 0.00729167 0.012037
0 0.597917 0.912037 0.00729167 0.012963
0 0.647656 0.90463 0.00677083 0.012963
0 0.578646 0.573148 0.00729167 0.012963
0 0.686979 0.73287 0.00833333 0.012037
0 0.684375 0.646759 0.00833333 0.012037
0 0.741406 0.897222 0.00677083 0.012963
0 0.521875 0.377315 0.009375 0.0175926
0 0.766406 0.378241 0.0078125 0.0138889
0 0.785156 0.81713 0.0078125 0.0138889
0 0.548437 0.911111 0.00729167 0.012963
0 0.774219 0.550926 0.00989583 0.0148148
0 0.628646 0.394444 0.00729167 0.0166667
0 0.639583 0.74213 0.009375 0.0138889
0 0.673698 0.381019 0.0078125 0.0138889
0 0.78099 0.724537 0.0119792 0.0157407
