0 0.764063 0.411574 0.00625 0.0101852
0 0.757292 0.500463 0.00833333 0.0138889
0 0.507812 0.225926 0.009375 0.0148148
0 0.819271 0.337037 0.00729167 0.012963
0 0.579167 0.237037 0.00729167 0.012963
0 0.652604 0.835185 0.009375 0.0148148
0 0.708073 0.576389 0.00677083 0.0101852
0 0.491927 0.424537 0.0078125 0.012037
0 0.66849 0.474074 0.00677083 0.0111111
0 0.664583 0.564815 0.00625 0.0111111
0 0.8125 0.423148 0.00625 0.0111111
0 0.470313 0.725926 0.00729167 0.0111111
0 0.740885 0.76713 0.0078125 0.012037
0 0.729948 0.3125 0.0078125 0.0138889
0 0.801302 0.597685 0.00677083 0.012037
0 0.719531 0.401852 0.0078125 0.012963
0 0.751823 0.587963 0.00677083 0.0111111
0 0.734115 0.856481 0.0078125 0.012963
0 0.690104 0.30463 0.00729167 0.012963
0 0.48099 0.524537 0.00989583 0.0138889
0 0.658854 0.657407 0.00625 0.012963
0 0.747917 0.674537 0.00729167 0.012037
0 0.794792 0.688426 0.00833333 0.012037
0 0.54375 0.743981 0.00833333 0.012037
0 0.475 0.622685 0.009375 0.0138889
0 0.641146 0.270833 0.00833333 0.0138889
0 0.690885 0.850463 0.00885417 0.0157407
0 0.781771 0.871296 0.009375 0.0148148
0 0.609375 0.65 0.009375 0.0148148
0 0.62474 0.359259 0.00885417 0.0166667
0 0.790104 0.78287 0.0114583 0.0157407
0 0.809635 0.513426 0.00989583 0.0157407
0 0.608333 0.840741 0.00833333 0.0148148
0 0.675521 0.393981 0.00729167 0.012037
0 0.654167 0.74537 0.0114583 0.0185185
0 0.703125 0.666667 0.00833333 0.012963
0 0.602083 0.747685 0.009375 0.0157407
0 0.696615 0.756019 0.00885417 0.0157407
0 0.559896 0.438889 0.00729167 0.012963
0 0.548698 0.639352 0.0119792 0.0157407
0 0.615625 0.456944 0.00833333 0.0138889
0 0.464323 0.825 0.0130208 0.0185185
0 0.554427 0.542593 0.00989583 0.0166667
0 0.502083 0.323148 0.0114583 0.0166667
0 0.568229 0.338426 0.009375 0.0157407
0 0.610156 0.555556 0.0109375 0.0166667
0 0.538542 0.841667 0.0135417 0.0185185
