0 0.792708 0.47037 0.00833333 0.012963
0 0.484896 0.762963 0.00625 0.012963
0 0.784896 0.293056 0.00729167 0.012037
0 0.694271 0.289815 0.00729167 0.012963
0 0.547396 0.561574 0.00833333 0.0138889
0 0.469271 0.258796 0.00833333 0.0138889
0 0.489844 0.863889 0.00989583 0.0148148
0 0.47474 0.45787 0.0078125 0.012037
0 0.654427 0.291667 0.00677083 0.012963
0 0.479688 0.658796 0.00729167 0.0138889
0 0.474219 0.560185 0.0078125 0.012963
0 0.472396 0.360648 0.009375 0.0157407
0 0.538542 0.357407 0.00833333 0.012963
