0 0.563281 0.749537 0.0078125 0.0101852
0 0.519531 0.835648 0.00885417 0.0138889
0 0.514323 0.762037 0.00885417 0.012963
0 0.510156 0.678241 0.0078125 0.012037
0 0.428385 0.368981 0.0078125 0.0138889
0 0.567969 0.828704 0.00885417 0.0111111
0 0.75599 0.348611 0.0078125 0.0157407
0 0.608333 0.664352 0.00833333 0.012037
0 0.551562 0.584722 0.00729167 0.012037
0 0.54375 0.478704 0.015625 0.0203704
0 0.472135 0.918981 0.0078125 0.012037
0 0.466146 0.765741 0.00833333 0.012963
0 0.61875 0.905093 0.00833333 0.012037
0 0.495833 0.584722 0.00729167 0.0138889
0 0.710938 0.813889 0.00729167 0.0111111
0 0.559635 0.671296 0.00885417 0.012963
0 0.469792 0.84213 0.00833333 0.0138889
0 0.461719 0.687037 0.0078125 0.012963
0 0.617188 0.824537 0.009375 0.012037
0 0.666406 0.9 0.0078125 0.012963
0 0.521354 0.913426 0.00833333 0.0138889
0 0.71224 0.894907 0.0078125 0.012037
0 0.65625 0.477315 0.00833333 0.0157407
0 0.704167 0.660185 0.00729167 0.0111111
0 0.708073 0.573611 0.00677083 0.012037
0 0.664844 0.818981 0.00885417 0.012037
0 0.657292 0.575463 0.00729167 0.012037
0 0.488542 0.475926 0.01875 0.0240741
0 0.596354 0.358333 0.0104167 0.0222222
0 0.483854 0.362037 0.00729167 0.012963
0 0.539583 0.363889 0.00833333 0.0166667
0 0.754427 0.735185 0.0078125 0.0148148
0 0.569271 0.909722 0.00833333 0.0138889
0 0.708333 0.736574 0.00729167 0.012037
0 0.446354 0.591204 0.0114583 0.0212963
0 0.760417 0.887963 0.00833333 0.012963
0 0.751302 0.666204 0.0078125 0.0157407
0 0.658073 0.662963 0.0109375 0.0148148
0 0.75651 0.576852 0.00677083 0.0148148
0 0.604167 0.582407 0.00833333 0.0148148
0 0.613021 0.747685 0.0104167 0.0138889
0 0.758073 0.810185 0.00885417 0.0148148
0 0.661719 0.741204 0.0109375 0.0138889
0 0.598698 0.475 0.0109375 0.0166667
0 0.705469 0.353241 0.00885417 0.0194444
0 0.76224 0.459259 0.00885417 0.0185185
0 0.43099 0.47963 0.0119792 0.0222222
0 0.650781 0.35787 0.00885417 0.0194444
0 0.709896 0.461111 0.0135417 0.0240741
