0 0.444531 0.650463 0.00677083 0.0138889
0 0.788021 0.862963 0.00729167 0.012963
0 0.443229 0.753704 0.00625 0.012963
0 0.780729 0.661574 0.00625 0.012037
0 0.673958 0.429167 0.00729167 0.012037
0 0.557552 0.75463 0.00677083 0.0111111
0 0.611719 0.322685 0.00677083 0.0101852
0 0.735417 0.427778 0.00833333 0.012963
0 0.728906 0.551389 0.0078125 0.0138889
0 0.725 0.661111 0.00625 0.012963
0 0.549219 0.320833 0.00572917 0.0101852
0 0.611979 0.428241 0.00625 0.012037
0 0.728385 0.758796 0.0078125 0.0138889
0 0.548437 0.426389 0.00729167 0.012037
0 0.672396 0.324537 0.00833333 0.012037
0 0.48776 0.421759 0.00677083 0.012037
0 0.789844 0.553241 0.0078125 0.012037
0 0.434896 0.537963 0.00625 0.012963
0 0.733594 0.325463 0.0078125 0.012037
0 0.73125 0.862037 0.0104167 0.0166667
0 0.426302 0.422222 0.00677083 0.0148148
0 0.489062 0.319907 0.00625 0.012037
0 0.783333 0.758796 0.00833333 0.012037
0 0.79349 0.328704 0.0078125 0.012963
0 0.429167 0.322222 0.00729167 0.012963
0 0.798177 0.433796 0.0130208 0.0194444
