0 0.521615 0.75 0.00572917 0.0111111
0 0.516406 0.833796 0.00572917 0.0101852
0 0.611198 0.914352 0.00572917 0.0101852
0 0.623958 0.403704 0.00833333 0.0111111
0 0.513542 0.574074 0.00625 0.0111111
0 0.708854 0.823611 0.00625 0.0101852
0 0.707031 0.911574 0.00572917 0.0101852
0 0.671615 0.399074 0.0078125 0.0111111
0 0.715625 0.57037 0.00625 0.0111111
0 0.473437 0.751852 0.00625 0.012963
0 0.515104 0.917593 0.00625 0.0111111
0 0.470313 0.918056 0.00625 0.0101852
0 0.509115 0.468981 0.00677083 0.0101852
0 0.767969 0.47963 0.00677083 0.0111111
0 0.464063 0.576389 0.00729167 0.012037
0 0.758854 0.825926 0.00729167 0.0111111
0 0.754687 0.909722 0.00625 0.0101852
0 0.471615 0.833796 0.00677083 0.012037
0 0.765365 0.568519 0.00677083 0.0111111
0 0.5125 0.375463 0.00729167 0.012037
0 0.714063 0.653704 0.00729167 0.0111111
0 0.760156 0.738889 0.00677083 0.0111111
0 0.76276 0.651389 0.0078125 0.012037
0 0.458854 0.380093 0.00729167 0.012037
0 0.721875 0.396296 0.00833333 0.012963
0 0.455729 0.475463 0.00729167 0.012037
0 0.770052 0.393519 0.0078125 0.012963
