0 0.553125 0.798611 0.00520833 0.0101852
0 0.764323 0.412963 0.00572917 0.0111111
0 0.711198 0.67963 0.00572917 0.0111111
0 0.714323 0.325 0.00572917 0.0111111
0 0.715104 0.4125 0.00729167 0.012037
0 0.500781 0.203241 0.00677083 0.0101852
0 0.657812 0.771759 0.00520833 0.0101852
0 0.764323 0.324074 0.00677083 0.0111111
0 0.761198 0.766204 0.00572917 0.012037
0 0.436458 0.413889 0.00625 0.0111111
0 0.708854 0.767593 0.00625 0.0111111
0 0.764063 0.676852 0.00625 0.012963
0 0.442187 0.211111 0.00625 0.00925926
0 0.433073 0.725926 0.00572917 0.0111111
0 0.434375 0.82963 0.00625 0.0111111
0 0.438802 0.312037 0.00572917 0.012963
0 0.435156 0.518981 0.00677083 0.012037
0 0.434635 0.62037 0.00677083 0.0111111
