0 0.684896 0.731944 0.00625 0.0101852
0 0.476042 0.92963 0.009375 0.012963
0 0.521094 0.636574 0.0078125 0.0138889
0 0.727344 0.735185 0.00885417 0.012963
0 0.614844 0.44537 0.00677083 0.012963
0 0.461198 0.634722 0.00885417 0.0138889
0 0.557552 0.441204 0.00677083 0.012037
0 0.590625 0.651389 0.00729167 0.012037
0 0.723698 0.584722 0.00677083 0.012037
0 0.472396 0.835185 0.0114583 0.0148148
0 0.711979 0.347222 0.009375 0.0185185
0 0.691406 0.809722 0.00677083 0.0138889
0 0.721354 0.661111 0.00729167 0.012963
0 0.575781 0.559259 0.00677083 0.012963
0 0.492188 0.328241 0.00729167 0.012037
0 0.46875 0.736111 0.0125 0.0148148
0 0.501823 0.435185 0.00885417 0.0148148
0 0.696094 0.887963 0.00677083 0.0148148
0 0.603646 0.737037 0.00833333 0.012963
0 0.528646 0.72963 0.00833333 0.0148148
0 0.776823 0.594907 0.0078125 0.0138889
0 0.716667 0.455556 0.00729167 0.0148148
0 0.451823 0.536111 0.00677083 0.0148148
0 0.624479 0.572222 0.00625 0.012963
0 0.783333 0.883333 0.00833333 0.0148148
0 0.779688 0.809722 0.00833333 0.0138889
0 0.432031 0.328704 0.00677083 0.012963
0 0.757292 0.345833 0.00729167 0.0157407
0 0.733594 0.805556 0.0078125 0.0166667
0 0.771094 0.480093 0.00885417 0.0157407
0 0.538542 0.829167 0.0114583 0.0175926
0 0.673177 0.572222 0.0078125 0.012963
0 0.547656 0.931944 0.00989583 0.0175926
0 0.55026 0.332407 0.0078125 0.0166667
0 0.677083 0.653704 0.009375 0.0166667
0 0.601042 0.823148 0.00729167 0.0148148
0 0.667708 0.457407 0.00833333 0.0185185
0 0.439323 0.430093 0.00989583 0.0194444
0 0.639583 0.6625 0.0125 0.0175926
0 0.64974 0.80787 0.00885417 0.0175926
0 0.739844 0.880556 0.00885417 0.0185185
0 0.605208 0.334259 0.00729167 0.0148148
0 0.511719 0.536111 0.00989583 0.0185185
0 0.608333 0.910185 0.00729167 0.0203704
0 0.654427 0.899074 0.00885417 0.0203704
0 0.77474 0.738426 0.0140625 0.0194444
0 0.659635 0.336574 0.00885417 0.0194444
