0 0.531771 0.581481 0.00833333 0.0148148
0 0.533594 0.477778 0.00885417 0.0185185
0 0.732031 0.556019 0.00572917 0.0101852
0 0.582292 0.668519 0.00625 0.0111111
0 0.725 0.638889 0.00729167 0.0111111
0 0.668229 0.816667 0.00625 0.0111111
0 0.673958 0.73287 0.00729167 0.012037
0 0.736458 0.466204 0.00625 0.0101852
0 0.64349 0.484722 0.00677083 0.012037
0 0.633594 0.65463 0.00677083 0.0111111
0 0.6375 0.571296 0.00625 0.0111111
0 0.530208 0.75 0.00625 0.0111111
0 0.523698 0.830093 0.00677083 0.012037
0 0.545833 0.375 0.009375 0.0166667
0 0.685156 0.563426 0.00572917 0.0101852
0 0.679688 0.647685 0.00625 0.0101852
0 0.719271 0.727315 0.00729167 0.012037
0 0.773438 0.636111 0.00729167 0.0111111
0 0.690885 0.475926 0.00572917 0.0111111
0 0.477344 0.835648 0.0078125 0.0138889
0 0.710677 0.898611 0.00677083 0.012037
0 0.663021 0.903704 0.00625 0.012963
0 0.785156 0.4625 0.00677083 0.0101852
0 0.621094 0.822685 0.00677083 0.012037
0 0.485417 0.489815 0.0135417 0.0222222
0 0.755469 0.89213 0.0078125 0.012037
0 0.715104 0.814815 0.00729167 0.0111111
0 0.577604 0.749074 0.00833333 0.012963
0 0.74375 0.37963 0.00625 0.012963
0 0.471354 0.907407 0.00729167 0.012963
0 0.573958 0.832407 0.00833333 0.012963
0 0.51849 0.910648 0.00677083 0.012037
0 0.48151 0.761111 0.00989583 0.0166667
0 0.533854 0.673148 0.00833333 0.0148148
0 0.616927 0.905556 0.00677083 0.012963
0 0.566927 0.9125 0.00677083 0.0138889
0 0.76224 0.82037 0.0078125 0.012963
0 0.486458 0.377778 0.00833333 0.0148148
0 0.789583 0.378704 0.00729167 0.012963
0 0.778385 0.551852 0.00885417 0.012963
0 0.625 0.741667 0.009375 0.0148148
0 0.583854 0.573148 0.00729167 0.0148148
0 0.697396 0.381481 0.00729167 0.0148148
0 0.767708 0.727778 0.0114583 0.0148148
0 0.652083 0.392593 0.00833333 0.0166667
0 0.585156 0.411574 0.0109375 0.0194444
