0 0.429948 0.511574 0.00572917 0.0138889
0 0.652865 0.416204 0.0078125 0.0138889
0 0.439323 0.71713 0.00572917 0.012037
0 0.425521 0.405556 0.00520833 0.012963
0 0.74349 0.241667 0.00572917 0.0111111
0 0.702865 0.415741 0.00677083 0.012963
0 0.761719 0.590278 0.00572917 0.0101852
0 0.645052 0.243519 0.00572917 0.012963
0 0.752083 0.418056 0.00625 0.012037
0 0.478125 0.194444 0.00729167 0.0111111
0 0.69375 0.24213 0.00625 0.012037
0 0.420312 0.202315 0.00520833 0.0101852
0 0.697917 0.32963 0.00625 0.0111111
0 0.422656 0.303241 0.0046875 0.012037
0 0.747917 0.32963 0.00625 0.012963
