0 0.535677 0.640278 0.0078125 0.012037
0 0.52474 0.731944 0.0078125 0.012037
0 0.472917 0.632407 0.00729167 0.0111111
0 0.617448 0.827778 0.00677083 0.0111111
0 0.556771 0.450463 0.00729167 0.012037
0 0.581771 0.72963 0.00729167 0.0111111
0 0.71875 0.766204 0.00833333 0.012037
0 0.403385 0.719907 0.00677083 0.012037
0 0.66224 0.483796 0.0078125 0.012037
0 0.514323 0.828241 0.00677083 0.012037
0 0.564844 0.342593 0.00677083 0.0111111
0 0.570052 0.818981 0.00677083 0.012037
0 0.610677 0.467593 0.00677083 0.0111111
0 0.727865 0.68287 0.0078125 0.012037
0 0.413021 0.617593 0.00625 0.0111111
0 0.664062 0.840278 0.00729167 0.012037
0 0.461979 0.735648 0.0104167 0.0138889
0 0.484635 0.533333 0.0078125 0.012963
0 0.546354 0.546296 0.00833333 0.012963
0 0.427083 0.515278 0.00729167 0.012037
0 0.497917 0.426852 0.00833333 0.012963
0 0.4375 0.4125 0.00729167 0.012037
0 0.793229 0.322685 0.00833333 0.012037
0 0.622135 0.360185 0.0078125 0.012963
0 0.713021 0.502315 0.009375 0.0157407
0 0.709375 0.852778 0.00833333 0.012963
0 0.520573 0.225926 0.0078125 0.012963
0 0.464063 0.214352 0.009375 0.012037
0 0.678125 0.381019 0.00729167 0.012037
0 0.508333 0.325463 0.00833333 0.0138889
0 0.73151 0.398148 0.0078125 0.012963
0 0.575781 0.243519 0.0078125 0.012963
0 0.688542 0.284259 0.00833333 0.012963
0 0.783854 0.416204 0.00833333 0.012037
0 0.451302 0.308333 0.0078125 0.012963
0 0.741927 0.302778 0.0078125 0.012963
0 0.761719 0.516204 0.00885417 0.0157407
0 0.634635 0.263426 0.00989583 0.0157407
