0 0.711719 0.562037 0.00677083 0.0111111
0 0.498177 0.475463 0.0078125 0.012037
0 0.721875 0.816204 0.00625 0.0101852
0 0.70651 0.389815 0.0078125 0.012963
0 0.460417 0.584722 0.00729167 0.0138889
0 0.441406 0.389352 0.0078125 0.0138889
0 0.479948 0.677315 0.00677083 0.0138889
0 0.485417 0.840741 0.00625 0.0111111
0 0.760938 0.556481 0.00625 0.0111111
0 0.771875 0.813889 0.00833333 0.012963
0 0.767448 0.726389 0.00677083 0.012037
0 0.495573 0.382407 0.0078125 0.012963
0 0.758073 0.469907 0.00677083 0.012037
0 0.445312 0.484722 0.00833333 0.0138889
0 0.483333 0.759259 0.00729167 0.012963
0 0.715365 0.645833 0.0078125 0.012037
0 0.753906 0.383796 0.00885417 0.0157407
0 0.764583 0.640278 0.00729167 0.0138889
