0 0.586198 0.665741 0.00677083 0.0111111
0 0.473437 0.481019 0.0114583 0.0194444
0 0.681771 0.480093 0.00625 0.0101852
0 0.63724 0.655093 0.0078125 0.012037
0 0.728906 0.562037 0.00677083 0.0111111
0 0.728906 0.733333 0.0078125 0.0111111
0 0.727344 0.472222 0.00677083 0.0111111
0 0.728125 0.644444 0.00729167 0.0111111
0 0.682031 0.567593 0.00677083 0.0111111
0 0.538281 0.825463 0.0078125 0.012037
0 0.732552 0.904167 0.00677083 0.012037
0 0.539062 0.747222 0.00729167 0.0111111
0 0.634896 0.572222 0.00625 0.0111111
0 0.491406 0.754167 0.0078125 0.0138889
0 0.729688 0.819907 0.00729167 0.012037
0 0.491667 0.828241 0.00729167 0.012037
0 0.579948 0.57037 0.00677083 0.012963
0 0.683594 0.737037 0.00885417 0.012963
0 0.727083 0.384259 0.00729167 0.012963
0 0.589063 0.830093 0.00729167 0.012037
0 0.777344 0.899537 0.0078125 0.012037
0 0.586979 0.747685 0.00729167 0.012037
0 0.529427 0.368519 0.00885417 0.0166667
0 0.776042 0.471296 0.00729167 0.012963
0 0.536719 0.66713 0.00885417 0.0138889
0 0.491927 0.901389 0.00677083 0.012037
0 0.634635 0.485648 0.00677083 0.012037
0 0.6375 0.822685 0.00729167 0.012037
0 0.539062 0.906018 0.00729167 0.012037
0 0.63776 0.906944 0.00677083 0.012037
0 0.683333 0.651389 0.00833333 0.012037
0 0.684115 0.819444 0.0078125 0.012963
0 0.777083 0.644907 0.00833333 0.012037
0 0.684635 0.906944 0.00677083 0.012037
0 0.582292 0.475463 0.009375 0.0157407
0 0.588802 0.9125 0.00677083 0.012037
0 0.774219 0.386574 0.0078125 0.0138889
0 0.775521 0.560185 0.009375 0.0148148
0 0.635156 0.742593 0.00885417 0.012963
0 0.778385 0.827778 0.00885417 0.012963
0 0.636198 0.394444 0.0078125 0.0148148
0 0.68099 0.384259 0.0078125 0.0148148
0 0.777083 0.734722 0.0104167 0.0138889
