0 0.575781 0.439815 0.00677083 0.0111111
0 0.51901 0.637963 0.0078125 0.012963
0 0.672917 0.734259 0.00625 0.0111111
0 0.785156 0.486111 0.00885417 0.0148148
0 0.516146 0.725 0.00729167 0.012963
0 0.458073 0.630093 0.00677083 0.012037
0 0.446354 0.924537 0.00729167 0.012037
0 0.633333 0.446759 0.00729167 0.012037
0 0.44974 0.828704 0.0119792 0.012963
0 0.581771 0.55787 0.00625 0.012037
0 0.628906 0.571759 0.00677083 0.012037
0 0.459115 0.531018 0.00677083 0.012037
0 0.727344 0.5875 0.00677083 0.012037
0 0.715885 0.663889 0.0078125 0.012963
0 0.590625 0.736111 0.009375 0.012963
0 0.715885 0.739352 0.00885417 0.0138889
0 0.58776 0.650926 0.0078125 0.012963
0 0.779427 0.6 0.00677083 0.012963
0 0.759635 0.8125 0.0078125 0.0138889
0 0.579167 0.821296 0.00729167 0.012963
0 0.667448 0.887963 0.00677083 0.0148148
0 0.671615 0.810185 0.00677083 0.012963
0 0.460938 0.326389 0.00729167 0.0138889
0 0.515885 0.828704 0.00885417 0.0148148
0 0.734375 0.458333 0.00729167 0.0148148
0 0.741667 0.353241 0.009375 0.0194444
0 0.757031 0.885185 0.00885417 0.0148148
0 0.520833 0.328241 0.00729167 0.0138889
0 0.678125 0.573611 0.00729167 0.0138889
0 0.454427 0.730556 0.0119792 0.0148148
0 0.51901 0.431481 0.00885417 0.0148148
0 0.634635 0.334722 0.0078125 0.0157407
0 0.715365 0.809722 0.00885417 0.0175926
0 0.784115 0.350926 0.0078125 0.0166667
0 0.457031 0.425926 0.00989583 0.0185185
0 0.520052 0.533796 0.00989583 0.0175926
0 0.579687 0.331944 0.00729167 0.0157407
0 0.515625 0.927778 0.0125 0.0166667
0 0.684635 0.459722 0.00885417 0.0194444
0 0.628125 0.807407 0.009375 0.0185185
0 0.634115 0.666204 0.0119792 0.0175926
0 0.688802 0.339815 0.0119792 0.0185185
0 0.577083 0.909259 0.00833333 0.0203704
0 0.673177 0.656944 0.00989583 0.0194444
0 0.763542 0.741667 0.0145833 0.0203704
0 0.626302 0.898148 0.00885417 0.0222222
0 0.713021 0.882407 0.0104167 0.0203704
