0 0.3375 0.506944 0.00729167 0.0138889
0 0.646094 0.697222 0.0078125 0.0148148
0 0.467708 0.531018 0.00729167 0.0138889
0 0.473177 0.61713 0.00885417 0.0157407
0 0.335417 0.706944 0.0125 0.0138889
0 0.45026 0.319444 0.0078125 0.012963
0 0.459115 0.438426 0.00677083 0.0138889
0 0.55599 0.771296 0.00572917 0.012963
0 0.399219 0.516667 0.0078125 0.012963
0 0.338542 0.609722 0.0125 0.0157407
0 0.557031 0.692593 0.00572917 0.012963
0 0.507292 0.45463 0.00729167 0.012963
0 0.451302 0.212037 0.00885417 0.0148148
0 0.50651 0.326389 0.00677083 0.012037
0 0.465365 0.701852 0.00677083 0.0148148
0 0.336198 0.40787 0.00677083 0.0138889
0 0.598698 0.546296 0.0078125 0.012963
0 0.514583 0.688426 0.009375 0.0175926
0 0.559375 0.341204 0.00833333 0.0175926
0 0.60625 0.469907 0.00625 0.012037
0 0.556771 0.456944 0.00729167 0.0138889
0 0.599219 0.693519 0.0078125 0.0148148
0 0.392188 0.310648 0.00729167 0.0138889
0 0.597656 0.621296 0.0078125 0.012963
0 0.64401 0.771296 0.0078125 0.0148148
0 0.465625 0.788889 0.00625 0.0166667
0 0.6 0.764352 0.00833333 0.0157407
0 0.400781 0.708333 0.00989583 0.0166667
0 0.553125 0.5375 0.0104167 0.0175926
0 0.661719 0.371296 0.00885417 0.0148148
0 0.61224 0.235185 0.00989583 0.0203704
0 0.392708 0.20463 0.00729167 0.012963
0 0.332552 0.203704 0.00677083 0.012963
0 0.658594 0.483796 0.0078125 0.0138889
0 0.396875 0.412037 0.0104167 0.0166667
0 0.514583 0.545833 0.0125 0.0175926
0 0.332552 0.304167 0.00885417 0.0175926
0 0.657552 0.235648 0.0078125 0.0157407
0 0.50625 0.21713 0.00729167 0.0138889
0 0.608854 0.342593 0.00729167 0.0148148
0 0.514063 0.77963 0.009375 0.0222222
0 0.404167 0.805093 0.0125 0.0194444
0 0.646875 0.627778 0.0135417 0.0185185
0 0.559635 0.223148 0.0119792 0.0185185
