0 0.435417 0.645833 0.00520833 0.0101852
0 0.696615 0.402315 0.0078125 0.012037
0 0.689844 0.315278 0.00677083 0.012037
0 0.752865 0.480556 0.00572917 0.0111111
0 0.767708 0.656482 0.00625 0.0111111
0 0.647396 0.410648 0.0104167 0.0157407
0 0.421354 0.440741 0.00520833 0.0111111
0 0.772917 0.74537 0.00625 0.0111111
0 0.720833 0.755093 0.00625 0.0101852
0 0.702604 0.488889 0.00625 0.0111111
0 0.415365 0.339815 0.0046875 0.0111111
0 0.746615 0.392593 0.00677083 0.0111111
0 0.760677 0.564352 0.0078125 0.012037
0 0.442448 0.750926 0.00572917 0.0111111
0 0.427344 0.545833 0.00572917 0.0138889
0 0.410156 0.237963 0.00677083 0.0111111
0 0.684115 0.227778 0.0078125 0.012963
0 0.710156 0.577778 0.00677083 0.0111111
0 0.740104 0.305556 0.00729167 0.012963
0 0.733333 0.218981 0.00729167 0.012037
