0 0.703385 0.661111 0.00885417 0.0148148
0 0.603646 0.58287 0.00833333 0.0157407
0 0.524219 0.913426 0.00885417 0.0157407
0 0.613021 0.746759 0.0114583 0.0157407
0 0.754427 0.736111 0.0078125 0.0148148
0 0.667969 0.897685 0.0078125 0.0138889
0 0.571615 0.908796 0.00885417 0.0138889
0 0.656771 0.662963 0.0125 0.0166667
0 0.471615 0.841667 0.00885417 0.0148148
0 0.618229 0.824537 0.00833333 0.012037
0 0.713542 0.893981 0.00729167 0.012037
0 0.750781 0.666667 0.00885417 0.0166667
0 0.665365 0.818519 0.00885417 0.0148148
0 0.621615 0.904167 0.0078125 0.012037
0 0.661979 0.741204 0.0104167 0.0157407
0 0.707552 0.737037 0.0078125 0.012963
0 0.76224 0.888426 0.00885417 0.0138889
0 0.5 0.487963 0.021875 0.0296296
