0 0.653385 0.752778 0.00572917 0.0111111
0 0.629427 0.488426 0.00677083 0.012037
0 0.66224 0.668056 0.00572917 0.012037
0 0.614323 0.660648 0.00572917 0.012037
0 0.677865 0.498148 0.00677083 0.0111111
0 0.598958 0.827778 0.00625 0.0111111
0 0.476302 0.638889 0.00677083 0.012963
0 0.669792 0.585185 0.00625 0.0111111
0 0.569792 0.556944 0.00625 0.0101852
0 0.544531 0.90463 0.00677083 0.0111111
0 0.504687 0.810648 0.00625 0.0101852
0 0.686458 0.92963 0.00625 0.0111111
0 0.725521 0.503704 0.00625 0.0111111
0 0.639063 0.919444 0.00625 0.0111111
0 0.453646 0.886111 0.00729167 0.0111111
0 0.646354 0.837963 0.00625 0.0111111
0 0.567187 0.653241 0.00625 0.012037
0 0.551823 0.819907 0.00677083 0.012037
0 0.498177 0.89537 0.00677083 0.0111111
0 0.560156 0.734722 0.00677083 0.012037
0 0.591406 0.913889 0.00572917 0.0111111
0 0.5875 0.375926 0.00729167 0.0111111
0 0.578646 0.464352 0.00729167 0.012037
0 0.716927 0.591667 0.00677083 0.0111111
0 0.514844 0.727778 0.00677083 0.012963
0 0.694531 0.846296 0.00677083 0.0111111
0 0.734635 0.939815 0.00677083 0.0111111
0 0.638281 0.402778 0.0078125 0.012963
0 0.701823 0.761111 0.0078125 0.012963
0 0.521354 0.643056 0.00729167 0.012037
0 0.742708 0.856944 0.00729167 0.0101852
0 0.75026 0.768981 0.0078125 0.012037
0 0.685677 0.410185 0.0078125 0.012963
0 0.765365 0.6 0.00677083 0.0111111
0 0.469271 0.719444 0.00729167 0.012963
0 0.461458 0.801389 0.00729167 0.012037
0 0.51849 0.549537 0.0078125 0.0138889
0 0.758073 0.682407 0.0078125 0.012963
0 0.710677 0.673611 0.0078125 0.012037
0 0.773438 0.5125 0.00729167 0.012037
0 0.520833 0.443981 0.00729167 0.012037
0 0.734896 0.418056 0.00729167 0.0138889
0 0.469792 0.541204 0.00729167 0.012037
0 0.78151 0.426852 0.0078125 0.012963
0 0.476823 0.342593 0.0078125 0.012963
0 0.46849 0.438426 0.0078125 0.012037
0 0.529948 0.350926 0.0078125 0.012963
