0 0.425 0.381944 0.00833333 0.0157407
0 0.565365 0.753704 0.0078125 0.0111111
0 0.463281 0.7 0.0078125 0.012963
0 0.571615 0.833333 0.00989583 0.012963
0 0.526042 0.921296 0.00833333 0.0148148
0 0.716146 0.886111 0.00729167 0.0111111
0 0.51849 0.769907 0.00885417 0.0138889
0 0.51224 0.687037 0.0078125 0.012963
0 0.609635 0.666667 0.00885417 0.012963
0 0.559896 0.676389 0.009375 0.0138889
0 0.551302 0.590278 0.0078125 0.012037
0 0.597656 0.477778 0.0109375 0.0166667
0 0.477083 0.931944 0.00833333 0.0138889
0 0.620313 0.825 0.009375 0.012963
0 0.496354 0.593982 0.00729167 0.012037
0 0.525 0.844444 0.0104167 0.0166667
0 0.65625 0.572685 0.00833333 0.0138889
0 0.623958 0.90463 0.00833333 0.012963
0 0.467708 0.778704 0.00833333 0.0148148
0 0.709375 0.728704 0.00833333 0.0111111
0 0.671094 0.89537 0.0078125 0.012963
0 0.713281 0.806944 0.0078125 0.012037
0 0.472656 0.854167 0.00885417 0.0138889
0 0.48099 0.374074 0.0078125 0.0148148
0 0.541146 0.483333 0.0135417 0.0185185
0 0.703906 0.653704 0.0078125 0.012963
0 0.667448 0.814352 0.00885417 0.0138889
0 0.653646 0.472685 0.00833333 0.0157407
0 0.591406 0.360185 0.0109375 0.0222222
0 0.573698 0.913426 0.00885417 0.0138889
0 0.752344 0.336574 0.00885417 0.0175926
0 0.753906 0.564352 0.0078125 0.0157407
0 0.751562 0.653241 0.00833333 0.0157407
0 0.70599 0.564815 0.0078125 0.012963
0 0.604427 0.582407 0.00885417 0.0148148
0 0.759896 0.797685 0.00833333 0.0138889
0 0.764323 0.875463 0.00885417 0.0138889
0 0.658594 0.658796 0.0119792 0.0157407
0 0.615104 0.748148 0.0104167 0.012963
0 0.536979 0.369907 0.00833333 0.0175926
0 0.75625 0.723148 0.009375 0.0148148
0 0.70026 0.347685 0.00885417 0.0194444
0 0.447135 0.60463 0.0109375 0.0185185
0 0.647135 0.354167 0.0078125 0.0175926
0 0.66276 0.736111 0.0109375 0.0148148
0 0.486198 0.489352 0.0182292 0.025
0 0.760156 0.44537 0.00885417 0.0185185
0 0.429427 0.493519 0.0119792 0.0240741
0 0.708073 0.456019 0.0140625 0.025
