0 0.517448 0.192593 0.00677083 0.00925926
0 0.509635 0.298148 0.00572917 0.00925926
0 0.561198 0.503241 0.00572917 0.0101852
0 0.679688 0.243981 0.00520833 0.0101852
0 0.488802 0.713889 0.00572917 0.0111111
0 0.429167 0.816667 0.00625 0.0111111
0 0.766406 0.509259 0.00572917 0.0111111
0 0.715365 0.50787 0.00572917 0.0101852
0 0.71276 0.593982 0.0078125 0.012037
0 0.547135 0.79537 0.00572917 0.00925926
0 0.458073 0.199074 0.00677083 0.00925926
0 0.676302 0.331019 0.0078125 0.012037
0 0.708854 0.685648 0.00625 0.0101852
0 0.724219 0.331019 0.00677083 0.012037
0 0.754427 0.776389 0.00572917 0.0101852
0 0.430208 0.713426 0.00520833 0.0101852
0 0.778646 0.247685 0.00625 0.0101852
0 0.770312 0.421759 0.00625 0.0101852
0 0.721354 0.418981 0.00729167 0.012037
0 0.728385 0.244444 0.00677083 0.0111111
0 0.760417 0.687037 0.00625 0.0111111
0 0.440885 0.506944 0.00572917 0.012037
0 0.703646 0.774074 0.00625 0.0111111
0 0.773958 0.333796 0.00625 0.012037
0 0.671615 0.418056 0.00885417 0.0138889
0 0.452604 0.299537 0.00625 0.012037
0 0.435937 0.606481 0.00625 0.0111111
0 0.446094 0.400926 0.00572917 0.0111111
0 0.764323 0.594444 0.0078125 0.012963
