0 0.611198 0.416667 0.00572917 0.0111111
0 0.493229 0.590278 0.00625 0.0101852
0 0.661719 0.780556 0.00572917 0.0111111
0 0.765104 0.705093 0.00625 0.012037
0 0.764583 0.794444 0.00625 0.0111111
0 0.557813 0.786111 0.00625 0.0111111
0 0.713281 0.697685 0.00677083 0.012037
0 0.495052 0.697685 0.00677083 0.0101852
0 0.439063 0.792593 0.00729167 0.0111111
0 0.491927 0.383333 0.00677083 0.0111111
0 0.660937 0.422685 0.00729167 0.012037
0 0.660677 0.337037 0.00677083 0.0111111
0 0.714063 0.787037 0.00625 0.0111111
0 0.763281 0.613426 0.0078125 0.012037
0 0.761458 0.526852 0.00625 0.0111111
0 0.607813 0.239815 0.00729167 0.012963
0 0.708854 0.343519 0.00729167 0.0111111
0 0.609635 0.330093 0.00677083 0.012037
0 0.553385 0.306019 0.0078125 0.012037
0 0.492448 0.177778 0.0078125 0.012963
0 0.490365 0.28287 0.0078125 0.012037
0 0.709896 0.42963 0.00833333 0.012963
0 0.436198 0.689352 0.00677083 0.012037
0 0.709635 0.518056 0.00677083 0.012037
0 0.756771 0.264352 0.00729167 0.012037
0 0.711719 0.607407 0.00885417 0.012963
0 0.760417 0.438889 0.00833333 0.012963
0 0.434896 0.58287 0.00729167 0.012037
0 0.707031 0.256944 0.00885417 0.012037
0 0.433333 0.276852 0.00729167 0.0111111
0 0.433073 0.377778 0.00677083 0.0111111
0 0.658854 0.250926 0.00833333 0.012963
0 0.433594 0.484722 0.00677083 0.012037
0 0.759115 0.351389 0.00885417 0.012037
0 0.433333 0.174537 0.00833333 0.012037
