0 0.595833 0.474537 0.0104167 0.0157407
0 0.502604 0.480556 0.0145833 0.0222222
0 0.581771 0.663889 0.00625 0.0111111
0 0.573698 0.745833 0.0078125 0.012037
0 0.733594 0.569444 0.00677083 0.0111111
0 0.740885 0.480093 0.00677083 0.012037
0 0.526823 0.741204 0.0078125 0.0138889
0 0.591146 0.405093 0.0104167 0.0194444
0 0.634115 0.656482 0.0078125 0.0111111
0 0.695312 0.483796 0.00625 0.012037
0 0.648177 0.486111 0.00677083 0.012963
0 0.511198 0.900463 0.0078125 0.012037
0 0.789583 0.481944 0.00729167 0.012037
0 0.701302 0.911574 0.00677083 0.012037
0 0.724219 0.652315 0.0078125 0.012037
0 0.686719 0.571759 0.00677083 0.012037
0 0.615625 0.824537 0.00729167 0.012037
0 0.715625 0.741204 0.00729167 0.012037
0 0.51875 0.82037 0.00833333 0.012963
0 0.640104 0.572685 0.00729167 0.012037
0 0.708594 0.827778 0.0078125 0.012963
0 0.670313 0.740741 0.00833333 0.012963
0 0.609115 0.90787 0.00677083 0.012037
0 0.585417 0.568981 0.00625 0.0138889
0 0.663021 0.823611 0.00833333 0.0138889
0 0.678646 0.655556 0.00833333 0.012963
0 0.53776 0.46713 0.0109375 0.0194444
0 0.567969 0.828241 0.00885417 0.0138889
0 0.655208 0.911111 0.00729167 0.012963
0 0.754687 0.839815 0.00833333 0.012963
0 0.746354 0.911111 0.00833333 0.012963
0 0.464583 0.892593 0.009375 0.012963
0 0.472135 0.818981 0.00885417 0.0157407
0 0.559375 0.908796 0.00729167 0.0138889
0 0.478385 0.74537 0.00885417 0.0166667
0 0.533333 0.663426 0.009375 0.0175926
0 0.771875 0.65463 0.00833333 0.0148148
0 0.622135 0.743981 0.00885417 0.0138889
0 0.778906 0.570833 0.00885417 0.0138889
0 0.749479 0.393519 0.00729167 0.0148148
0 0.795573 0.397685 0.0078125 0.0157407
0 0.764323 0.745833 0.0109375 0.0157407
0 0.704167 0.389352 0.00833333 0.0175926
0 0.659375 0.395833 0.00833333 0.0175926
