0 0.522135 0.659722 0.00989583 0.0157407
0 0.667969 0.448611 0.00989583 0.0175926
0 0.783333 0.850463 0.009375 0.0175926
0 0.696615 0.874074 0.0078125 0.0148148
0 0.607292 0.3375 0.009375 0.0175926
0 0.739844 0.85787 0.00885417 0.0175926
0 0.639063 0.659259 0.0135417 0.0222222
0 0.551042 0.346759 0.0104167 0.0175926
0 0.690885 0.796296 0.00885417 0.0166667
0 0.604427 0.740278 0.0119792 0.0175926
0 0.772135 0.451389 0.00989583 0.0175926
0 0.608333 0.913889 0.009375 0.0203704
0 0.727604 0.716204 0.0104167 0.0175926
0 0.758333 0.317593 0.009375 0.0185185
0 0.600521 0.827315 0.009375 0.0157407
0 0.49349 0.354167 0.0078125 0.0138889
0 0.538802 0.846759 0.0119792 0.0175926
0 0.733333 0.785648 0.00833333 0.0175926
0 0.472396 0.866667 0.0125 0.0166667
0 0.722656 0.639815 0.00989583 0.0166667
0 0.452344 0.57037 0.00885417 0.0166667
0 0.676823 0.643519 0.0119792 0.0203704
0 0.513281 0.55787 0.0109375 0.0194444
0 0.713542 0.328241 0.0114583 0.0231481
0 0.649219 0.802315 0.0109375 0.0194444
0 0.547396 0.946296 0.0145833 0.0203704
0 0.660677 0.330556 0.0119792 0.0222222
0 0.46875 0.77037 0.0145833 0.0185185
0 0.461198 0.667593 0.00885417 0.0166667
0 0.502083 0.459722 0.0104167 0.0175926
0 0.775521 0.708796 0.0166667 0.025
0 0.432813 0.368056 0.00729167 0.0138889
0 0.439844 0.466667 0.0119792 0.0222222
