0 0.717188 0.233796 0.00729167 0.0101852
0 0.667708 0.325926 0.00625 0.0111111
0 0.66875 0.237963 0.00625 0.0111111
0 0.715104 0.40787 0.00625 0.012037
0 0.499479 0.318056 0.00625 0.0101852
0 0.503906 0.212963 0.00677083 0.00925926
0 0.766146 0.314352 0.00625 0.012037
0 0.765104 0.403704 0.00625 0.0111111
0 0.432552 0.84213 0.00677083 0.0101852
0 0.759375 0.75463 0.00625 0.0111111
0 0.763021 0.665278 0.00625 0.012037
0 0.715885 0.318981 0.00677083 0.012037
0 0.438542 0.428241 0.00625 0.012037
0 0.445052 0.226389 0.00677083 0.0101852
0 0.434115 0.634259 0.00572917 0.0111111
0 0.708854 0.760648 0.00625 0.012037
0 0.432292 0.740741 0.00625 0.0111111
0 0.441146 0.326852 0.00625 0.012963
0 0.435156 0.533796 0.00677083 0.012037
