0 0.544531 0.525463 0.00572917 0.0101852
0 0.460156 0.34213 0.00572917 0.0101852
0 0.484375 0.547685 0.00520833 0.0101852
0 0.648438 0.496759 0.00625 0.012037
0 0.71849 0.656018 0.00677083 0.012037
0 0.55599 0.621759 0.00677083 0.0101852
0 0.629167 0.322222 0.00729167 0.012963
0 0.576563 0.810648 0.00520833 0.0101852
0 0.566667 0.71713 0.00625 0.0101852
0 0.506771 0.751389 0.00625 0.0101852
0 0.617448 0.237037 0.0078125 0.012963
0 0.677344 0.760185 0.00572917 0.0111111
0 0.76875 0.641204 0.00625 0.0101852
0 0.463021 0.87037 0.00729167 0.012963
0 0.448958 0.768519 0.00520833 0.0111111
0 0.777865 0.729167 0.00677083 0.012037
0 0.451042 0.237037 0.00729167 0.0111111
0 0.414583 0.461111 0.00520833 0.0111111
0 0.676562 0.308333 0.00729167 0.012963
0 0.43724 0.663889 0.00572917 0.0111111
0 0.746094 0.467593 0.00677083 0.0111111
0 0.727604 0.743519 0.00625 0.012963
0 0.395052 0.259722 0.00677083 0.0101852
0 0.715885 0.209259 0.0078125 0.012963
0 0.688021 0.393519 0.00833333 0.0148148
0 0.696615 0.481481 0.00677083 0.012963
0 0.404687 0.361574 0.00625 0.012037
0 0.426042 0.565278 0.00625 0.012037
0 0.708854 0.56713 0.00833333 0.012037
0 0.666667 0.222685 0.00833333 0.0138889
0 0.638542 0.40787 0.0114583 0.0175926
0 0.759115 0.551389 0.00885417 0.0138889
0 0.736198 0.381019 0.00885417 0.0138889
0 0.726302 0.294444 0.0078125 0.0148148
