0 0.765104 0.699537 0.00729167 0.0138889
0 0.763281 0.838426 0.00885417 0.0138889
0 0.717188 0.75463 0.00729167 0.0111111
0 0.718229 0.826389 0.00729167 0.0138889
0 0.572135 0.430556 0.00677083 0.0111111
0 0.778906 0.627315 0.00677083 0.0138889
0 0.779427 0.377315 0.0078125 0.0175926
0 0.628125 0.446759 0.00729167 0.012037
0 0.717969 0.679167 0.00885417 0.012037
0 0.727083 0.605556 0.00625 0.0111111
0 0.760938 0.909259 0.00833333 0.0148148
0 0.784115 0.513426 0.00989583 0.0157407
0 0.519271 0.618519 0.00729167 0.012963
0 0.67474 0.819907 0.00572917 0.012037
0 0.765104 0.76713 0.0135417 0.0194444
0 0.574219 0.322685 0.00885417 0.0157407
0 0.673437 0.898148 0.00625 0.012963
0 0.736719 0.369907 0.00989583 0.0212963
0 0.627865 0.574074 0.00677083 0.0111111
0 0.593229 0.731944 0.00729167 0.012037
0 0.731771 0.476852 0.00729167 0.0148148
0 0.717188 0.898611 0.00729167 0.0157407
0 0.677604 0.583796 0.00833333 0.0138889
0 0.579948 0.552315 0.00677083 0.012037
0 0.583594 0.815741 0.00677083 0.012963
0 0.588281 0.643981 0.00677083 0.012037
0 0.460156 0.601852 0.0078125 0.012963
0 0.633854 0.808796 0.009375 0.0175926
0 0.681771 0.469907 0.00833333 0.0175926
0 0.51875 0.709259 0.009375 0.0148148
0 0.516927 0.308333 0.0078125 0.012963
0 0.458594 0.704167 0.0119792 0.0157407
0 0.452344 0.803241 0.0109375 0.0138889
0 0.452083 0.894444 0.00833333 0.0148148
0 0.629687 0.336574 0.00729167 0.0138889
0 0.51849 0.811574 0.00989583 0.0157407
0 0.634635 0.668981 0.0119792 0.0175926
0 0.672917 0.665278 0.009375 0.0175926
0 0.582552 0.903241 0.00677083 0.0175926
0 0.455729 0.298611 0.00729167 0.0138889
0 0.629687 0.900463 0.00833333 0.0194444
0 0.515104 0.414815 0.00833333 0.0166667
0 0.458333 0.50463 0.00729167 0.012963
0 0.683073 0.35 0.0119792 0.0203704
0 0.520573 0.912037 0.0130208 0.0166667
0 0.454688 0.399074 0.009375 0.0185185
0 0.51849 0.515278 0.00989583 0.0175926
