0 0.614844 0.573611 0.00572917 0.012037
0 0.695052 0.90787 0.00572917 0.0101852
0 0.630469 0.743981 0.00677083 0.012037
0 0.734635 0.818981 0.00572917 0.0101852
0 0.551562 0.478704 0.00625 0.0111111
0 0.701302 0.476852 0.00677083 0.0111111
0 0.74349 0.906018 0.00572917 0.0101852
0 0.648438 0.914352 0.00625 0.0101852
0 0.591406 0.834259 0.00572917 0.0111111
0 0.596354 0.403241 0.00833333 0.012037
0 0.644271 0.397685 0.00729167 0.012037
0 0.500781 0.838889 0.00677083 0.0111111
0 0.709115 0.564815 0.00572917 0.0111111
0 0.542969 0.389815 0.0078125 0.0111111
0 0.559375 0.572222 0.00625 0.0111111
0 0.584375 0.75 0.00729167 0.012963
0 0.790625 0.901852 0.00729167 0.0111111
0 0.49349 0.757407 0.00572917 0.0111111
0 0.717708 0.647685 0.00729167 0.0101852
0 0.60026 0.91713 0.00677083 0.012037
0 0.528906 0.668981 0.00572917 0.012037
0 0.509375 0.924537 0.00625 0.0101852
0 0.554167 0.919444 0.00625 0.0111111
0 0.544531 0.837037 0.00677083 0.0111111
0 0.69349 0.392593 0.0078125 0.012963
0 0.77474 0.730556 0.00677083 0.0111111
0 0.508854 0.57963 0.00729167 0.0111111
0 0.748698 0.472685 0.00677083 0.0101852
0 0.538281 0.753241 0.00677083 0.012037
0 0.758073 0.560185 0.00677083 0.0111111
0 0.784635 0.816667 0.0078125 0.012963
0 0.766146 0.64537 0.00833333 0.012963
0 0.460417 0.583796 0.00729167 0.012037
0 0.491667 0.474537 0.00729167 0.012037
0 0.485417 0.676852 0.00729167 0.0148148
0 0.482552 0.381944 0.0078125 0.012037
0 0.439323 0.483333 0.0078125 0.012963
0 0.740104 0.386574 0.00833333 0.0157407
0 0.429427 0.387963 0.0078125 0.0148148
