0 0.728125 0.5625 0.00625 0.0101852
0 0.727604 0.646296 0.00625 0.00925926
0 0.682292 0.568519 0.00625 0.00925926
0 0.68151 0.480556 0.00572917 0.00925926
0 0.727604 0.385648 0.00625 0.012037
0 0.580469 0.569907 0.00572917 0.0101852
0 0.586979 0.666667 0.00625 0.0111111
0 0.728646 0.734259 0.00625 0.00925926
0 0.492188 0.900463 0.00625 0.0101852
0 0.528906 0.575926 0.00885417 0.0148148
0 0.638021 0.655556 0.00833333 0.0111111
0 0.634896 0.571759 0.00625 0.0101852
0 0.471875 0.477778 0.0125 0.0203704
0 0.731771 0.90463 0.00625 0.0111111
0 0.491927 0.825926 0.00677083 0.0111111
0 0.490885 0.752778 0.00885417 0.0148148
0 0.775521 0.472685 0.00729167 0.012037
0 0.729427 0.820833 0.00677083 0.0101852
0 0.773698 0.389352 0.00677083 0.0138889
0 0.539844 0.905556 0.0078125 0.012963
0 0.683594 0.7375 0.00885417 0.012037
0 0.539323 0.823611 0.0078125 0.012037
0 0.539323 0.745833 0.00677083 0.012037
0 0.63724 0.822685 0.00677083 0.0101852
0 0.588802 0.910185 0.00677083 0.012963
0 0.634375 0.485648 0.00729167 0.012037
0 0.528906 0.36713 0.00885417 0.0157407
0 0.589844 0.830093 0.0078125 0.012037
0 0.63776 0.906018 0.00677083 0.012037
0 0.588802 0.747685 0.0078125 0.012037
0 0.777083 0.900463 0.009375 0.0138889
0 0.684115 0.818981 0.0078125 0.012037
0 0.777083 0.646296 0.00833333 0.012963
0 0.521875 0.471296 0.0114583 0.0166667
0 0.683333 0.651852 0.009375 0.012963
0 0.680729 0.386111 0.00729167 0.0148148
0 0.775781 0.5625 0.00885417 0.0138889
0 0.636198 0.394907 0.0078125 0.0157407
0 0.582552 0.475463 0.00885417 0.0138889
0 0.778385 0.829167 0.00885417 0.0138889
0 0.684896 0.906018 0.00729167 0.0138889
0 0.536458 0.66713 0.00833333 0.0138889
0 0.635938 0.741667 0.009375 0.012963
0 0.777604 0.736111 0.0114583 0.0148148
