0 0.716406 0.496296 0.00572917 0.0111111
0 0.569531 0.824074 0.00572917 0.0111111
0 0.570052 0.659259 0.00677083 0.0111111
0 0.715104 0.583333 0.00625 0.0111111
0 0.617188 0.915278 0.00520833 0.0101852
0 0.56901 0.908333 0.00572917 0.0111111
0 0.763542 0.673148 0.00729167 0.0111111
0 0.763802 0.588426 0.00572917 0.0101852
0 0.76276 0.758333 0.00677083 0.0111111
0 0.524219 0.733333 0.00572917 0.0111111
0 0.477344 0.812963 0.00677083 0.0111111
0 0.763281 0.84537 0.00677083 0.0111111
0 0.566406 0.467593 0.00572917 0.0111111
0 0.521354 0.818519 0.00625 0.0111111
0 0.760677 0.929167 0.00572917 0.0101852
0 0.764323 0.500926 0.00677083 0.0111111
0 0.570573 0.738426 0.00677083 0.012037
0 0.51276 0.558333 0.00572917 0.0111111
0 0.667188 0.406481 0.00625 0.0111111
0 0.478125 0.65 0.00625 0.012963
0 0.522656 0.902778 0.00677083 0.0111111
0 0.50625 0.452778 0.00625 0.0111111
0 0.477865 0.730556 0.0078125 0.012963
0 0.716927 0.411111 0.0078125 0.012963
0 0.764583 0.415741 0.00729167 0.012963
0 0.463281 0.552315 0.00677083 0.012037
0 0.507552 0.359722 0.00677083 0.012037
0 0.452604 0.451852 0.00833333 0.012963
0 0.453125 0.35463 0.00729167 0.012963
