0 0.630469 0.2375 0.0078125 0.012037
0 0.502344 0.74213 0.00572917 0.0101852
0 0.570833 0.808333 0.00520833 0.00925926
0 0.555469 0.61713 0.00677083 0.0101852
0 0.463021 0.225926 0.00729167 0.0111111
0 0.672135 0.763889 0.00572917 0.0111111
0 0.563281 0.713889 0.00572917 0.0111111
0 0.716667 0.663889 0.00625 0.0111111
0 0.645833 0.408333 0.00729167 0.012963
0 0.688021 0.312037 0.00729167 0.012963
0 0.752344 0.476389 0.00572917 0.012037
0 0.41875 0.445833 0.00520833 0.0101852
0 0.413021 0.344907 0.00625 0.0101852
0 0.695312 0.398611 0.00833333 0.0138889
0 0.454948 0.858333 0.0078125 0.0111111
0 0.768229 0.651852 0.00625 0.0111111
0 0.722917 0.751852 0.00625 0.0111111
0 0.701823 0.485648 0.00677083 0.012037
0 0.773438 0.741204 0.00729167 0.012037
0 0.729688 0.215741 0.00729167 0.012963
0 0.680729 0.225463 0.00833333 0.0138889
0 0.40625 0.243056 0.00729167 0.0101852
0 0.44349 0.756481 0.00572917 0.0111111
0 0.435417 0.650926 0.00625 0.0111111
0 0.745313 0.387963 0.00729167 0.012963
0 0.760417 0.559722 0.00833333 0.012037
0 0.426823 0.550463 0.00677083 0.0138889
0 0.73776 0.302315 0.0078125 0.0138889
0 0.709896 0.574074 0.00833333 0.012963
