0 0.548177 0.456481 0.00677083 0.012963
0 0.549479 0.561111 0.00833333 0.0148148
0 0.797656 0.38287 0.00677083 0.012037
0 0.703906 0.381019 0.00885417 0.0138889
0 0.659375 0.383333 0.00729167 0.012963
0 0.478385 0.762963 0.00677083 0.012963
0 0.797656 0.294444 0.00677083 0.012963
0 0.707292 0.290741 0.00729167 0.012963
0 0.477344 0.659722 0.0078125 0.0138889
0 0.615885 0.270833 0.0078125 0.0138889
0 0.477083 0.561111 0.00729167 0.012963
0 0.548698 0.359722 0.00677083 0.012037
0 0.666927 0.293056 0.00677083 0.012037
0 0.799219 0.470833 0.0078125 0.0138889
0 0.482812 0.358796 0.009375 0.0157407
0 0.480208 0.45787 0.00833333 0.012037
0 0.479948 0.862963 0.00989583 0.0166667
0 0.483073 0.259722 0.0078125 0.0138889
