0 0.337991 0.193400 0.007078 0.014593
0 0.398080 0.198970 0.007455 0.013923
0 0.336507 0.599063 0.014135 0.019773
0 0.330866 0.791439 0.007832 0.013254
0 0.332516 0.695188 0.012285 0.017153
0 0.398976 0.800224 0.015375 0.024656
0 0.399860 0.703005 0.012484 0.021525
0 0.460967 0.785981 0.008320 0.019476
0 0.510054 0.779841 0.011410 0.026978
0 0.551835 0.774230 0.006702 0.015261
0 0.596978 0.770192 0.011964 0.021269
0 0.639303 0.778506 0.009969 0.017724
0 0.461946 0.698494 0.006269 0.012485
0 0.512137 0.688708 0.012484 0.021525
0 0.553965 0.695606 0.008264 0.016030
0 0.596386 0.698367 0.010257 0.019575
0 0.642135 0.704551 0.008640 0.015360
0 0.514258 0.610546 0.006213 0.009038
0 0.554746 0.619687 0.006646 0.011815
0 0.597346 0.627090 0.010490 0.017980
0 0.644893 0.634761 0.016937 0.025425
0 0.553499 0.540416 0.012107 0.022195
0 0.598135 0.550708 0.011387 0.017567
0 0.645271 0.567157 0.007223 0.015517
0 0.514296 0.547556 0.014190 0.023219
0 0.473021 0.614796 0.011244 0.016641
0 0.467981 0.528836 0.008497 0.014436
0 0.397725 0.599601 0.009449 0.017468
0 0.400044 0.509870 0.009969 0.017724
0 0.338245 0.497721 0.008785 0.016286
0 0.339146 0.399576 0.006934 0.013667
0 0.399479 0.406087 0.012107 0.022195
0 0.335228 0.293759 0.012252 0.023120
0 0.397824 0.305024 0.010257 0.019575
0 0.661992 0.245228 0.009216 0.019063
0 0.619548 0.243855 0.011354 0.023532
0 0.564872 0.226534 0.013525 0.022037
0 0.511631 0.216702 0.009449 0.017468
0 0.457039 0.209575 0.010634 0.018906
0 0.453898 0.316863 0.006125 0.011559
0 0.510247 0.327790 0.008119 0.015104
0 0.563094 0.345475 0.010025 0.021170
0 0.612810 0.348168 0.008928 0.017212
0 0.664913 0.378781 0.011010 0.018236
0 0.461230 0.436297 0.006557 0.014336
0 0.508350 0.453671 0.008353 0.013510
0 0.558019 0.459142 0.008408 0.016956
0 0.607229 0.476166 0.006934 0.013667
0 0.659311 0.492882 0.007743 0.015774
