0 0.551302 0.636111 0.00572917 0.0111111
0 0.495052 0.634722 0.00677083 0.012037
0 0.553646 0.849537 0.00520833 0.0101852
0 0.378906 0.739352 0.00677083 0.0101852
0 0.495833 0.850463 0.00625 0.0101852
0 0.495833 0.738889 0.00729167 0.0111111
0 0.553385 0.739815 0.00677083 0.0111111
0 0.54974 0.534722 0.00677083 0.012037
0 0.382031 0.6375 0.00677083 0.012037
0 0.552865 0.203241 0.00677083 0.0101852
0 0.433854 0.426389 0.00729167 0.012037
0 0.491406 0.203241 0.0078125 0.0101852
0 0.43776 0.534722 0.00677083 0.012037
0 0.369792 0.203241 0.00729167 0.0101852
0 0.492708 0.426389 0.00729167 0.012037
0 0.613542 0.203704 0.00729167 0.0111111
0 0.429688 0.203241 0.00729167 0.0101852
0 0.377604 0.848611 0.00729167 0.012037
0 0.373437 0.422685 0.00729167 0.012037
0 0.43776 0.634722 0.00677083 0.012037
0 0.493229 0.531482 0.00729167 0.012963
0 0.551042 0.426852 0.00729167 0.012963
0 0.367708 0.305556 0.00729167 0.0111111
0 0.436198 0.737037 0.0078125 0.0111111
0 0.554427 0.306944 0.0078125 0.012037
0 0.322917 0.637037 0.00625 0.0111111
0 0.382552 0.535648 0.00677083 0.012037
0 0.492708 0.306944 0.00729167 0.012037
0 0.669792 0.426852 0.00729167 0.0111111
0 0.609896 0.428241 0.00729167 0.012037
0 0.616146 0.304167 0.009375 0.012037
0 0.315104 0.423611 0.00729167 0.012037
0 0.428385 0.306944 0.0078125 0.012037
0 0.605469 0.536111 0.00677083 0.012963
0 0.609375 0.635648 0.00729167 0.0138889
0 0.66901 0.737963 0.0078125 0.012963
0 0.661198 0.535185 0.00677083 0.0111111
0 0.436198 0.850463 0.0078125 0.012037
0 0.664323 0.633796 0.00885417 0.0138889
0 0.673177 0.203241 0.0078125 0.012037
0 0.325521 0.536574 0.00729167 0.0138889
0 0.308594 0.208333 0.0078125 0.0111111
0 0.613021 0.849537 0.00833333 0.0138889
0 0.320052 0.85 0.0078125 0.012963
0 0.321615 0.739815 0.00885417 0.012963
0 0.671094 0.849074 0.0078125 0.012963
0 0.307292 0.307407 0.00729167 0.012963
0 0.61224 0.738426 0.0109375 0.0175926
0 0.678125 0.308333 0.0135417 0.0185185
