0 0.673698 0.950463 0.00572917 0.0101852
0 0.78125 0.612963 0.00625 0.0111111
0 0.614062 0.75463 0.00729167 0.0111111
0 0.669271 0.640741 0.00729167 0.0111111
0 0.615365 0.966204 0.00572917 0.0101852
0 0.670313 0.533796 0.00729167 0.012037
0 0.789323 0.503241 0.00677083 0.012037
0 0.671094 0.3125 0.0078125 0.012037
0 0.547135 0.343056 0.00677083 0.0101852
0 0.611719 0.547685 0.00677083 0.012037
0 0.613281 0.651389 0.0078125 0.0138889
0 0.496615 0.994907 0.0078125 0.0101852
0 0.615104 0.856019 0.00729167 0.012037
0 0.610937 0.326852 0.00833333 0.0111111
0 0.792969 0.280556 0.00885417 0.012963
0 0.792188 0.921759 0.00729167 0.012037
0 0.733073 0.29537 0.0078125 0.012963
0 0.729427 0.519444 0.0078125 0.0148148
0 0.672656 0.414815 0.00677083 0.0111111
0 0.671875 0.844907 0.00729167 0.012037
0 0.733333 0.936574 0.00729167 0.012037
0 0.735417 0.394907 0.00833333 0.0138889
0 0.555469 0.98287 0.0078125 0.012037
0 0.611198 0.431019 0.00677083 0.012037
0 0.788802 0.8125 0.0078125 0.012037
0 0.498698 0.887963 0.00677083 0.012963
0 0.72474 0.627778 0.0078125 0.0148148
0 0.48724 0.358333 0.0078125 0.0111111
0 0.798177 0.384259 0.0140625 0.0240741
0 0.552344 0.563889 0.0078125 0.012963
0 0.55651 0.669907 0.0078125 0.0138889
0 0.501042 0.784722 0.00729167 0.012037
0 0.783594 0.711574 0.00885417 0.0138889
0 0.428125 0.377315 0.00833333 0.012037
0 0.728125 0.726852 0.00833333 0.0148148
0 0.501042 0.684259 0.00729167 0.012963
0 0.439323 0.902778 0.0078125 0.0148148
0 0.442187 0.800926 0.00625 0.0111111
0 0.547396 0.447222 0.00729167 0.0111111
0 0.555729 0.870833 0.00833333 0.0138889
0 0.492448 0.576389 0.0078125 0.012037
0 0.55651 0.769907 0.0078125 0.0138889
0 0.425781 0.478241 0.0078125 0.012037
0 0.486198 0.460648 0.0078125 0.012037
0 0.44375 0.698611 0.00833333 0.0138889
0 0.433333 0.590741 0.00729167 0.012963
0 0.73099 0.828241 0.0119792 0.0212963
