0 0.552865 0.535185 0.0109375 0.0185185
0 0.642969 0.769444 0.00885417 0.0148148
0 0.55625 0.691204 0.00833333 0.0157407
0 0.398438 0.514352 0.00833333 0.0157407
0 0.514323 0.686111 0.00989583 0.0185185
0 0.50599 0.325463 0.0078125 0.0138889
0 0.598177 0.69213 0.00885417 0.0157407
0 0.51276 0.777778 0.00989583 0.0203704
0 0.336979 0.505556 0.00729167 0.0148148
0 0.559375 0.338889 0.009375 0.0185185
0 0.65651 0.234259 0.0078125 0.0166667
0 0.464844 0.697685 0.0078125 0.0157407
0 0.598698 0.762963 0.00885417 0.0166667
0 0.392708 0.204167 0.00729167 0.012037
0 0.611458 0.234259 0.0104167 0.0222222
0 0.400521 0.705556 0.0104167 0.0166667
0 0.657292 0.481944 0.00833333 0.0138889
0 0.465365 0.784259 0.0078125 0.0185185
0 0.45026 0.209259 0.00885417 0.0148148
0 0.332031 0.201852 0.00677083 0.012963
0 0.608854 0.340278 0.00833333 0.0157407
0 0.392969 0.307407 0.0078125 0.0148148
0 0.505729 0.216204 0.00833333 0.0157407
0 0.645573 0.625 0.0140625 0.0203704
0 0.336198 0.406019 0.00677083 0.0138889
0 0.661458 0.371759 0.0104167 0.0157407
0 0.396875 0.409259 0.0104167 0.0185185
0 0.33125 0.3 0.009375 0.0185185
0 0.559635 0.222222 0.0119792 0.0222222
0 0.403646 0.802778 0.0135417 0.0222222
