0 0.521354 0.745833 0.00625 0.012037
0 0.477604 0.669444 0.00729167 0.012963
0 0.671615 0.4 0.0078125 0.0111111
0 0.470313 0.91713 0.00625 0.0101852
0 0.707292 0.9125 0.00520833 0.0101852
0 0.509635 0.466667 0.00677083 0.0111111
0 0.464323 0.572685 0.00677083 0.012037
0 0.515885 0.915278 0.00677083 0.012037
0 0.513542 0.374537 0.00729167 0.012037
0 0.765365 0.570833 0.00677083 0.0101852
0 0.474479 0.749074 0.00625 0.0111111
0 0.709115 0.825 0.00572917 0.0111111
0 0.472656 0.831481 0.00572917 0.0111111
0 0.767708 0.482407 0.00729167 0.0111111
0 0.754687 0.912037 0.00625 0.0111111
0 0.720833 0.397222 0.00729167 0.0111111
0 0.714063 0.653241 0.00729167 0.012037
0 0.759375 0.826852 0.00729167 0.0111111
0 0.45625 0.472685 0.00833333 0.012037
0 0.763021 0.652315 0.00729167 0.012037
0 0.458594 0.376852 0.00677083 0.0111111
0 0.760156 0.740741 0.00677083 0.0111111
0 0.770052 0.39537 0.0078125 0.012963
