0 0.653646 0.825 0.00625 0.0111111
0 0.416406 0.581019 0.00572917 0.0101852
0 0.588802 0.474537 0.00677083 0.012037
0 0.746615 0.81713 0.0078125 0.012037
0 0.60599 0.830556 0.00677083 0.0111111
0 0.410417 0.476389 0.00625 0.0101852
0 0.634635 0.269907 0.00677083 0.0101852
0 0.552604 0.858796 0.00625 0.012037
0 0.74375 0.471296 0.00833333 0.0111111
0 0.421094 0.684722 0.00677083 0.0101852
0 0.579167 0.26713 0.00833333 0.012037
0 0.404427 0.275463 0.00677083 0.0101852
0 0.747917 0.366667 0.00729167 0.0111111
0 0.583073 0.366204 0.0078125 0.012037
0 0.406771 0.370833 0.00625 0.0101852
0 0.427604 0.787963 0.00729167 0.0111111
0 0.485677 0.784722 0.00885417 0.012037
