0 0.648698 0.456019 0.00677083 0.0101852
0 0.727604 0.252315 0.00729167 0.012037
0 0.776302 0.239815 0.00677083 0.0111111
0 0.733594 0.341667 0.00677083 0.0111111
0 0.741927 0.427315 0.0078125 0.012037
0 0.644792 0.374537 0.00729167 0.012037
0 0.7 0.530556 0.00625 0.0111111
0 0.782031 0.326389 0.00677083 0.0101852
0 0.65599 0.543981 0.00677083 0.012037
0 0.679427 0.808333 0.00885417 0.0148148
0 0.798958 0.587963 0.00729167 0.012963
0 0.688542 0.356944 0.00833333 0.0138889
0 0.74401 0.516667 0.00677083 0.0111111
0 0.686979 0.26713 0.00833333 0.0138889
0 0.663281 0.634259 0.00572917 0.012963
0 0.646354 0.283333 0.00729167 0.012963
0 0.470833 0.506019 0.009375 0.0138889
0 0.752865 0.601389 0.0078125 0.012037
0 0.79349 0.499074 0.00677083 0.012963
0 0.596094 0.279167 0.0078125 0.0138889
0 0.561719 0.782407 0.0078125 0.0111111
0 0.467187 0.40463 0.0104167 0.0148148
0 0.75599 0.693981 0.0078125 0.012037
0 0.595312 0.469444 0.00833333 0.012963
0 0.619271 0.753241 0.009375 0.0157407
0 0.613802 0.656944 0.00885417 0.0138889
0 0.760938 0.781944 0.00729167 0.0138889
0 0.48776 0.807407 0.0078125 0.012963
0 0.592188 0.36713 0.00833333 0.0157407
0 0.534115 0.385648 0.00885417 0.0138889
0 0.71875 0.8 0.009375 0.0166667
0 0.63724 0.8375 0.0078125 0.0138889
0 0.707292 0.619444 0.00833333 0.012963
0 0.533073 0.281481 0.0078125 0.0148148
0 0.553646 0.681019 0.0125 0.0157407
0 0.4625 0.309722 0.00833333 0.0157407
0 0.540365 0.481481 0.00885417 0.0148148
0 0.602083 0.565278 0.009375 0.0138889
0 0.473437 0.609259 0.009375 0.012963
0 0.711719 0.70787 0.00989583 0.0157407
0 0.670313 0.721296 0.0114583 0.0185185
0 0.789583 0.415741 0.009375 0.0148148
0 0.80599 0.67963 0.0109375 0.0148148
0 0.809635 0.77037 0.00885417 0.0148148
0 0.480729 0.704167 0.009375 0.0138889
0 0.495313 0.904167 0.0125 0.0175926
0 0.569792 0.877315 0.0125 0.0157407
0 0.545833 0.585185 0.0104167 0.0166667
