0 0.619531 0.755093 0.0078125 0.0101852
0 0.567708 0.973148 0.00729167 0.0111111
0 0.686198 0.964815 0.00677083 0.0111111
0 0.507031 0.864815 0.00677083 0.0111111
0 0.508333 0.975463 0.00625 0.0101852
0 0.628646 0.97037 0.00729167 0.0111111
0 0.680469 0.856481 0.00677083 0.0111111
0 0.66901 0.543519 0.00677083 0.0111111
0 0.623177 0.85787 0.0078125 0.012037
0 0.744271 0.962963 0.00625 0.0111111
0 0.671354 0.652778 0.00729167 0.0111111
0 0.550781 0.55 0.0078125 0.0111111
0 0.610417 0.546759 0.00729167 0.012037
0 0.559115 0.658796 0.00677083 0.012037
0 0.539583 0.325463 0.00729167 0.012037
0 0.50599 0.763426 0.00677083 0.012037
0 0.564844 0.859722 0.0078125 0.012037
0 0.614583 0.650926 0.00833333 0.012963
0 0.66875 0.422685 0.00729167 0.012037
0 0.45 0.981944 0.00833333 0.0138889
0 0.601823 0.323148 0.0078125 0.0111111
0 0.491146 0.550463 0.00729167 0.012037
0 0.726042 0.650926 0.00625 0.012963
0 0.66276 0.319444 0.0078125 0.0111111
0 0.447656 0.766667 0.00677083 0.0111111
0 0.542708 0.430556 0.00729167 0.0111111
0 0.503646 0.662037 0.00729167 0.012963
0 0.724219 0.315741 0.0078125 0.0111111
0 0.803385 0.961574 0.00885417 0.0138889
0 0.788542 0.744907 0.009375 0.0138889
0 0.448438 0.87037 0.00729167 0.012963
0 0.726823 0.542593 0.0078125 0.012963
0 0.56224 0.759259 0.00677083 0.012963
0 0.782292 0.646296 0.00729167 0.0111111
0 0.479167 0.328704 0.00729167 0.0111111
0 0.729167 0.41713 0.00833333 0.0138889
0 0.732552 0.75 0.0078125 0.012963
0 0.48125 0.431944 0.00833333 0.012037
0 0.60625 0.427778 0.00729167 0.012963
0 0.788021 0.537963 0.00729167 0.012963
0 0.432813 0.553704 0.00729167 0.012963
0 0.420052 0.3375 0.0078125 0.012037
0 0.420573 0.4375 0.0078125 0.0138889
0 0.445312 0.665278 0.00729167 0.0138889
0 0.795833 0.848148 0.00833333 0.012963
0 0.784115 0.313426 0.0078125 0.012037
0 0.738281 0.852315 0.00989583 0.0157407
0 0.792708 0.417593 0.0125 0.0203704
