0 0.380208 0.7375 0.00625 0.0101852
0 0.55026 0.53287 0.00677083 0.0101852
0 0.434115 0.425 0.00677083 0.0111111
0 0.496094 0.848611 0.00572917 0.0101852
0 0.49349 0.424074 0.00677083 0.0111111
0 0.551302 0.425 0.00677083 0.0111111
0 0.438542 0.533333 0.00625 0.0111111
0 0.382812 0.637037 0.00625 0.0111111
0 0.553906 0.847685 0.00572917 0.0101852
0 0.553385 0.738889 0.00677083 0.0111111
0 0.494271 0.529167 0.00729167 0.012037
0 0.495833 0.737037 0.00625 0.0111111
0 0.429948 0.201389 0.00677083 0.0101852
0 0.438281 0.633796 0.00677083 0.0101852
0 0.613802 0.201389 0.00677083 0.0101852
0 0.373958 0.422222 0.00729167 0.0111111
0 0.492448 0.201852 0.0078125 0.00925926
0 0.553385 0.202315 0.00677083 0.0101852
0 0.377865 0.846759 0.00677083 0.0101852
0 0.436979 0.848611 0.00729167 0.0101852
0 0.43724 0.735648 0.0078125 0.012037
0 0.554948 0.306019 0.0078125 0.012037
0 0.382812 0.534259 0.00625 0.0111111
0 0.669271 0.737963 0.00729167 0.0111111
0 0.323438 0.636574 0.00625 0.0101852
0 0.370313 0.203241 0.00729167 0.0101852
0 0.616146 0.303241 0.00833333 0.012037
0 0.610677 0.426389 0.00677083 0.012037
0 0.368229 0.30463 0.00729167 0.0111111
0 0.613021 0.847685 0.00729167 0.012037
0 0.429688 0.306944 0.00833333 0.012037
0 0.315625 0.422222 0.00729167 0.0111111
0 0.60599 0.533796 0.00677083 0.012037
0 0.609635 0.635185 0.00677083 0.012963
0 0.493229 0.306944 0.00729167 0.012037
0 0.670573 0.425 0.00677083 0.0111111
0 0.661979 0.533333 0.00729167 0.0111111
0 0.664583 0.633796 0.00833333 0.012037
0 0.32526 0.535185 0.0078125 0.012963
0 0.671354 0.847685 0.00833333 0.0138889
0 0.673958 0.202315 0.00729167 0.012037
0 0.320833 0.849074 0.00833333 0.012963
0 0.321615 0.739815 0.00885417 0.012963
0 0.308854 0.20787 0.00729167 0.012037
0 0.307292 0.306481 0.00729167 0.012963
0 0.611458 0.737037 0.0114583 0.0185185
0 0.679427 0.307407 0.0130208 0.0185185
