0 0.703125 0.562037 0.00625 0.0111111
0 0.677083 0.829167 0.00833333 0.0157407
0 0.744792 0.475463 0.00833333 0.0138889
0 0.745573 0.564815 0.00677083 0.0111111
0 0.786979 0.391204 0.00625 0.0101852
0 0.734375 0.297222 0.00625 0.0111111
0 0.691927 0.29537 0.0078125 0.0111111
0 0.649219 0.385185 0.0078125 0.0111111
0 0.784115 0.302315 0.00677083 0.0101852
0 0.795573 0.565741 0.0078125 0.0111111
0 0.66276 0.650926 0.00677083 0.012963
0 0.707292 0.653704 0.00729167 0.0111111
0 0.710938 0.743981 0.009375 0.0138889
0 0.752865 0.652315 0.0078125 0.012037
0 0.652604 0.294907 0.00833333 0.012037
0 0.46901 0.249074 0.00885417 0.0148148
0 0.755208 0.746759 0.00833333 0.012037
0 0.792448 0.480093 0.0078125 0.012037
0 0.596354 0.362963 0.00833333 0.0148148
0 0.541667 0.252315 0.00729167 0.0138889
0 0.798958 0.65787 0.00833333 0.012037
0 0.758854 0.836574 0.00729167 0.0138889
0 0.613021 0.653241 0.00833333 0.0138889
0 0.603385 0.559259 0.00885417 0.012963
0 0.597396 0.461111 0.00833333 0.012963
0 0.715885 0.837963 0.00885417 0.0148148
0 0.541927 0.452315 0.0078125 0.0138889
0 0.80651 0.842593 0.00885417 0.0148148
0 0.471094 0.35 0.00989583 0.012963
0 0.472396 0.451852 0.00833333 0.012963
0 0.474479 0.555556 0.009375 0.012963
0 0.616667 0.750926 0.00833333 0.0148148
0 0.53776 0.350926 0.00885417 0.012963
0 0.483854 0.756944 0.00833333 0.012037
0 0.601823 0.270833 0.00885417 0.0138889
0 0.479948 0.653241 0.00989583 0.0138889
0 0.553646 0.654167 0.0114583 0.0138889
0 0.804427 0.752315 0.0109375 0.0138889
0 0.66849 0.740741 0.0109375 0.0185185
0 0.633333 0.842593 0.00833333 0.012963
0 0.559635 0.758333 0.00885417 0.012963
0 0.546354 0.55787 0.009375 0.0138889
0 0.565365 0.85787 0.0130208 0.0157407
0 0.491406 0.855093 0.0130208 0.0175926
