0 0.397396 0.408333 0.00729167 0.012963
0 0.321354 0.22963 0.00833333 0.0148148
0 0.582292 0.625463 0.00729167 0.0101852
0 0.535937 0.703704 0.00729167 0.0111111
0 0.581771 0.70463 0.00729167 0.0111111
0 0.377344 0.232407 0.0078125 0.0148148
0 0.486979 0.624074 0.00833333 0.0111111
0 0.534115 0.78287 0.00677083 0.0101852
0 0.340365 0.629167 0.00885417 0.0138889
0 0.390104 0.62963 0.00833333 0.0111111
0 0.486979 0.78287 0.00729167 0.0101852
0 0.434115 0.459722 0.00572917 0.012037
0 0.535937 0.624074 0.00833333 0.0111111
0 0.390365 0.547685 0.0078125 0.012037
0 0.436458 0.545833 0.00833333 0.012037
0 0.648958 0.247685 0.00833333 0.0157407
0 0.628385 0.704167 0.0078125 0.012037
0 0.378906 0.451389 0.0078125 0.012037
0 0.581771 0.55 0.00729167 0.0111111
0 0.430469 0.2375 0.0078125 0.0157407
0 0.439063 0.703704 0.00833333 0.012963
0 0.484115 0.237963 0.00885417 0.0166667
0 0.540885 0.363889 0.00885417 0.0185185
0 0.588802 0.462037 0.0078125 0.0111111
0 0.436979 0.783796 0.00729167 0.012037
0 0.340104 0.782407 0.00833333 0.0111111
0 0.340885 0.70463 0.0078125 0.012963
0 0.579687 0.783333 0.00729167 0.0111111
0 0.628125 0.782407 0.00833333 0.0111111
0 0.339583 0.550463 0.00833333 0.012037
0 0.48776 0.704167 0.0078125 0.012037
0 0.535677 0.546759 0.00989583 0.0138889
0 0.485938 0.542593 0.00833333 0.012963
0 0.391146 0.70463 0.00833333 0.012963
0 0.432031 0.350926 0.0130208 0.0185185
0 0.629167 0.630093 0.00833333 0.012037
0 0.388802 0.781482 0.0078125 0.012963
0 0.538802 0.461111 0.0078125 0.012963
0 0.596875 0.24213 0.00833333 0.0157407
0 0.486719 0.461574 0.0078125 0.012037
0 0.542448 0.241667 0.0078125 0.0148148
0 0.485938 0.353704 0.009375 0.0148148
0 0.316406 0.336574 0.0109375 0.0194444
0 0.628385 0.558796 0.00885417 0.0138889
0 0.636719 0.469907 0.0078125 0.0138889
0 0.648958 0.357407 0.009375 0.0185185
0 0.328646 0.452778 0.0104167 0.0185185
0 0.596615 0.354167 0.0130208 0.0231481
