0 0.492708 0.531944 0.00729167 0.012037
0 0.496615 0.850463 0.00572917 0.0101852
0 0.66849 0.738426 0.00572917 0.0101852
0 0.381771 0.637037 0.00625 0.0111111
0 0.492448 0.426389 0.00677083 0.012037
0 0.432813 0.427778 0.00625 0.0111111
0 0.610156 0.428241 0.00677083 0.012037
0 0.4375 0.535648 0.00625 0.012037
0 0.616146 0.304167 0.00833333 0.012037
0 0.436198 0.736574 0.0078125 0.012037
0 0.663281 0.634722 0.00677083 0.012037
0 0.377865 0.848611 0.00677083 0.0101852
0 0.613281 0.202778 0.00677083 0.0111111
0 0.669531 0.427315 0.00677083 0.0101852
0 0.4375 0.636111 0.00625 0.0111111
0 0.660937 0.535185 0.00625 0.0111111
0 0.554427 0.306944 0.0078125 0.012037
0 0.61224 0.848611 0.00677083 0.012037
0 0.435937 0.85 0.00729167 0.0111111
0 0.552865 0.202778 0.00677083 0.0111111
0 0.605208 0.536111 0.00625 0.012963
0 0.373698 0.424537 0.00677083 0.012037
0 0.369271 0.203704 0.00729167 0.0111111
0 0.670833 0.849074 0.00729167 0.012963
0 0.608854 0.636111 0.00729167 0.012963
0 0.491406 0.202778 0.0078125 0.0111111
0 0.428906 0.202778 0.00677083 0.0111111
0 0.382812 0.536111 0.00729167 0.012963
0 0.492448 0.30787 0.00677083 0.012037
0 0.673437 0.203241 0.00833333 0.012037
0 0.322917 0.637963 0.00625 0.0111111
0 0.367708 0.306019 0.00729167 0.0101852
0 0.325 0.536111 0.00729167 0.012963
0 0.428385 0.306944 0.0078125 0.012037
0 0.314583 0.424074 0.00729167 0.012963
0 0.611198 0.7375 0.0109375 0.0175926
0 0.320052 0.850463 0.0078125 0.012037
0 0.320833 0.739815 0.00833333 0.012963
0 0.308333 0.208333 0.00729167 0.0111111
0 0.307031 0.30787 0.00677083 0.012037
0 0.678125 0.308796 0.0145833 0.0194444
