0 0.665365 0.335648 0.00572917 0.012037
0 0.71224 0.600463 0.00572917 0.0101852
0 0.435417 0.80463 0.00625 0.0111111
0 0.665625 0.249074 0.00625 0.012963
0 0.711719 0.512963 0.00572917 0.0111111
0 0.497135 0.290741 0.0046875 0.0111111
0 0.664844 0.420833 0.00885417 0.0157407
0 0.435156 0.594907 0.00572917 0.0101852
0 0.713802 0.338426 0.00677083 0.012037
0 0.76224 0.69537 0.00572917 0.0111111
0 0.710677 0.691667 0.00572917 0.0111111
0 0.4375 0.388889 0.00520833 0.012963
0 0.713802 0.424074 0.0078125 0.0148148
0 0.714583 0.250926 0.00625 0.012963
0 0.7625 0.604167 0.00625 0.012037
0 0.435677 0.49537 0.00572917 0.012963
0 0.760156 0.785185 0.00572917 0.0111111
0 0.433594 0.701852 0.00572917 0.0111111
0 0.709635 0.780093 0.00572917 0.012037
0 0.765625 0.25463 0.00625 0.0111111
0 0.501823 0.186111 0.0078125 0.012963
0 0.442969 0.186574 0.00572917 0.012037
0 0.440104 0.287037 0.00520833 0.012963
