0 0.52526 0.751852 0.00989583 0.0148148
0 0.520573 0.661574 0.00885417 0.0157407
0 0.775 0.450926 0.009375 0.0185185
0 0.724219 0.713889 0.00989583 0.0166667
0 0.777083 0.848611 0.009375 0.0175926
0 0.733594 0.855093 0.0109375 0.0175926
0 0.63776 0.657407 0.0140625 0.0222222
0 0.665104 0.328704 0.0125 0.0222222
0 0.595833 0.826852 0.009375 0.0148148
0 0.498437 0.355093 0.00833333 0.0157407
0 0.686458 0.79537 0.009375 0.0166667
0 0.644531 0.800926 0.0109375 0.0203704
0 0.720833 0.637963 0.0104167 0.0166667
0 0.600521 0.912963 0.009375 0.0185185
0 0.728646 0.783796 0.009375 0.0175926
0 0.533854 0.85 0.0125 0.0185185
0 0.600521 0.738889 0.0114583 0.0166667
0 0.772396 0.706481 0.0166667 0.0240741
0 0.514063 0.55787 0.0104167 0.0194444
0 0.676302 0.640278 0.0119792 0.0194444
0 0.459896 0.668056 0.00833333 0.0157407
0 0.467187 0.864815 0.0135417 0.0166667
0 0.540365 0.946759 0.0140625 0.0194444
0 0.503646 0.458796 0.009375 0.0175926
0 0.452604 0.570833 0.00833333 0.0157407
0 0.464844 0.77037 0.0140625 0.0185185
0 0.4375 0.368981 0.00833333 0.0157407
0 0.442448 0.468519 0.0119792 0.0222222
