0 0.763281 0.755093 0.0151042 0.0212963
0 0.626823 0.897685 0.0109375 0.0212963
0 0.45 0.8125 0.0125 0.0138889
0 0.713802 0.890278 0.00885417 0.0157407
0 0.785156 0.503704 0.0109375 0.0166667
0 0.578385 0.90463 0.0078125 0.0166667
0 0.740625 0.363889 0.0104167 0.0222222
0 0.634115 0.664352 0.0130208 0.0212963
0 0.517708 0.715741 0.00833333 0.0148148
0 0.628385 0.807407 0.0109375 0.0185185
0 0.519531 0.625926 0.00885417 0.0148148
0 0.458594 0.612963 0.0078125 0.0148148
0 0.517708 0.81713 0.0104167 0.0175926
0 0.519792 0.314352 0.00729167 0.0138889
0 0.517187 0.420833 0.00833333 0.0157407
0 0.447135 0.905093 0.0078125 0.0138889
0 0.519792 0.52037 0.009375 0.0166667
0 0.458854 0.513426 0.00729167 0.0138889
0 0.673177 0.660648 0.00989583 0.0194444
0 0.516146 0.914352 0.0135417 0.0194444
0 0.458854 0.30787 0.00729167 0.0138889
0 0.454167 0.7125 0.0125 0.0175926
0 0.45651 0.40787 0.00989583 0.0194444
