0 0.584115 0.660185 0.00885417 0.0148148
0 0.583333 0.563426 0.00729167 0.0157407
0 0.483594 0.730556 0.00885417 0.0148148
0 0.577344 0.823148 0.00885417 0.012963
0 0.572396 0.904167 0.009375 0.0138889
0 0.733854 0.491667 0.00729167 0.0111111
0 0.477083 0.877778 0.00729167 0.012963
0 0.688021 0.491204 0.00729167 0.012037
0 0.528646 0.811111 0.009375 0.0148148
0 0.675521 0.746296 0.0104167 0.0148148
0 0.580729 0.740741 0.00833333 0.012963
0 0.717448 0.837037 0.0078125 0.012963
0 0.672396 0.828241 0.00833333 0.012037
0 0.683594 0.577778 0.0078125 0.012963
0 0.66901 0.913889 0.0078125 0.012963
0 0.62526 0.824074 0.00885417 0.012963
0 0.63724 0.574537 0.0078125 0.0138889
0 0.48125 0.805093 0.00833333 0.0138889
0 0.729948 0.581019 0.00677083 0.012037
0 0.622656 0.906018 0.0078125 0.012037
0 0.523958 0.891204 0.009375 0.0138889
0 0.635417 0.656482 0.0104167 0.0148148
0 0.641146 0.488889 0.00729167 0.0148148
0 0.72526 0.6625 0.00677083 0.012037
0 0.533073 0.731481 0.0078125 0.012963
0 0.720573 0.750463 0.0078125 0.012037
0 0.738021 0.40463 0.00729167 0.0148148
0 0.529948 0.559722 0.00885417 0.0175926
0 0.715104 0.920833 0.00729167 0.012037
0 0.680208 0.660185 0.0114583 0.0166667
0 0.534375 0.65463 0.00833333 0.0148148
0 0.785417 0.415741 0.00833333 0.0148148
0 0.627865 0.744444 0.0119792 0.0166667
0 0.783333 0.498148 0.00729167 0.012963
0 0.692969 0.397685 0.00885417 0.0194444
0 0.777865 0.587963 0.00885417 0.0148148
0 0.760938 0.924074 0.00833333 0.012963
0 0.770052 0.760648 0.0109375 0.0175926
0 0.765885 0.853704 0.00885417 0.0148148
0 0.647917 0.398611 0.009375 0.0194444
0 0.774479 0.670833 0.009375 0.0157407
