0 0.621875 0.660648 0.00625 0.012037
0 0.669792 0.653704 0.00625 0.0111111
0 0.607552 0.4875 0.00677083 0.012037
0 0.636198 0.828241 0.00572917 0.0101852
0 0.724479 0.736111 0.00625 0.00925926
0 0.683594 0.826389 0.00572917 0.0101852
0 0.690625 0.908796 0.00520833 0.0101852
0 0.600521 0.403241 0.00729167 0.012037
0 0.58724 0.83287 0.00572917 0.012037
0 0.528125 0.67037 0.00625 0.0111111
0 0.491406 0.756019 0.0078125 0.0138889
0 0.704167 0.477315 0.00625 0.012037
0 0.615104 0.572685 0.00625 0.012037
0 0.738542 0.905556 0.00625 0.0111111
0 0.595052 0.91713 0.00677083 0.012037
0 0.710417 0.564815 0.00625 0.0111111
0 0.547396 0.389815 0.00729167 0.0111111
0 0.554167 0.478704 0.00625 0.0111111
0 0.64375 0.914815 0.00625 0.0111111
0 0.730729 0.820833 0.00625 0.0101852
0 0.559896 0.571296 0.00625 0.0111111
0 0.752083 0.473148 0.00729167 0.0111111
0 0.540625 0.838426 0.00625 0.012037
0 0.496354 0.838426 0.00625 0.012037
0 0.648177 0.397685 0.00677083 0.012037
0 0.503125 0.924074 0.00729167 0.0111111
0 0.786458 0.902315 0.00729167 0.012037
0 0.58099 0.749074 0.0078125 0.012963
0 0.548177 0.919444 0.00677083 0.012963
0 0.717448 0.649074 0.0078125 0.0111111
0 0.484375 0.675463 0.00729167 0.0157407
0 0.535417 0.751852 0.00729167 0.012963
0 0.759635 0.561111 0.00677083 0.0111111
0 0.773177 0.731481 0.0078125 0.0111111
0 0.509375 0.577778 0.00729167 0.0111111
0 0.766146 0.64537 0.00833333 0.012963
0 0.460417 0.583333 0.00729167 0.012963
0 0.49401 0.473611 0.00677083 0.012037
0 0.78099 0.818519 0.0078125 0.012963
0 0.440885 0.481944 0.00677083 0.012037
0 0.48724 0.380556 0.0078125 0.0111111
0 0.745573 0.388426 0.0078125 0.0138889
0 0.697396 0.393519 0.00833333 0.0148148
0 0.432552 0.385648 0.0078125 0.012037
