0 0.613281 0.651852 0.00677083 0.0111111
0 0.66875 0.543981 0.00729167 0.012037
0 0.504167 0.864815 0.00625 0.0111111
0 0.739323 0.964815 0.00677083 0.012963
0 0.491667 0.550926 0.00729167 0.0111111
0 0.727604 0.543519 0.00729167 0.012963
0 0.557552 0.658796 0.00677083 0.012037
0 0.550781 0.550926 0.00677083 0.012963
0 0.727344 0.315741 0.0078125 0.0111111
0 0.792448 0.849537 0.0078125 0.012037
0 0.503906 0.763426 0.00677083 0.012037
0 0.609896 0.547222 0.00625 0.0111111
0 0.560677 0.861111 0.0078125 0.012963
0 0.797656 0.963426 0.0078125 0.012037
0 0.445833 0.98287 0.00729167 0.0138889
0 0.665885 0.318519 0.0078125 0.0111111
0 0.7875 0.538426 0.00729167 0.012037
0 0.502344 0.662037 0.00677083 0.012963
0 0.73151 0.417593 0.00885417 0.012963
0 0.78125 0.649074 0.00625 0.0111111
0 0.72526 0.651852 0.00677083 0.012963
0 0.445052 0.869444 0.00677083 0.012963
0 0.432292 0.553241 0.00625 0.012037
0 0.542969 0.325 0.00677083 0.0111111
0 0.445312 0.665278 0.00729167 0.0138889
0 0.559635 0.759722 0.00677083 0.0138889
0 0.670052 0.424537 0.0078125 0.012037
0 0.785677 0.747222 0.00885417 0.012963
0 0.543229 0.431019 0.00833333 0.012037
0 0.444792 0.768056 0.00625 0.012037
0 0.422656 0.337037 0.00677083 0.0111111
0 0.730208 0.751852 0.00729167 0.012963
0 0.422656 0.437963 0.00677083 0.012963
0 0.481771 0.327778 0.00729167 0.0111111
0 0.482812 0.432407 0.00833333 0.0111111
0 0.607292 0.428241 0.00729167 0.012037
0 0.78724 0.313889 0.00885417 0.012963
0 0.794531 0.419444 0.0130208 0.0185185
0 0.604427 0.323148 0.0078125 0.0111111
0 0.735417 0.853241 0.0114583 0.0175926
