0 0.674219 0.852778 0.00677083 0.0111111
0 0.502865 0.870833 0.00677083 0.012037
0 0.620052 0.969444 0.00677083 0.0111111
0 0.552604 0.554167 0.00729167 0.0101852
0 0.559896 0.862037 0.00729167 0.0111111
0 0.736198 0.956019 0.00677083 0.012037
0 0.611719 0.54537 0.00677083 0.0111111
0 0.617969 0.856944 0.0078125 0.012037
0 0.795833 0.950926 0.00833333 0.012963
0 0.558333 0.661111 0.00729167 0.0111111
0 0.502865 0.768519 0.00677083 0.0111111
0 0.728646 0.5375 0.00729167 0.012037
0 0.670573 0.540278 0.0078125 0.012037
0 0.669271 0.317593 0.00833333 0.0111111
0 0.670313 0.649537 0.00729167 0.012037
0 0.725521 0.644444 0.00625 0.0111111
0 0.493229 0.556481 0.00833333 0.0111111
0 0.790885 0.838889 0.0078125 0.0111111
0 0.44349 0.990741 0.0078125 0.012963
0 0.614062 0.651389 0.00833333 0.012037
0 0.730729 0.310185 0.00833333 0.0111111
0 0.558854 0.762037 0.00625 0.0111111
0 0.546354 0.434259 0.00833333 0.0111111
0 0.729167 0.744907 0.00729167 0.012037
0 0.788802 0.528704 0.00677083 0.0111111
0 0.734115 0.412037 0.00989583 0.012963
0 0.78125 0.638426 0.00729167 0.012037
0 0.502604 0.668056 0.00729167 0.012037
0 0.733594 0.845833 0.00885417 0.0138889
0 0.671875 0.421759 0.00833333 0.012037
0 0.444792 0.774537 0.00625 0.012037
0 0.545573 0.329167 0.0078125 0.0101852
0 0.789583 0.305093 0.009375 0.012037
0 0.44375 0.878241 0.00729167 0.012037
0 0.784635 0.736111 0.00885417 0.012963
0 0.608333 0.325 0.00833333 0.0111111
0 0.486198 0.337037 0.0078125 0.0111111
0 0.485938 0.439352 0.00833333 0.012037
0 0.609375 0.429167 0.00729167 0.012037
0 0.433854 0.5625 0.00729167 0.012037
0 0.445312 0.673611 0.00729167 0.0138889
0 0.425521 0.348611 0.009375 0.012037
0 0.42474 0.448148 0.0078125 0.0148148
0 0.796875 0.410185 0.015625 0.0203704
