0 0.653138 0.160914 0.007158 0.012726
0 0.582922 0.146311 0.005536 0.010715
0 0.519005 0.154611 0.005536 0.010715
0 0.468720 0.168943 0.006057 0.010768
0 0.427732 0.161967 0.007158 0.012726
0 0.387784 0.155099 0.003855 0.006852
0 0.338601 0.151458 0.005506 0.009789
0 0.648652 0.259230 0.009791 0.013917
0 0.583225 0.249754 0.007649 0.011853
0 0.525738 0.244800 0.008229 0.013758
0 0.472042 0.259711 0.006027 0.009842
0 0.428773 0.250647 0.004465 0.009683
0 0.383566 0.245094 0.004405 0.007831
0 0.334473 0.238681 0.004955 0.008810
0 0.645970 0.358194 0.006548 0.009895
0 0.579288 0.347198 0.007099 0.010874
0 0.522217 0.345533 0.006548 0.009895
0 0.469364 0.342443 0.005937 0.007064
0 0.423911 0.336402 0.007469 0.006299
0 0.378429 0.331285 0.005997 0.008916
0 0.327410 0.327921 0.008199 0.012832
0 0.646243 0.462560 0.007679 0.012779
0 0.573827 0.451441 0.009301 0.014790
0 0.517469 0.443821 0.009822 0.014843
0 0.463572 0.432742 0.005536 0.010715
0 0.419129 0.427732 0.004985 0.009736
0 0.374975 0.421823 0.004955 0.008810
0 0.324934 0.412530 0.005506 0.009789
0 0.640026 0.557916 0.007709 0.013705
0 0.566481 0.549465 0.011233 0.010374
0 0.505867 0.536307 0.008199 0.012832
0 0.457214 0.524374 0.005045 0.011587
0 0.413106 0.517080 0.006087 0.011694
0 0.367789 0.506878 0.005506 0.009789
0 0.321161 0.504890 0.007069 0.009948
0 0.634014 0.663031 0.005506 0.009789
0 0.560559 0.651806 0.004985 0.009736
0 0.502710 0.633830 0.009271 0.013864
0 0.452292 0.611979 0.010432 0.017674
0 0.408599 0.607973 0.008259 0.014684
0 0.365777 0.601273 0.007590 0.010001
0 0.314254 0.597393 0.009761 0.012991
0 0.628228 0.761213 0.010923 0.016801
0 0.553457 0.750318 0.011934 0.015981
0 0.486044 0.721626 0.007679 0.012779
0 0.445504 0.700785 0.008720 0.012885
0 0.403757 0.701150 0.008780 0.014737
0 0.361069 0.690291 0.005015 0.010662
0 0.312867 0.688606 0.007709 0.013705
