0 0.567448 0.553704 0.00677083 0.0111111
0 0.559896 0.818056 0.00625 0.0101852
0 0.476823 0.633333 0.00677083 0.012963
0 0.465365 0.878704 0.00572917 0.0111111
0 0.720833 0.50787 0.00625 0.012037
0 0.615625 0.660185 0.00625 0.012963
0 0.472135 0.713426 0.00677083 0.012037
0 0.55651 0.900926 0.00677083 0.0111111
0 0.748177 0.94537 0.0078125 0.012963
0 0.628646 0.402778 0.00833333 0.012963
0 0.519531 0.724537 0.00677083 0.012037
0 0.510417 0.890741 0.00729167 0.0111111
0 0.565885 0.73287 0.00677083 0.012037
0 0.56849 0.651389 0.00677083 0.012037
0 0.513021 0.806481 0.00625 0.0111111
0 0.703906 0.849074 0.00572917 0.0111111
0 0.603646 0.913889 0.00625 0.0111111
0 0.651563 0.921296 0.00625 0.0111111
0 0.715885 0.594907 0.00677083 0.012037
0 0.572917 0.462037 0.00729167 0.012963
0 0.522135 0.639352 0.00677083 0.012037
0 0.515104 0.545833 0.00729167 0.012037
0 0.752604 0.8625 0.00729167 0.012037
0 0.707812 0.763889 0.00729167 0.0111111
0 0.467969 0.794907 0.00677083 0.012037
0 0.765104 0.606019 0.00729167 0.012037
0 0.769792 0.518056 0.00729167 0.012037
0 0.465365 0.534722 0.00677083 0.012037
0 0.513802 0.439352 0.0078125 0.012037
0 0.676302 0.412037 0.0078125 0.012963
0 0.756771 0.773611 0.00833333 0.012037
0 0.725781 0.422222 0.0078125 0.012963
0 0.760677 0.689815 0.0078125 0.012963
0 0.577604 0.373611 0.00833333 0.0138889
0 0.519531 0.346296 0.00885417 0.012963
0 0.773698 0.431944 0.00885417 0.0138889
0 0.459375 0.431944 0.00833333 0.0138889
0 0.464323 0.336574 0.0078125 0.0138889
