0 0.559896 0.828704 0.00833333 0.0111111
0 0.558073 0.749074 0.00885417 0.0111111
0 0.510938 0.761574 0.00833333 0.012037
0 0.5125 0.835648 0.009375 0.0138889
0 0.765885 0.347222 0.0078125 0.0148148
0 0.605729 0.663889 0.009375 0.012963
0 0.509115 0.677315 0.0078125 0.012037
0 0.768229 0.458333 0.00833333 0.0185185
0 0.460677 0.764815 0.0078125 0.012963
0 0.558073 0.672222 0.00885417 0.012963
0 0.6625 0.47963 0.00833333 0.0148148
0 0.461979 0.918519 0.00833333 0.012963
0 0.704167 0.814352 0.00729167 0.012037
0 0.459115 0.686111 0.0078125 0.012963
0 0.497135 0.584259 0.0078125 0.0148148
0 0.610417 0.823611 0.009375 0.012037
0 0.552865 0.585185 0.00677083 0.012963
0 0.751562 0.887037 0.00833333 0.012963
0 0.559635 0.909259 0.0078125 0.012963
0 0.750521 0.809259 0.00833333 0.0148148
0 0.4375 0.368981 0.00833333 0.0138889
0 0.49349 0.363426 0.0078125 0.0138889
0 0.704167 0.736574 0.00729167 0.012037
0 0.608333 0.747222 0.0104167 0.012963
0 0.657812 0.817593 0.009375 0.012963
0 0.548437 0.479167 0.015625 0.0194444
0 0.609375 0.903241 0.00833333 0.012037
0 0.659115 0.575 0.0078125 0.012963
0 0.703385 0.893519 0.0078125 0.012963
0 0.511458 0.9125 0.00833333 0.0138889
0 0.4625 0.841667 0.00833333 0.0148148
0 0.703125 0.659259 0.00729167 0.012963
0 0.65651 0.898148 0.0078125 0.012963
0 0.447656 0.591667 0.0109375 0.0203704
0 0.709896 0.573148 0.00729167 0.012963
0 0.548958 0.3625 0.00833333 0.0157407
0 0.657552 0.740278 0.0109375 0.0138889
0 0.65651 0.663426 0.0119792 0.0157407
0 0.750781 0.735185 0.0078125 0.0148148
0 0.75026 0.665278 0.0078125 0.0157407
0 0.758073 0.575926 0.0078125 0.0166667
0 0.436198 0.47963 0.0119792 0.0222222
0 0.606771 0.581481 0.00833333 0.0166667
0 0.603385 0.474074 0.0109375 0.0148148
0 0.492188 0.475463 0.0177083 0.0231481
0 0.603906 0.356481 0.0109375 0.0222222
0 0.715885 0.352315 0.00885417 0.0194444
0 0.660677 0.356481 0.00885417 0.0203704
0 0.716406 0.460648 0.0130208 0.0231481
