0 0.705208 0.50463 0.00520833 0.00925926
0 0.477865 0.197222 0.00677083 0.00925926
0 0.496875 0.718056 0.00520833 0.0101852
0 0.563802 0.797222 0.00572917 0.00925926
0 0.75651 0.504167 0.00572917 0.0101852
0 0.761979 0.588889 0.00625 0.0111111
0 0.76849 0.770833 0.00572917 0.0101852
0 0.765625 0.680556 0.00625 0.0111111
0 0.652604 0.415278 0.00833333 0.0138889
0 0.702865 0.414815 0.00677083 0.0111111
0 0.710938 0.589352 0.00729167 0.012037
0 0.751823 0.415741 0.00572917 0.0111111
0 0.697396 0.326852 0.00625 0.0111111
0 0.717708 0.771296 0.00520833 0.0111111
0 0.420573 0.205093 0.00677083 0.0101852
0 0.747396 0.326389 0.00625 0.012037
0 0.447396 0.824537 0.00729167 0.012037
0 0.439844 0.721296 0.00572917 0.0111111
0 0.426302 0.408796 0.00572917 0.012037
0 0.423177 0.306481 0.00572917 0.0111111
0 0.430469 0.513889 0.00677083 0.012963
0 0.434896 0.614815 0.00625 0.0111111
