0 0.545573 0.538889 0.00572917 0.0111111
0 0.545573 0.368056 0.00677083 0.012037
0 0.444271 0.446296 0.00625 0.0111111
0 0.33125 0.346296 0.00729167 0.012963
0 0.445573 0.352778 0.00677083 0.012963
0 0.404687 0.623148 0.00729167 0.012963
0 0.59401 0.281019 0.00885417 0.0175926
0 0.33125 0.249537 0.00729167 0.0138889
0 0.59375 0.453241 0.00625 0.012037
0 0.403646 0.70787 0.00625 0.012037
0 0.544531 0.281481 0.0078125 0.0148148
0 0.641927 0.366667 0.00677083 0.0111111
0 0.358854 0.623611 0.00833333 0.0138889
0 0.445573 0.263426 0.0078125 0.0138889
0 0.642969 0.538889 0.00677083 0.012963
0 0.391927 0.447222 0.00677083 0.012963
0 0.451302 0.623611 0.0078125 0.0138889
0 0.341927 0.446296 0.00677083 0.012963
0 0.642708 0.453704 0.00625 0.0111111
0 0.358333 0.706481 0.00625 0.0111111
0 0.642187 0.79537 0.00729167 0.012963
0 0.384375 0.341667 0.00729167 0.012963
0 0.497917 0.621759 0.00833333 0.0138889
0 0.642708 0.624537 0.00625 0.012037
0 0.545573 0.625463 0.00677083 0.012037
0 0.451562 0.792593 0.00729167 0.012963
0 0.385156 0.249537 0.0078125 0.0138889
0 0.450781 0.70787 0.00677083 0.0138889
0 0.641927 0.280556 0.00885417 0.0166667
0 0.59401 0.624537 0.0078125 0.012037
0 0.64349 0.712037 0.00677083 0.012963
0 0.359635 0.788426 0.00677083 0.012037
0 0.594792 0.537963 0.00833333 0.012963
0 0.546875 0.792593 0.00729167 0.012963
0 0.499219 0.793056 0.0078125 0.0157407
0 0.498698 0.706481 0.0078125 0.0148148
0 0.405208 0.790278 0.00729167 0.0138889
0 0.595573 0.794444 0.0078125 0.0148148
0 0.594531 0.70787 0.00677083 0.0138889
0 0.546354 0.709259 0.00729167 0.0148148
