0 0.472656 0.884722 0.0078125 0.0138889
0 0.57474 0.763426 0.0078125 0.0138889
0 0.65026 0.41713 0.0078125 0.0138889
0 0.527083 0.436574 0.00729167 0.012037
0 0.75651 0.8375 0.0119792 0.0194444
0 0.636979 0.313889 0.00729167 0.0111111
0 0.466667 0.444907 0.00729167 0.012037
0 0.452604 0.680556 0.00729167 0.0148148
0 0.577083 0.324537 0.00729167 0.012037
0 0.796615 0.726389 0.00885417 0.0138889
0 0.486979 0.561111 0.00729167 0.012963
0 0.408854 0.457407 0.00729167 0.012963
0 0.429948 0.570833 0.00677083 0.0138889
0 0.710677 0.403241 0.00885417 0.0138889
0 0.772396 0.398611 0.015625 0.0212963
0 0.696875 0.302315 0.00729167 0.012037
0 0.755729 0.293519 0.00833333 0.012963
0 0.399219 0.357407 0.0078125 0.012963
