0 0.528906 0.585185 0.00885417 0.0148148
0 0.727865 0.634722 0.00572917 0.0101852
0 0.728385 0.723148 0.00677083 0.0111111
0 0.467708 0.384722 0.009375 0.0194444
0 0.536458 0.677315 0.00833333 0.0138889
0 0.586719 0.668981 0.0078125 0.012037
0 0.6375 0.651852 0.00729167 0.0111111
0 0.729167 0.552315 0.00729167 0.012037
0 0.727604 0.461111 0.00625 0.0111111
0 0.68125 0.472685 0.00625 0.0101852
0 0.634896 0.569907 0.00625 0.0101852
0 0.682292 0.561111 0.00729167 0.0111111
0 0.53125 0.455556 0.0104167 0.0185185
0 0.777344 0.884259 0.00885417 0.012963
0 0.539323 0.833333 0.0078125 0.012963
0 0.58776 0.750463 0.0078125 0.012037
0 0.58099 0.574537 0.00677083 0.012037
0 0.683073 0.643519 0.0078125 0.0111111
0 0.730208 0.809259 0.00729167 0.0111111
0 0.5375 0.75463 0.00833333 0.012963
0 0.727344 0.374537 0.00677083 0.0138889
0 0.776563 0.455556 0.00729167 0.012963
0 0.491406 0.765741 0.00885417 0.0148148
0 0.492188 0.839815 0.00729167 0.012963
0 0.492448 0.913889 0.00677083 0.0111111
0 0.731771 0.89213 0.00729167 0.012037
0 0.636719 0.821296 0.00677083 0.0111111
0 0.63776 0.904167 0.00677083 0.012037
0 0.53125 0.380556 0.0104167 0.0166667
0 0.589583 0.832407 0.00833333 0.012963
0 0.683594 0.730093 0.00885417 0.012037
0 0.684635 0.8125 0.0078125 0.012037
0 0.473698 0.49213 0.0109375 0.0194444
0 0.582812 0.47963 0.00833333 0.0148148
0 0.539583 0.912963 0.00833333 0.012963
0 0.635417 0.483333 0.00729167 0.012963
0 0.777083 0.630093 0.00833333 0.0138889
0 0.776823 0.544907 0.00989583 0.0138889
0 0.778646 0.811574 0.009375 0.0138889
0 0.635156 0.741204 0.00885417 0.012037
0 0.774219 0.372222 0.0078125 0.0148148
0 0.684115 0.899074 0.00677083 0.012963
0 0.588802 0.914352 0.0078125 0.0138889
0 0.778125 0.719907 0.0114583 0.0157407
0 0.68099 0.378241 0.0078125 0.0157407
0 0.636979 0.393519 0.00833333 0.0166667
