0 0.468229 0.280093 0.00625 0.0101852
0 0.47474 0.48287 0.00677083 0.0101852
0 0.594271 0.569444 0.00625 0.0111111
0 0.527083 0.273611 0.00625 0.0101852
0 0.691927 0.64213 0.00572917 0.0101852
0 0.528906 0.373611 0.00677083 0.0101852
0 0.416927 0.596759 0.00572917 0.0101852
0 0.544531 0.765741 0.0078125 0.0111111
0 0.696354 0.811574 0.00729167 0.012037
0 0.697135 0.263426 0.00677083 0.0101852
0 0.600521 0.740278 0.00729167 0.012037
0 0.645312 0.363889 0.00729167 0.0111111
0 0.7375 0.636574 0.00729167 0.012037
0 0.470573 0.381019 0.00677083 0.0101852
0 0.411198 0.290741 0.00677083 0.0111111
0 0.411979 0.386574 0.00625 0.0101852
0 0.413542 0.49213 0.00625 0.0101852
0 0.589063 0.366667 0.00729167 0.0111111
0 0.646615 0.735185 0.00677083 0.0111111
0 0.601823 0.830093 0.00677083 0.012037
0 0.741406 0.720833 0.0078125 0.012037
0 0.586458 0.268519 0.00833333 0.0111111
0 0.547656 0.862037 0.00677083 0.0111111
0 0.736979 0.550463 0.00729167 0.012037
0 0.696094 0.466204 0.00677083 0.0101852
0 0.423177 0.802778 0.00677083 0.0111111
0 0.650781 0.820833 0.0078125 0.012037
0 0.70026 0.360648 0.0078125 0.012037
0 0.419531 0.7 0.00677083 0.0111111
0 0.695312 0.727315 0.00729167 0.012037
0 0.75026 0.262963 0.0078125 0.0111111
0 0.74375 0.80787 0.00833333 0.012037
0 0.482292 0.794444 0.00833333 0.0111111
0 0.746354 0.461111 0.00729167 0.0111111
0 0.753385 0.356944 0.0078125 0.012037
