0 0.555729 0.792593 0.00520833 0.00925926
0 0.763021 0.595833 0.00729167 0.0101852
0 0.7625 0.779167 0.00520833 0.0101852
0 0.760938 0.422222 0.00625 0.0111111
0 0.711458 0.776389 0.00520833 0.0101852
0 0.760938 0.335185 0.00625 0.0111111
0 0.759896 0.247685 0.00520833 0.0101852
0 0.436719 0.193056 0.00677083 0.0101852
0 0.434115 0.709259 0.00572917 0.00925926
0 0.434635 0.602778 0.00572917 0.0111111
0 0.434375 0.395833 0.00520833 0.0101852
0 0.433073 0.502778 0.00572917 0.0111111
0 0.436198 0.294907 0.00572917 0.012037
