0 0.678646 0.827778 0.00833333 0.0148148
0 0.776563 0.29537 0.00729167 0.0111111
0 0.727083 0.293056 0.00625 0.0101852
0 0.744531 0.560185 0.00677083 0.0111111
0 0.70026 0.558796 0.00677083 0.0101852
0 0.644792 0.383333 0.00729167 0.0111111
0 0.781771 0.383796 0.00625 0.0101852
0 0.53151 0.253704 0.00677083 0.012963
0 0.79375 0.558333 0.00729167 0.0111111
0 0.538281 0.454167 0.0078125 0.0138889
0 0.663542 0.65 0.00625 0.012963
0 0.753125 0.647685 0.00729167 0.012037
0 0.685417 0.29213 0.00729167 0.0101852
0 0.788281 0.473148 0.0078125 0.012963
0 0.470052 0.456481 0.00885417 0.012963
0 0.708073 0.649537 0.0078125 0.012037
0 0.713021 0.740278 0.009375 0.0138889
0 0.594271 0.461574 0.00833333 0.012037
0 0.757292 0.741204 0.00833333 0.012037
0 0.466667 0.355093 0.0104167 0.0138889
0 0.798958 0.650463 0.00833333 0.012037
0 0.619792 0.751852 0.00833333 0.012963
0 0.532292 0.355093 0.009375 0.012037
0 0.602083 0.560185 0.00833333 0.012963
0 0.646354 0.293056 0.00833333 0.012037
0 0.720573 0.833333 0.00885417 0.0148148
0 0.613281 0.652778 0.00885417 0.012963
0 0.594792 0.27037 0.00729167 0.012963
0 0.76276 0.82963 0.0078125 0.0148148
0 0.810417 0.835648 0.0104167 0.0157407
0 0.488281 0.761574 0.0078125 0.012037
0 0.56276 0.761574 0.0078125 0.012037
0 0.473177 0.560185 0.00885417 0.012963
0 0.638021 0.84213 0.00833333 0.0138889
0 0.461198 0.255556 0.00885417 0.0148148
0 0.554427 0.656944 0.0109375 0.0138889
0 0.591667 0.360185 0.009375 0.0148148
0 0.670573 0.738426 0.0109375 0.0175926
0 0.545833 0.560185 0.009375 0.012963
0 0.808333 0.743981 0.0114583 0.0157407
0 0.480729 0.657407 0.009375 0.012963
0 0.496094 0.861111 0.0119792 0.0166667
0 0.570833 0.859722 0.0114583 0.0157407
