0 0.52526 0.943056 0.00885417 0.0138889
0 0.567969 0.493981 0.00989583 0.0175926
0 0.675 0.546296 0.00833333 0.012963
0 0.572396 0.931019 0.00833333 0.0138889
0 0.720833 0.524074 0.00833333 0.012963
0 0.805469 0.836574 0.0078125 0.0138889
0 0.708333 0.435648 0.00729167 0.012037
0 0.5625 0.852315 0.00729167 0.0138889
0 0.508854 0.8 0.009375 0.0148148
0 0.729167 0.604167 0.00729167 0.012037
0 0.517187 0.872222 0.00833333 0.0148148
0 0.554427 0.774537 0.0078125 0.0138889
0 0.665365 0.460185 0.0078125 0.012963
0 0.592188 0.67963 0.00729167 0.0148148
0 0.757552 0.41713 0.0078125 0.012037
0 0.739323 0.689815 0.00885417 0.012963
0 0.715104 0.875926 0.00729167 0.012963
0 0.629427 0.568981 0.0078125 0.0138889
0 0.621875 0.917593 0.00833333 0.0148148
0 0.669792 0.893519 0.00833333 0.0148148
0 0.659115 0.813426 0.0078125 0.0138889
0 0.705208 0.791204 0.00833333 0.0138889
0 0.777344 0.585648 0.00989583 0.0138889
0 0.75 0.774074 0.00729167 0.012963
0 0.508594 0.515741 0.0109375 0.0185185
0 0.576042 0.587963 0.00833333 0.0148148
0 0.798177 0.764352 0.0078125 0.0157407
0 0.745833 0.335185 0.00729167 0.0148148
0 0.561198 0.394444 0.00989583 0.0185185
0 0.694792 0.711111 0.009375 0.0148148
0 0.602865 0.75787 0.00989583 0.0157407
0 0.760677 0.857407 0.0078125 0.0148148
0 0.641667 0.65 0.009375 0.0148148
0 0.685417 0.627315 0.009375 0.0138889
0 0.766927 0.505556 0.00989583 0.0166667
0 0.620313 0.483333 0.009375 0.0148148
0 0.698438 0.350463 0.00833333 0.0157407
0 0.54401 0.699074 0.0119792 0.0203704
0 0.613281 0.838426 0.00885417 0.0157407
0 0.455208 0.541667 0.0145833 0.0259259
0 0.786979 0.674074 0.0104167 0.0166667
0 0.653646 0.368519 0.009375 0.0203704
0 0.649219 0.735185 0.0109375 0.0166667
0 0.611458 0.394444 0.009375 0.0185185
0 0.502344 0.407407 0.00989583 0.0185185
