0 0.552344 0.727778 0.0078125 0.0111111
0 0.604688 0.658333 0.009375 0.012963
0 0.504167 0.725926 0.009375 0.012963
0 0.45 0.791204 0.00833333 0.0138889
0 0.453906 0.313426 0.0078125 0.0138889
0 0.555469 0.563426 0.00677083 0.012037
0 0.453906 0.715741 0.00885417 0.0148148
0 0.502344 0.544907 0.0078125 0.012037
0 0.598177 0.819907 0.00885417 0.012037
0 0.503906 0.437037 0.0161458 0.0240741
0 0.542448 0.887963 0.0078125 0.012963
0 0.511198 0.325926 0.0078125 0.0148148
0 0.446094 0.865741 0.00885417 0.012963
0 0.640104 0.908796 0.00833333 0.012037
0 0.686198 0.918056 0.0078125 0.012037
0 0.691667 0.839815 0.00833333 0.012963
0 0.646354 0.828241 0.00833333 0.012037
0 0.59349 0.899074 0.0078125 0.012963
0 0.507292 0.642593 0.00833333 0.012963
0 0.457552 0.637037 0.0078125 0.012963
0 0.601042 0.741667 0.0104167 0.012963
0 0.555208 0.652315 0.0104167 0.0138889
0 0.55026 0.808333 0.00885417 0.0148148
0 0.745313 0.706019 0.00833333 0.0157407
0 0.613802 0.469907 0.00989583 0.0175926
0 0.501562 0.799074 0.009375 0.0166667
0 0.78125 0.398148 0.00833333 0.0166667
0 0.494792 0.876389 0.00833333 0.0138889
0 0.696615 0.762037 0.00885417 0.012963
0 0.699219 0.685185 0.00885417 0.012963
0 0.669271 0.490278 0.00833333 0.0157407
0 0.609375 0.577315 0.00833333 0.0138889
0 0.734375 0.927315 0.00833333 0.012037
0 0.61901 0.356944 0.0109375 0.0231481
0 0.758333 0.619444 0.00729167 0.0148148
0 0.742188 0.775463 0.00833333 0.0138889
0 0.64974 0.750463 0.00989583 0.0138889
0 0.710677 0.600926 0.00677083 0.012963
0 0.660417 0.587963 0.00833333 0.012963
0 0.652604 0.672222 0.0114583 0.0148148
0 0.564323 0.343056 0.00885417 0.0175926
0 0.77526 0.509259 0.00885417 0.0185185
0 0.558073 0.459722 0.0119792 0.0194444
0 0.738021 0.849537 0.00833333 0.0138889
0 0.451823 0.5375 0.0119792 0.0194444
0 0.446615 0.421759 0.0119792 0.0212963
0 0.730208 0.3875 0.009375 0.0212963
0 0.722135 0.494444 0.0130208 0.0259259
0 0.674479 0.372222 0.009375 0.0222222
