0 0.422656 0.428704 0.0046875 0.0111111
0 0.691667 0.319907 0.00625 0.012037
0 0.428646 0.534259 0.00625 0.0148148
0 0.702604 0.494444 0.00520833 0.0111111
0 0.685938 0.23287 0.00729167 0.012037
0 0.441406 0.739815 0.00572917 0.0111111
0 0.450521 0.841667 0.00625 0.012963
0 0.741667 0.313889 0.00729167 0.012963
0 0.470833 0.212963 0.00729167 0.0111111
0 0.747656 0.402315 0.00677083 0.012037
0 0.697917 0.406481 0.00729167 0.012963
0 0.735937 0.226852 0.00625 0.012963
0 0.720312 0.762037 0.00625 0.0111111
0 0.417448 0.326389 0.00572917 0.012037
0 0.413021 0.225463 0.00625 0.012037
