0 0.595573 0.572685 0.00677083 0.012037
0 0.692448 0.553241 0.00677083 0.012037
0 0.645573 0.562037 0.00677083 0.0111111
0 0.736458 0.626852 0.00833333 0.012963
0 0.41875 0.508333 0.00625 0.0111111
0 0.648698 0.468981 0.0078125 0.012037
0 0.653385 0.26713 0.0078125 0.0138889
0 0.478125 0.39213 0.00729167 0.012037
0 0.416927 0.715278 0.00677083 0.012037
0 0.536458 0.381944 0.00729167 0.012037
0 0.420312 0.404167 0.00729167 0.012037
0 0.422656 0.307407 0.00885417 0.012963
0 0.480208 0.29213 0.00729167 0.012037
0 0.701042 0.461111 0.00833333 0.012963
0 0.652865 0.362037 0.0078125 0.012963
0 0.536979 0.281481 0.00729167 0.012963
0 0.595573 0.370833 0.0078125 0.012037
0 0.738802 0.542593 0.0078125 0.012963
0 0.708333 0.260185 0.00833333 0.012963
0 0.596875 0.272685 0.0114583 0.0157407
0 0.708073 0.35463 0.0078125 0.012963
0 0.760938 0.252778 0.00833333 0.012963
0 0.750781 0.451852 0.00885417 0.012963
0 0.761198 0.347222 0.00885417 0.012963
