0 0.715885 0.668519 0.00677083 0.0111111
0 0.670052 0.813426 0.00572917 0.012037
0 0.714583 0.743981 0.00729167 0.012037
0 0.577083 0.437037 0.00625 0.0111111
0 0.734375 0.465741 0.00625 0.0148148
0 0.632812 0.445833 0.00625 0.012037
0 0.784635 0.496759 0.00989583 0.0157407
0 0.726823 0.592593 0.00677083 0.0111111
0 0.628646 0.572685 0.00625 0.012037
0 0.581771 0.556019 0.00625 0.012037
0 0.445052 0.9125 0.0078125 0.012037
0 0.711719 0.815741 0.00677083 0.0148148
0 0.757292 0.82037 0.00833333 0.0148148
0 0.742708 0.361111 0.009375 0.0203704
0 0.665625 0.89213 0.00625 0.0138889
0 0.590104 0.733796 0.00833333 0.0138889
0 0.778385 0.609259 0.00677083 0.012963
0 0.577344 0.819907 0.00677083 0.0138889
0 0.677865 0.577778 0.00677083 0.012963
0 0.786198 0.360648 0.0078125 0.0157407
0 0.753125 0.89537 0.00833333 0.0148148
0 0.586979 0.647222 0.00729167 0.012963
0 0.636458 0.335648 0.00729167 0.0138889
0 0.709115 0.8875 0.00885417 0.0175926
0 0.519271 0.629167 0.00833333 0.0138889
0 0.516146 0.721296 0.00833333 0.012963
0 0.684635 0.4625 0.00885417 0.0175926
0 0.58125 0.328241 0.00833333 0.0157407
0 0.51224 0.920833 0.0109375 0.0157407
0 0.690625 0.343519 0.0114583 0.0203704
0 0.623438 0.899074 0.00833333 0.0203704
0 0.627344 0.80787 0.00885417 0.0175926
0 0.523438 0.320833 0.00729167 0.0138889
0 0.520573 0.427778 0.0078125 0.0148148
0 0.760677 0.750463 0.0140625 0.0194444
0 0.672135 0.659259 0.00989583 0.0185185
0 0.513802 0.823148 0.00885417 0.0148148
0 0.632292 0.665278 0.0125 0.0175926
0 0.458594 0.621296 0.0078125 0.012963
0 0.575 0.906944 0.00729167 0.0194444
0 0.464323 0.316667 0.00677083 0.012963
0 0.447656 0.820833 0.0109375 0.0157407
0 0.459896 0.521759 0.00729167 0.0138889
0 0.521094 0.528241 0.00885417 0.0175926
0 0.460156 0.418056 0.00885417 0.0175926
0 0.454167 0.726852 0.0125 0.0166667
