0 0.557552 0.729167 0.00677083 0.0101852
0 0.76875 0.391667 0.00833333 0.0148148
0 0.748438 0.924074 0.00729167 0.012963
0 0.509635 0.729167 0.0078125 0.012037
0 0.702083 0.837037 0.00729167 0.0111111
0 0.748438 0.846759 0.00729167 0.012037
0 0.55651 0.891204 0.00677083 0.012037
0 0.655469 0.828241 0.0078125 0.012037
0 0.459635 0.872685 0.0078125 0.012037
0 0.459375 0.796296 0.00729167 0.012963
0 0.558854 0.810185 0.009375 0.012963
0 0.605208 0.660185 0.00833333 0.012963
0 0.702604 0.759722 0.00833333 0.012037
0 0.7 0.916204 0.00729167 0.012037
0 0.509115 0.645833 0.0078125 0.012037
0 0.457812 0.719444 0.00729167 0.012963
0 0.701823 0.683796 0.00885417 0.012037
0 0.458333 0.641204 0.00729167 0.012037
0 0.606771 0.9 0.00729167 0.0111111
0 0.510938 0.803241 0.009375 0.0157407
0 0.498698 0.548611 0.00677083 0.012037
0 0.709115 0.597685 0.00677083 0.012037
0 0.440104 0.31713 0.00833333 0.0157407
0 0.553125 0.564815 0.00729167 0.012963
0 0.653646 0.907407 0.00729167 0.012963
0 0.655729 0.750926 0.009375 0.012963
0 0.557031 0.653704 0.00989583 0.0148148
0 0.607813 0.818981 0.00833333 0.012037
0 0.66276 0.488889 0.00885417 0.0166667
0 0.658594 0.586574 0.0078125 0.0138889
0 0.749479 0.771759 0.00833333 0.0138889
0 0.655208 0.67037 0.0114583 0.0148148
0 0.60625 0.577778 0.00729167 0.0148148
0 0.748958 0.701389 0.00833333 0.0157407
0 0.496615 0.328704 0.00885417 0.0148148
0 0.507812 0.881944 0.00833333 0.0157407
0 0.603906 0.469444 0.0109375 0.0148148
0 0.606771 0.742593 0.0114583 0.0148148
0 0.757292 0.614352 0.00833333 0.0175926
0 0.769271 0.497685 0.009375 0.0194444
0 0.550521 0.461111 0.0135417 0.0203704
0 0.552083 0.34537 0.00833333 0.0148148
0 0.716146 0.490278 0.0145833 0.0268519
0 0.448438 0.541667 0.0114583 0.0222222
0 0.60651 0.355093 0.00989583 0.0212963
0 0.717188 0.381944 0.009375 0.0212963
0 0.66224 0.370833 0.00989583 0.0231481
0 0.438281 0.425463 0.0119792 0.0231481
0 0.494531 0.44213 0.0192708 0.0268519
