0 0.504948 0.328704 0.00885417 0.0148148
0 0.452604 0.873611 0.00833333 0.0138889
0 0.455729 0.72037 0.00729167 0.012963
0 0.455208 0.796296 0.00833333 0.0148148
0 0.609375 0.469444 0.0114583 0.0185185
0 0.776042 0.391204 0.009375 0.0175926
0 0.449219 0.541667 0.0119792 0.0222222
0 0.457552 0.641204 0.0078125 0.0138889
0 0.665625 0.487963 0.009375 0.0185185
0 0.549479 0.890278 0.00729167 0.012037
0 0.501042 0.882407 0.00833333 0.0148148
0 0.558594 0.345833 0.00885417 0.0157407
0 0.554427 0.72963 0.00677083 0.0111111
0 0.5 0.549537 0.00729167 0.0138889
0 0.505469 0.728704 0.00885417 0.012963
0 0.504687 0.803241 0.0104167 0.0157407
0 0.507812 0.646759 0.00833333 0.0138889
0 0.553385 0.810185 0.00885417 0.012963
0 0.552604 0.458796 0.0166667 0.0231481
0 0.611719 0.354167 0.0109375 0.0212963
0 0.605208 0.659722 0.00833333 0.0138889
0 0.554167 0.565278 0.00729167 0.0138889
0 0.667708 0.371296 0.009375 0.0222222
0 0.55599 0.653241 0.0109375 0.0157407
0 0.720312 0.488889 0.0135417 0.0259259
0 0.692187 0.915278 0.00729167 0.012037
0 0.6 0.898148 0.00833333 0.012963
0 0.602865 0.818981 0.00885417 0.012037
0 0.65026 0.826852 0.00885417 0.012963
0 0.608333 0.578241 0.00833333 0.0194444
0 0.652604 0.75 0.0104167 0.0148148
0 0.696615 0.836574 0.0078125 0.012037
0 0.723698 0.38287 0.00989583 0.0212963
0 0.772396 0.499537 0.009375 0.0212963
0 0.646615 0.906482 0.0078125 0.012963
0 0.659375 0.587037 0.009375 0.0148148
0 0.743229 0.845833 0.00729167 0.012037
0 0.740885 0.922222 0.0078125 0.012963
0 0.604167 0.741667 0.0125 0.0166667
0 0.698958 0.759259 0.00729167 0.0148148
0 0.709896 0.597685 0.00729167 0.0138889
0 0.653906 0.67037 0.0119792 0.0166667
0 0.746094 0.772685 0.0078125 0.0157407
0 0.757812 0.614352 0.00729167 0.0157407
0 0.700521 0.68287 0.00833333 0.0157407
0 0.747135 0.701852 0.00885417 0.0185185
