0 0.620573 0.330093 0.00677083 0.012037
0 0.716406 0.40787 0.00677083 0.0101852
0 0.665885 0.413426 0.0078125 0.012037
0 0.66901 0.325 0.00677083 0.0111111
0 0.431771 0.842593 0.00625 0.00925926
0 0.500781 0.317593 0.00677083 0.0111111
0 0.769271 0.229167 0.00625 0.0101852
0 0.670833 0.239352 0.00625 0.0101852
0 0.710156 0.672222 0.00572917 0.0111111
0 0.758854 0.756019 0.00625 0.0101852
0 0.50651 0.2125 0.00677083 0.0101852
0 0.765885 0.401852 0.00677083 0.0111111
0 0.717969 0.319444 0.00677083 0.0111111
0 0.440104 0.429167 0.00520833 0.0101852
0 0.71276 0.580556 0.00677083 0.0111111
0 0.719531 0.233333 0.00677083 0.0111111
0 0.7625 0.665741 0.00625 0.0111111
0 0.434115 0.634259 0.00572917 0.0111111
0 0.447917 0.225463 0.00729167 0.0101852
0 0.432031 0.740278 0.00572917 0.0101852
0 0.767708 0.313889 0.00729167 0.0111111
0 0.764323 0.574074 0.0078125 0.0111111
0 0.708594 0.761574 0.00677083 0.012037
0 0.444271 0.327315 0.00625 0.012037
0 0.436719 0.533796 0.00572917 0.012037
