0 0.578385 0.381019 0.00885417 0.0157407
0 0.517187 0.48287 0.0114583 0.0175926
0 0.463542 0.496296 0.0125 0.0222222
0 0.55026 0.834259 0.0078125 0.012963
0 0.559635 0.415278 0.0109375 0.0194444
0 0.680469 0.562037 0.00677083 0.0111111
0 0.728906 0.635648 0.00572917 0.0101852
0 0.497396 0.766204 0.00833333 0.0138889
0 0.726042 0.552778 0.00729167 0.0111111
0 0.716927 0.377315 0.00677083 0.012037
0 0.720833 0.4625 0.00625 0.0101852
0 0.460417 0.358796 0.00729167 0.0138889
0 0.502604 0.839352 0.00833333 0.0138889
0 0.59974 0.834259 0.0078125 0.0111111
0 0.738802 0.809722 0.00677083 0.0101852
0 0.589323 0.671296 0.00677083 0.012963
0 0.675781 0.474074 0.00677083 0.0111111
0 0.733594 0.724074 0.00677083 0.0111111
0 0.517448 0.378241 0.00989583 0.0157407
0 0.545573 0.754167 0.0078125 0.0138889
0 0.595052 0.751389 0.00885417 0.0138889
0 0.770052 0.45787 0.00677083 0.012037
0 0.578125 0.481019 0.00833333 0.0157407
0 0.505729 0.913889 0.00729167 0.0111111
0 0.697396 0.9 0.00729167 0.012963
0 0.634375 0.571759 0.00729167 0.012037
0 0.693229 0.813426 0.00833333 0.012037
0 0.579687 0.574537 0.00625 0.012037
0 0.650521 0.904167 0.00729167 0.012037
0 0.764063 0.375 0.00729167 0.0148148
0 0.640885 0.655093 0.00989583 0.0138889
0 0.526823 0.583333 0.0109375 0.0166667
0 0.539583 0.676852 0.009375 0.0166667
0 0.671354 0.381944 0.00833333 0.0157407
0 0.74401 0.893519 0.0078125 0.012963
0 0.602604 0.913889 0.00833333 0.0148148
0 0.688281 0.731944 0.00989583 0.0138889
0 0.646094 0.822222 0.0078125 0.012963
0 0.628906 0.485648 0.0078125 0.0138889
0 0.685417 0.646759 0.0104167 0.0138889
0 0.774219 0.547222 0.00989583 0.0148148
0 0.627083 0.39537 0.00833333 0.0185185
0 0.553385 0.913426 0.00885417 0.0138889
0 0.790104 0.884259 0.00833333 0.012963
0 0.641146 0.741667 0.0104167 0.0148148
0 0.788021 0.813889 0.009375 0.0148148
0 0.778125 0.631019 0.00833333 0.0138889
0 0.783333 0.72037 0.0114583 0.0166667
