0 0.663802 0.57037 0.00572917 0.00925926
0 0.602865 0.402778 0.00677083 0.0111111
0 0.722656 0.735648 0.00572917 0.0101852
0 0.705469 0.476852 0.00572917 0.0111111
0 0.728646 0.820833 0.00625 0.0101852
0 0.627083 0.743519 0.00625 0.0111111
0 0.608333 0.489352 0.00625 0.012037
0 0.686198 0.908796 0.00572917 0.0101852
0 0.527865 0.671296 0.00572917 0.0111111
0 0.489583 0.758333 0.00625 0.0111111
0 0.550521 0.389815 0.00729167 0.0111111
0 0.669271 0.652778 0.00625 0.0111111
0 0.735156 0.906944 0.00572917 0.0101852
0 0.590885 0.918056 0.00572917 0.0101852
0 0.545313 0.921296 0.00625 0.0111111
0 0.494271 0.840741 0.00625 0.0111111
0 0.538281 0.838889 0.00572917 0.0111111
0 0.555729 0.478704 0.00625 0.0111111
0 0.615104 0.572685 0.00625 0.012037
0 0.560677 0.572685 0.00572917 0.0101852
0 0.710417 0.563889 0.00625 0.0111111
0 0.484375 0.677778 0.00729167 0.0148148
0 0.584896 0.83287 0.00625 0.012037
0 0.651302 0.396296 0.00677083 0.012963
0 0.640104 0.916204 0.00625 0.0101852
0 0.534115 0.752778 0.00677083 0.012963
0 0.716667 0.648148 0.00729167 0.0111111
0 0.753125 0.472222 0.00625 0.0111111
0 0.783333 0.902315 0.00833333 0.012037
0 0.579427 0.750463 0.0078125 0.0138889
0 0.771615 0.731019 0.0078125 0.0101852
0 0.778646 0.817593 0.00833333 0.012963
0 0.759635 0.560185 0.00677083 0.0111111
0 0.765365 0.644444 0.0078125 0.012963
0 0.510156 0.578704 0.00677083 0.0111111
0 0.460938 0.583796 0.00729167 0.012037
0 0.489583 0.381019 0.00729167 0.012037
0 0.495052 0.474074 0.00677083 0.0111111
0 0.442448 0.48287 0.00677083 0.012037
0 0.69974 0.393056 0.0078125 0.0138889
0 0.747656 0.3875 0.0078125 0.0157407
0 0.435677 0.386111 0.0078125 0.012963
