0 0.593229 0.966667 0.00625 0.00925926
0 0.660937 0.764352 0.00729167 0.012037
0 0.60599 0.752315 0.00677083 0.0101852
0 0.651563 0.977315 0.00729167 0.012037
0 0.47474 0.943519 0.00677083 0.0111111
0 0.532552 0.954167 0.00677083 0.0101852
0 0.484115 0.834259 0.00677083 0.0111111
0 0.59974 0.85463 0.00677083 0.012963
0 0.666406 0.664352 0.00677083 0.012037
0 0.65651 0.868056 0.0078125 0.0138889
0 0.691927 0.33287 0.0078125 0.0101852
0 0.49349 0.732407 0.00677083 0.0111111
0 0.752865 0.344444 0.0078125 0.0111111
0 0.630208 0.322685 0.00833333 0.012037
0 0.611198 0.65 0.00677083 0.012963
0 0.540885 0.843056 0.0078125 0.012037
0 0.616927 0.544907 0.00677083 0.0138889
0 0.50026 0.63287 0.0078125 0.0138889
0 0.708854 0.988889 0.009375 0.0148148
0 0.674479 0.555556 0.00729167 0.012963
0 0.777604 0.684259 0.00729167 0.0111111
0 0.426042 0.825 0.00729167 0.012963
0 0.416927 0.933333 0.0078125 0.0111111
0 0.435156 0.723148 0.00677083 0.012963
0 0.686719 0.437963 0.00677083 0.012963
0 0.509635 0.298611 0.0078125 0.0101852
0 0.79349 0.577778 0.00677083 0.012963
0 0.555469 0.643056 0.0078125 0.0157407
0 0.561458 0.414352 0.00729167 0.012037
0 0.558594 0.534259 0.00677083 0.012963
0 0.499219 0.518981 0.0078125 0.0138889
0 0.449219 0.292593 0.0078125 0.0111111
0 0.549219 0.742593 0.0078125 0.0148148
0 0.623958 0.426852 0.00729167 0.012963
0 0.71901 0.775 0.0078125 0.0148148
0 0.770052 0.888426 0.0078125 0.012037
0 0.56901 0.310185 0.0078125 0.0111111
0 0.733854 0.568519 0.00833333 0.0148148
0 0.721354 0.675 0.00729167 0.012963
0 0.811979 0.356944 0.00833333 0.012037
0 0.440885 0.508796 0.0078125 0.0138889
0 0.44375 0.622222 0.00833333 0.0148148
0 0.500781 0.400463 0.00885417 0.0138889
0 0.440885 0.391667 0.0078125 0.012963
0 0.772656 0.783333 0.00885417 0.012963
0 0.748177 0.446296 0.00989583 0.0148148
0 0.810156 0.462963 0.0140625 0.0203704
0 0.714323 0.880093 0.0109375 0.0194444
