0 0.716667 0.686574 0.0125 0.0175926
0 0.673437 0.747222 0.0104167 0.0148148
0 0.514844 0.40463 0.0119792 0.0203704
0 0.520573 0.611111 0.0109375 0.0203704
0 0.670052 0.900463 0.00885417 0.0157407
0 0.672396 0.668519 0.0125 0.0240741
0 0.458594 0.589815 0.00885417 0.0166667
0 0.51901 0.506944 0.0119792 0.0194444
0 0.782552 0.393981 0.00989583 0.0194444
0 0.778125 0.639352 0.009375 0.0175926
0 0.458073 0.285185 0.0078125 0.0148148
0 0.672135 0.824074 0.00885417 0.0148148
0 0.733333 0.488889 0.009375 0.0185185
0 0.714323 0.90463 0.0109375 0.0185185
0 0.738802 0.385648 0.0130208 0.025
0 0.51875 0.802778 0.0125 0.0203704
0 0.458594 0.490278 0.00885417 0.0157407
0 0.590365 0.727778 0.00989583 0.0166667
0 0.452604 0.783796 0.0114583 0.0157407
0 0.627604 0.900463 0.0104167 0.0194444
0 0.635156 0.66713 0.0161458 0.025
0 0.455469 0.687963 0.0140625 0.0185185
0 0.784896 0.52963 0.0114583 0.0185185
0 0.715885 0.833796 0.0109375 0.0194444
0 0.578646 0.893056 0.009375 0.0194444
0 0.7625 0.777778 0.0177083 0.0240741
0 0.580729 0.810185 0.009375 0.0166667
0 0.454948 0.382407 0.0119792 0.0240741
0 0.517708 0.900463 0.0145833 0.025
0 0.628125 0.80787 0.0114583 0.0212963
