0 0.464844 0.357407 0.0078125 0.0148148
0 0.607813 0.528241 0.00625 0.0101852
0 0.563542 0.61713 0.00729167 0.0101852
0 0.60651 0.615278 0.00677083 0.0101852
0 0.563281 0.700463 0.0078125 0.012037
0 0.657292 0.354167 0.00625 0.0101852
0 0.4125 0.25 0.0104167 0.0166667
0 0.607813 0.444444 0.00625 0.0111111
0 0.417448 0.705556 0.00677083 0.0111111
0 0.607813 0.35463 0.00625 0.0111111
0 0.65625 0.527778 0.00729167 0.0111111
0 0.608333 0.702778 0.00729167 0.0111111
0 0.466406 0.546759 0.00677083 0.012037
0 0.41875 0.623148 0.00729167 0.0111111
0 0.370573 0.705556 0.0078125 0.012963
0 0.563281 0.53287 0.0078125 0.012037
0 0.467187 0.626389 0.00729167 0.012037
0 0.655208 0.443519 0.00729167 0.0111111
0 0.563021 0.450463 0.00729167 0.0101852
0 0.563281 0.361574 0.00677083 0.012037
0 0.515885 0.705556 0.00677083 0.012963
0 0.56276 0.786111 0.00677083 0.012963
0 0.65599 0.783796 0.0078125 0.012037
0 0.515365 0.365278 0.00677083 0.012037
0 0.416927 0.546296 0.0078125 0.012963
0 0.460156 0.452315 0.00677083 0.012037
0 0.656771 0.710648 0.00729167 0.012037
0 0.655469 0.27037 0.00677083 0.012963
0 0.370052 0.777778 0.0078125 0.0111111
0 0.610417 0.786574 0.00729167 0.012037
0 0.514844 0.452315 0.0078125 0.012037
0 0.468229 0.709722 0.00729167 0.012037
0 0.656771 0.618519 0.009375 0.012963
0 0.369792 0.631019 0.009375 0.0157407
0 0.516927 0.786574 0.00677083 0.0138889
0 0.466927 0.790278 0.00677083 0.0138889
0 0.516146 0.536574 0.00833333 0.0138889
0 0.417708 0.785648 0.00729167 0.012037
0 0.513802 0.623148 0.0078125 0.012963
0 0.608073 0.268056 0.00677083 0.012037
0 0.56224 0.26713 0.0078125 0.0138889
0 0.517969 0.275 0.0078125 0.0166667
