0 0.590625 0.405556 0.0104167 0.0185185
0 0.534115 0.573611 0.0078125 0.0157407
0 0.740365 0.479167 0.00677083 0.012037
0 0.611719 0.374537 0.00885417 0.0157407
0 0.732552 0.569444 0.00677083 0.0111111
0 0.491927 0.471296 0.0130208 0.0222222
0 0.575521 0.745833 0.00833333 0.012037
0 0.582552 0.664352 0.00677083 0.012037
0 0.595833 0.473611 0.0104167 0.0175926
0 0.527604 0.741667 0.00729167 0.012963
0 0.513021 0.901389 0.00833333 0.0138889
0 0.616927 0.824537 0.0078125 0.012037
0 0.670833 0.741204 0.009375 0.0138889
0 0.536979 0.466667 0.0114583 0.0203704
0 0.686458 0.571759 0.00729167 0.012037
0 0.694531 0.484259 0.00677083 0.012963
0 0.788021 0.481481 0.00729167 0.0111111
0 0.466406 0.893056 0.0078125 0.012037
0 0.610677 0.90787 0.00677083 0.012037
0 0.663802 0.823611 0.00885417 0.0138889
0 0.715625 0.741204 0.00729167 0.012037
0 0.723958 0.651852 0.00729167 0.012963
0 0.634635 0.656482 0.00885417 0.012963
0 0.709635 0.827778 0.0078125 0.012963
0 0.479167 0.745833 0.009375 0.0157407
0 0.647396 0.486574 0.00729167 0.0138889
0 0.569271 0.828241 0.00833333 0.0138889
0 0.65651 0.910185 0.00677083 0.012963
0 0.585677 0.568519 0.00677083 0.012963
0 0.702344 0.912037 0.00677083 0.012963
0 0.639583 0.573148 0.00729167 0.012963
0 0.519792 0.819907 0.00833333 0.0138889
0 0.553646 0.3625 0.009375 0.0175926
0 0.560417 0.90787 0.00729167 0.0138889
0 0.678906 0.655556 0.00885417 0.012963
0 0.747656 0.910185 0.0078125 0.012963
0 0.748177 0.392593 0.0078125 0.0148148
0 0.533073 0.6625 0.0109375 0.0194444
0 0.771875 0.653704 0.00833333 0.0148148
0 0.755729 0.838889 0.00833333 0.0148148
0 0.622917 0.743981 0.0104167 0.0157407
0 0.473698 0.819444 0.00989583 0.0166667
0 0.778385 0.57037 0.00989583 0.0148148
0 0.794271 0.396759 0.00833333 0.0157407
0 0.702865 0.387963 0.0078125 0.0166667
0 0.658333 0.394907 0.00833333 0.0175926
0 0.764583 0.744907 0.0114583 0.0175926
