0 0.470052 0.343056 0.00989583 0.0194444
0 0.476302 0.466667 0.0119792 0.0185185
0 0.636979 0.657407 0.00625 0.0111111
0 0.585417 0.661111 0.00625 0.0111111
0 0.727865 0.747222 0.00677083 0.0111111
0 0.536719 0.471296 0.00989583 0.0148148
0 0.727865 0.660185 0.0078125 0.0111111
0 0.682031 0.574537 0.00572917 0.0101852
0 0.683333 0.743519 0.00729167 0.0111111
0 0.728906 0.576852 0.00677083 0.0111111
0 0.777865 0.919444 0.00677083 0.0111111
0 0.634375 0.574074 0.00625 0.0111111
0 0.68125 0.487963 0.00625 0.0111111
0 0.729427 0.834259 0.00677083 0.0111111
0 0.727344 0.4875 0.00677083 0.012037
0 0.683333 0.659259 0.00729167 0.0111111
0 0.684115 0.826852 0.00677083 0.0111111
0 0.732292 0.916667 0.00625 0.0111111
0 0.633854 0.487037 0.00625 0.0111111
0 0.53724 0.657407 0.0078125 0.012963
0 0.776302 0.493056 0.00677083 0.012037
0 0.491927 0.88287 0.0078125 0.012037
0 0.579427 0.565741 0.00677083 0.0111111
0 0.530208 0.359722 0.0104167 0.0175926
0 0.538802 0.813426 0.0078125 0.012037
0 0.636979 0.824074 0.00729167 0.0111111
0 0.586979 0.372685 0.009375 0.0157407
0 0.684896 0.9125 0.00625 0.012037
0 0.638281 0.90787 0.00677083 0.012037
0 0.778906 0.847685 0.0078125 0.012037
0 0.539323 0.735648 0.0078125 0.012037
0 0.5875 0.741667 0.00833333 0.012963
0 0.589323 0.825 0.0078125 0.012963
0 0.539583 0.894907 0.00729167 0.012037
0 0.777083 0.664815 0.009375 0.012963
0 0.774219 0.408333 0.0078125 0.012963
0 0.775521 0.581481 0.00833333 0.012963
0 0.490104 0.735648 0.009375 0.0157407
0 0.635417 0.744444 0.00833333 0.012963
0 0.491927 0.809722 0.0078125 0.0138889
0 0.588281 0.906018 0.00677083 0.0138889
0 0.582292 0.472222 0.009375 0.0148148
0 0.726562 0.4 0.00729167 0.012963
0 0.777344 0.755556 0.00989583 0.012963
0 0.680729 0.394907 0.00729167 0.0157407
0 0.636198 0.397222 0.0078125 0.0148148
