0 0.765365 0.67037 0.00677083 0.012963
0 0.672917 0.731944 0.00625 0.0101852
0 0.445833 0.928704 0.00833333 0.012963
0 0.57526 0.44213 0.00677083 0.012037
0 0.459375 0.635185 0.00729167 0.012963
0 0.45026 0.831944 0.0109375 0.0138889
0 0.51849 0.637963 0.0078125 0.012963
0 0.632552 0.446296 0.00677083 0.012963
0 0.716146 0.736111 0.00833333 0.012963
0 0.716667 0.661111 0.00729167 0.012963
0 0.516927 0.730093 0.0078125 0.0138889
0 0.582031 0.558796 0.00677083 0.012037
0 0.671615 0.809259 0.00677083 0.012963
0 0.734375 0.456944 0.00625 0.0138889
0 0.727865 0.584722 0.00677083 0.012037
0 0.628906 0.571759 0.00677083 0.012037
0 0.591406 0.737037 0.00885417 0.012963
0 0.459115 0.536111 0.00677083 0.012963
0 0.520312 0.436111 0.00729167 0.0148148
0 0.741406 0.35 0.00885417 0.0185185
0 0.588021 0.651852 0.00729167 0.012963
0 0.779167 0.59537 0.00729167 0.012963
0 0.514844 0.92963 0.0119792 0.0166667
0 0.678385 0.572222 0.00677083 0.012963
0 0.75625 0.883333 0.00833333 0.0148148
0 0.715104 0.80787 0.00833333 0.0175926
0 0.454427 0.734722 0.00989583 0.0138889
0 0.521354 0.330093 0.00729167 0.0138889
0 0.760156 0.809259 0.00885417 0.0148148
0 0.785677 0.480556 0.00989583 0.0148148
0 0.579427 0.333333 0.0078125 0.0148148
0 0.460417 0.330556 0.00729167 0.012963
0 0.667448 0.888426 0.00677083 0.0157407
0 0.579167 0.823148 0.00729167 0.0148148
0 0.516406 0.82963 0.00885417 0.0148148
0 0.634375 0.334259 0.00729167 0.0148148
0 0.520312 0.5375 0.009375 0.0194444
0 0.7125 0.880093 0.00833333 0.0194444
0 0.784635 0.347222 0.0078125 0.0166667
0 0.626562 0.898611 0.00833333 0.0194444
0 0.684375 0.458333 0.00833333 0.0185185
0 0.577604 0.910185 0.00729167 0.0203704
0 0.633854 0.663889 0.0125 0.0185185
0 0.629167 0.806481 0.009375 0.0185185
0 0.672656 0.65463 0.00989583 0.0185185
0 0.457812 0.431019 0.009375 0.0194444
0 0.688802 0.338889 0.00989583 0.0203704
0 0.763021 0.738426 0.0135417 0.0194444
