0 0.558333 0.347685 0.0104167 0.0194444
0 0.478646 0.719907 0.0104167 0.0175926
0 0.472135 0.794444 0.00885417 0.0148148
0 0.491927 0.44213 0.0161458 0.0268519
0 0.597917 0.470833 0.0114583 0.0194444
0 0.591927 0.400463 0.0109375 0.0194444
0 0.661458 0.831944 0.00729167 0.012037
0 0.485417 0.548611 0.0104167 0.0212963
0 0.653646 0.917593 0.00625 0.0111111
0 0.70026 0.927315 0.00677083 0.012037
0 0.527344 0.724537 0.0078125 0.0138889
0 0.517969 0.803704 0.0078125 0.012963
0 0.464323 0.866204 0.00885417 0.0138889
0 0.614844 0.824537 0.0078125 0.012037
0 0.706771 0.843982 0.00729167 0.012037
0 0.613281 0.373148 0.0109375 0.0203704
0 0.740365 0.5 0.0078125 0.012963
0 0.66901 0.749537 0.00885417 0.0138889
0 0.607813 0.906018 0.00729167 0.012037
0 0.732552 0.588889 0.0078125 0.012963
0 0.69401 0.49537 0.0078125 0.012963
0 0.722917 0.670833 0.00729167 0.012037
0 0.581771 0.65787 0.00833333 0.0138889
0 0.632812 0.65787 0.009375 0.0138889
0 0.677865 0.664352 0.00989583 0.0138889
0 0.567448 0.818981 0.00885417 0.0138889
0 0.559115 0.9 0.0078125 0.0148148
0 0.788802 0.509722 0.0078125 0.012037
0 0.714323 0.75787 0.0078125 0.012037
0 0.685417 0.582407 0.00833333 0.012963
0 0.574219 0.737963 0.00989583 0.0148148
0 0.749219 0.412963 0.0078125 0.0148148
0 0.510417 0.883333 0.00833333 0.0148148
0 0.647917 0.490278 0.00833333 0.0138889
0 0.639063 0.575463 0.00833333 0.0138889
0 0.585938 0.561574 0.00729167 0.0138889
0 0.753646 0.864352 0.00833333 0.0138889
0 0.532812 0.647685 0.00833333 0.0157407
0 0.621354 0.743981 0.0104167 0.0157407
0 0.746094 0.935185 0.00885417 0.012963
0 0.778385 0.599074 0.00885417 0.0148148
0 0.533333 0.555093 0.009375 0.0175926
0 0.770833 0.680556 0.00833333 0.0148148
0 0.795573 0.426389 0.00885417 0.0157407
0 0.704167 0.402315 0.009375 0.0194444
0 0.658854 0.400926 0.009375 0.0203704
0 0.763021 0.771296 0.0114583 0.0185185
