0 0.763802 0.873611 0.00885417 0.0157407
0 0.588542 0.651389 0.00833333 0.0138889
0 0.676562 0.883333 0.00729167 0.0148148
0 0.458594 0.643981 0.0078125 0.0138889
0 0.719792 0.8 0.009375 0.0185185
0 0.677344 0.805093 0.0078125 0.0157407
0 0.778906 0.585185 0.0078125 0.0148148
0 0.455729 0.838426 0.0125 0.0157407
0 0.718229 0.653241 0.009375 0.0138889
0 0.720573 0.870833 0.00989583 0.0175926
0 0.519531 0.64537 0.00885417 0.0148148
0 0.455208 0.934259 0.0104167 0.0148148
0 0.679948 0.453704 0.00885417 0.0185185
0 0.633333 0.893981 0.0114583 0.0231481
0 0.586458 0.910185 0.00833333 0.0185185
0 0.635677 0.805093 0.00989583 0.0194444
0 0.782552 0.471759 0.00989583 0.0175926
0 0.777604 0.337963 0.00833333 0.0185185
0 0.456771 0.54537 0.00729167 0.0148148
0 0.626562 0.335648 0.009375 0.0157407
0 0.458073 0.744907 0.0130208 0.0175926
0 0.730208 0.45 0.00833333 0.0166667
0 0.571094 0.337037 0.00885417 0.0166667
0 0.521875 0.838426 0.0114583 0.0175926
0 0.513021 0.337037 0.00729167 0.012963
0 0.734896 0.342593 0.0104167 0.0203704
0 0.766667 0.72963 0.015625 0.0222222
0 0.513542 0.441204 0.00833333 0.0157407
0 0.522917 0.93287 0.0135417 0.0194444
0 0.679688 0.335185 0.0114583 0.0203704
0 0.634635 0.662037 0.0130208 0.0203704
0 0.673958 0.649074 0.0104167 0.0203704
0 0.516667 0.541667 0.0104167 0.0185185
0 0.450781 0.441667 0.0109375 0.0203704
0 0.452344 0.341204 0.00677083 0.0138889
