0 0.595312 0.568519 0.00625 0.0111111
0 0.59349 0.474537 0.00677083 0.0101852
0 0.692187 0.649537 0.00625 0.012037
0 0.598437 0.738426 0.00625 0.012037
0 0.73776 0.562963 0.00677083 0.0111111
0 0.645833 0.473611 0.00625 0.0101852
0 0.646875 0.270833 0.00729167 0.0101852
0 0.701042 0.272685 0.00729167 0.0101852
0 0.415885 0.474074 0.00572917 0.00925926
0 0.54375 0.758333 0.00729167 0.0111111
0 0.416667 0.578704 0.00520833 0.00925926
0 0.645833 0.738426 0.00625 0.0101852
0 0.415104 0.369444 0.00520833 0.0111111
0 0.694271 0.734259 0.00625 0.0111111
0 0.648698 0.366667 0.0078125 0.0111111
0 0.7375 0.648148 0.00625 0.0111111
0 0.703125 0.368056 0.00729167 0.0101852
0 0.69401 0.818981 0.00677083 0.0101852
0 0.591406 0.266204 0.00677083 0.0101852
0 0.739583 0.730556 0.00729167 0.0111111
0 0.545833 0.856944 0.00625 0.0101852
0 0.591927 0.365741 0.00677083 0.0111111
0 0.41849 0.682407 0.00572917 0.0111111
0 0.647917 0.824074 0.00729167 0.0111111
0 0.697917 0.473611 0.00729167 0.0101852
0 0.420833 0.784259 0.00729167 0.0111111
0 0.740625 0.818056 0.00729167 0.0101852
0 0.598437 0.828704 0.00729167 0.0111111
0 0.754687 0.275 0.00625 0.0111111
0 0.479948 0.781482 0.00885417 0.0111111
0 0.748958 0.474074 0.00729167 0.0111111
0 0.75651 0.370833 0.0078125 0.012037
