0 0.672135 0.746296 0.00677083 0.0111111
0 0.444792 0.884722 0.00833333 0.012037
0 0.578125 0.429167 0.00729167 0.0138889
0 0.757292 0.843982 0.009375 0.0157407
0 0.519531 0.613889 0.0078125 0.012963
0 0.788021 0.524074 0.0114583 0.0166667
0 0.669531 0.821296 0.00677083 0.012963
0 0.458594 0.596296 0.0078125 0.012963
0 0.665104 0.898611 0.00625 0.0138889
0 0.76276 0.708796 0.00677083 0.0138889
0 0.713802 0.759259 0.00885417 0.012963
0 0.446615 0.793981 0.0109375 0.0157407
0 0.633594 0.447222 0.00677083 0.012963
0 0.727604 0.610648 0.00729167 0.012037
0 0.716667 0.685648 0.009375 0.0138889
0 0.582552 0.550463 0.00677083 0.012037
0 0.460677 0.496296 0.00677083 0.012963
0 0.629427 0.575 0.00677083 0.012963
0 0.779167 0.635185 0.00729167 0.0148148
0 0.711458 0.831481 0.00833333 0.0166667
0 0.735677 0.484722 0.0078125 0.0157407
0 0.515885 0.703704 0.00885417 0.0148148
0 0.678646 0.587037 0.00833333 0.0148148
0 0.577344 0.812963 0.00677083 0.0148148
0 0.753125 0.916667 0.00833333 0.0148148
0 0.464063 0.289815 0.00729167 0.012963
0 0.586979 0.643056 0.00833333 0.0138889
0 0.788542 0.387037 0.00833333 0.0185185
0 0.590104 0.730093 0.0104167 0.0138889
0 0.573698 0.899537 0.00677083 0.0175926
0 0.686198 0.473148 0.00885417 0.0203704
0 0.744271 0.381481 0.0104167 0.0222222
0 0.525521 0.30463 0.00729167 0.0148148
0 0.638281 0.337963 0.00885417 0.0166667
0 0.513021 0.805556 0.00833333 0.0166667
0 0.522135 0.410185 0.00885417 0.0166667
0 0.583854 0.323148 0.009375 0.0166667
0 0.453646 0.695833 0.0135417 0.0175926
0 0.709635 0.901389 0.00989583 0.0194444
0 0.672396 0.667593 0.0104167 0.0185185
0 0.632552 0.669444 0.0130208 0.0203704
0 0.511719 0.90463 0.0130208 0.0185185
0 0.627865 0.808796 0.00989583 0.0194444
0 0.623698 0.9 0.00885417 0.0203704
0 0.521094 0.511574 0.00989583 0.0194444
0 0.690885 0.356019 0.0119792 0.0194444
0 0.459896 0.390741 0.0114583 0.0222222
0 0.760938 0.775463 0.0145833 0.0212963
