0 0.673177 0.743519 0.00677083 0.0111111
0 0.57474 0.431944 0.00677083 0.012037
0 0.716146 0.753241 0.00729167 0.012037
0 0.672917 0.818519 0.00625 0.0111111
0 0.765104 0.698148 0.00729167 0.012963
0 0.761198 0.836574 0.0078125 0.0138889
0 0.715625 0.826389 0.00729167 0.0138889
0 0.758073 0.906944 0.0078125 0.0138889
0 0.727344 0.602778 0.00677083 0.0111111
0 0.446354 0.892593 0.00729167 0.0111111
0 0.717708 0.677778 0.00833333 0.012963
0 0.779167 0.624537 0.00625 0.012037
0 0.670313 0.896759 0.00625 0.0138889
0 0.63125 0.446759 0.00729167 0.012037
0 0.519792 0.311111 0.00729167 0.012963
0 0.591927 0.732407 0.0078125 0.012963
0 0.519531 0.619444 0.0078125 0.012963
0 0.459115 0.605556 0.00885417 0.0148148
0 0.628906 0.574074 0.00677083 0.0111111
0 0.58099 0.552315 0.00677083 0.012037
0 0.785677 0.508796 0.00989583 0.0157407
0 0.580469 0.816667 0.00677083 0.012963
0 0.733333 0.475 0.00729167 0.0148148
0 0.678125 0.581944 0.00729167 0.0138889
0 0.45 0.805556 0.0114583 0.0166667
0 0.588021 0.645833 0.00729167 0.012037
0 0.714583 0.896759 0.00833333 0.0175926
0 0.455469 0.706481 0.0119792 0.0166667
0 0.458854 0.301389 0.00729167 0.0138889
0 0.763281 0.764815 0.0130208 0.0185185
0 0.741406 0.369444 0.00885417 0.0203704
0 0.782812 0.375 0.00729167 0.0166667
0 0.517187 0.711111 0.009375 0.0166667
0 0.579167 0.903704 0.00729167 0.0185185
0 0.517969 0.814352 0.00885417 0.0157407
0 0.630208 0.808333 0.009375 0.0185185
0 0.634635 0.668056 0.0119792 0.0175926
0 0.459115 0.506481 0.0078125 0.012963
0 0.673437 0.663889 0.009375 0.0185185
0 0.457552 0.401852 0.00989583 0.0185185
0 0.627083 0.900463 0.00833333 0.0194444
0 0.516667 0.912037 0.0114583 0.0166667
0 0.683594 0.468981 0.0078125 0.0175926
0 0.578646 0.323148 0.00833333 0.0166667
0 0.517187 0.415741 0.00833333 0.0166667
0 0.633594 0.335648 0.0078125 0.0138889
0 0.520312 0.51713 0.009375 0.0175926
0 0.68724 0.350463 0.00989583 0.0194444
