0 0.602344 0.661111 0.00989583 0.012963
0 0.546615 0.736111 0.0078125 0.0111111
0 0.527604 0.898148 0.00833333 0.012963
0 0.538802 0.816204 0.00885417 0.012037
0 0.554167 0.659722 0.009375 0.0138889
0 0.497917 0.739352 0.00833333 0.0138889
0 0.471094 0.331481 0.00885417 0.0148148
0 0.559896 0.571296 0.00625 0.012963
0 0.527344 0.335648 0.0078125 0.0138889
0 0.505469 0.656482 0.00885417 0.012963
0 0.678646 0.831944 0.00833333 0.012037
0 0.622656 0.469907 0.00989583 0.0157407
0 0.577604 0.902778 0.00833333 0.012963
0 0.45599 0.655556 0.0078125 0.012963
0 0.505208 0.558796 0.00729167 0.012037
0 0.669271 0.911111 0.00833333 0.012963
0 0.448177 0.733796 0.0078125 0.012037
0 0.432292 0.887963 0.00833333 0.012963
0 0.724479 0.837963 0.00729167 0.012963
0 0.695573 0.675926 0.00885417 0.012963
0 0.567708 0.462963 0.0135417 0.0203704
0 0.623958 0.906482 0.00833333 0.012963
0 0.586979 0.822222 0.00833333 0.0111111
0 0.480208 0.892593 0.00833333 0.0148148
0 0.579687 0.35 0.00833333 0.0148148
0 0.440625 0.809722 0.00833333 0.0138889
0 0.634635 0.825 0.00885417 0.012963
0 0.6875 0.753241 0.00833333 0.012037
0 0.711458 0.590278 0.00729167 0.012037
0 0.633594 0.35787 0.00989583 0.0212963
0 0.491406 0.813889 0.00989583 0.0166667
0 0.676562 0.482407 0.00833333 0.0166667
0 0.594271 0.743981 0.0104167 0.0138889
0 0.716667 0.913889 0.00833333 0.012963
0 0.65026 0.669444 0.0109375 0.0148148
0 0.611198 0.578241 0.0078125 0.0138889
0 0.515104 0.450463 0.0177083 0.025
0 0.6625 0.58287 0.00833333 0.0138889
0 0.757292 0.601852 0.00729167 0.0148148
0 0.733073 0.761574 0.00885417 0.0138889
0 0.791927 0.37963 0.0078125 0.0166667
0 0.688802 0.366204 0.0078125 0.0194444
0 0.457292 0.55463 0.0114583 0.0203704
0 0.642448 0.747685 0.0119792 0.0157407
0 0.739844 0.690741 0.00885417 0.0166667
0 0.73125 0.480556 0.0125 0.0240741
0 0.782292 0.488426 0.0104167 0.0212963
0 0.458073 0.443056 0.0140625 0.0231481
0 0.741406 0.373148 0.00885417 0.0203704
