0 0.580729 0.258333 0.00729167 0.0111111
0 0.673958 0.256019 0.00625 0.0101852
0 0.549219 0.710185 0.00885417 0.0166667
0 0.53724 0.346759 0.0078125 0.0101852
0 0.627083 0.434722 0.00625 0.0101852
0 0.628125 0.344444 0.00729167 0.0111111
0 0.672396 0.166667 0.00625 0.0111111
0 0.622917 0.166667 0.00625 0.0111111
0 0.63125 0.52037 0.00729167 0.0111111
0 0.584375 0.435185 0.00625 0.0111111
0 0.359375 0.54537 0.0104167 0.0148148
0 0.536719 0.262963 0.00677083 0.0111111
0 0.484375 0.239352 0.00833333 0.0138889
0 0.540365 0.4375 0.0078125 0.012037
0 0.586458 0.526852 0.00729167 0.0111111
0 0.356771 0.143981 0.009375 0.0157407
0 0.677604 0.431481 0.00729167 0.0111111
0 0.357292 0.346759 0.009375 0.0138889
0 0.583073 0.168056 0.00677083 0.012037
0 0.363542 0.748148 0.0114583 0.0148148
0 0.632812 0.615741 0.00729167 0.0111111
0 0.429948 0.139352 0.0078125 0.0138889
0 0.546094 0.61713 0.00885417 0.0138889
0 0.54349 0.171759 0.00677083 0.012037
0 0.5875 0.617593 0.00729167 0.012963
0 0.633594 0.705093 0.00677083 0.012037
0 0.482812 0.342593 0.00729167 0.0111111
0 0.590885 0.710648 0.00677083 0.0138889
0 0.491927 0.152315 0.0078125 0.012037
0 0.426042 0.2375 0.009375 0.0138889
0 0.541667 0.528241 0.00729167 0.012037
0 0.678646 0.522685 0.00833333 0.012037
0 0.677344 0.34537 0.00885417 0.012963
0 0.35625 0.449537 0.0114583 0.0138889
0 0.485677 0.441204 0.0078125 0.012037
0 0.360677 0.64537 0.0078125 0.012963
0 0.357031 0.241667 0.00989583 0.0148148
0 0.426562 0.340278 0.009375 0.0157407
0 0.435417 0.644907 0.00833333 0.012037
0 0.491927 0.536111 0.0078125 0.012963
0 0.681771 0.706019 0.00833333 0.0138889
0 0.683594 0.618056 0.00989583 0.0138889
0 0.493229 0.633333 0.009375 0.0148148
0 0.43151 0.539815 0.00989583 0.0148148
0 0.438021 0.743519 0.0114583 0.0148148
0 0.428906 0.443981 0.00885417 0.0157407
0 0.507552 0.723611 0.0078125 0.0138889
