0 0.452344 0.79537 0.00572917 0.0111111
0 0.446094 0.35463 0.00677083 0.0111111
0 0.546094 0.369444 0.00677083 0.0111111
0 0.444531 0.449074 0.00572917 0.0111111
0 0.595312 0.368056 0.00625 0.0101852
0 0.644271 0.626389 0.00625 0.0101852
0 0.644792 0.714352 0.00625 0.0101852
0 0.40625 0.79213 0.00625 0.0101852
0 0.497656 0.283796 0.00677083 0.0101852
0 0.644531 0.540741 0.0078125 0.0111111
0 0.64349 0.368981 0.00677083 0.0101852
0 0.596094 0.538889 0.0078125 0.0111111
0 0.359635 0.791204 0.00572917 0.0101852
0 0.358854 0.546759 0.00729167 0.0157407
0 0.643229 0.456944 0.00625 0.0101852
0 0.446615 0.264815 0.00677083 0.0111111
0 0.595573 0.796296 0.00677083 0.0111111
0 0.392188 0.450463 0.00625 0.012037
0 0.358854 0.706944 0.00625 0.0101852
0 0.359115 0.625 0.00885417 0.012963
0 0.546354 0.28287 0.00729167 0.012037
0 0.343229 0.45 0.00625 0.0111111
0 0.384896 0.344444 0.00625 0.0111111
0 0.332292 0.348611 0.00729167 0.012037
0 0.595312 0.28287 0.00729167 0.012037
0 0.642969 0.281019 0.0078125 0.012037
0 0.33151 0.250463 0.00677083 0.012037
0 0.385938 0.250463 0.00729167 0.012037
