0 0.76901 0.626389 0.0078125 0.0138889
0 0.684896 0.712963 0.00729167 0.0111111
0 0.614844 0.447222 0.00677083 0.012963
0 0.477865 0.972222 0.00885417 0.012963
0 0.521354 0.668519 0.00833333 0.0148148
0 0.727344 0.705093 0.00885417 0.0138889
0 0.472396 0.877778 0.0125 0.0148148
0 0.491146 0.366667 0.00729167 0.012963
0 0.696615 0.865741 0.00677083 0.0148148
0 0.557031 0.458796 0.00677083 0.012037
0 0.591406 0.659722 0.0078125 0.012037
0 0.779427 0.7625 0.00885417 0.0138889
0 0.783594 0.836111 0.00885417 0.0148148
0 0.529167 0.756019 0.009375 0.0138889
0 0.776823 0.547685 0.00677083 0.0138889
0 0.452083 0.586574 0.00833333 0.0157407
0 0.460677 0.681481 0.00989583 0.0148148
0 0.46875 0.784259 0.0125 0.0166667
0 0.608594 0.915278 0.00677083 0.0175926
0 0.733594 0.774537 0.0078125 0.0175926
0 0.691146 0.788426 0.00729167 0.0138889
0 0.723177 0.551852 0.00677083 0.012963
0 0.624219 0.57037 0.00677083 0.012963
0 0.601302 0.828704 0.0078125 0.0148148
0 0.604167 0.743056 0.0104167 0.0138889
0 0.431771 0.385648 0.00729167 0.0138889
0 0.716667 0.426389 0.00729167 0.0157407
0 0.576042 0.572222 0.00729167 0.012963
0 0.721354 0.62963 0.00833333 0.012963
0 0.771094 0.433796 0.00989583 0.0157407
0 0.539583 0.858796 0.0125 0.0175926
0 0.5125 0.568519 0.009375 0.0185185
0 0.54974 0.352315 0.00885417 0.0157407
0 0.673437 0.556019 0.00729167 0.0138889
0 0.655469 0.890741 0.00885417 0.0203704
0 0.49974 0.472222 0.00885417 0.0166667
0 0.640104 0.657407 0.0114583 0.0185185
0 0.676823 0.637037 0.0109375 0.0185185
0 0.547135 0.955556 0.0130208 0.0166667
0 0.666406 0.441667 0.00885417 0.0185185
0 0.439583 0.485648 0.0104167 0.0194444
0 0.740885 0.844907 0.00885417 0.0175926
0 0.604948 0.337963 0.00885417 0.0166667
0 0.64974 0.799074 0.00989583 0.0185185
0 0.71276 0.319444 0.00989583 0.0203704
0 0.755729 0.30463 0.009375 0.0185185
0 0.775 0.693981 0.0145833 0.0212963
0 0.658333 0.325 0.0114583 0.0203704
