0 0.673177 0.356019 0.00885417 0.0138889
0 0.683333 0.439352 0.00833333 0.012037
0 0.729688 0.425463 0.00833333 0.0138889
0 0.51901 0.386574 0.00885417 0.0138889
0 0.716667 0.340278 0.00729167 0.012037
0 0.705208 0.252315 0.00729167 0.012037
0 0.753125 0.238426 0.00729167 0.012037
0 0.639583 0.456019 0.00729167 0.012037
0 0.630208 0.374537 0.00729167 0.012037
0 0.738542 0.514815 0.00729167 0.0111111
0 0.652604 0.543056 0.00729167 0.0138889
0 0.765365 0.324074 0.00677083 0.0111111
0 0.695573 0.528704 0.00677083 0.012963
0 0.44401 0.313889 0.00885417 0.0148148
0 0.752344 0.598148 0.0078125 0.012963
0 0.498698 0.810648 0.0078125 0.0138889
0 0.599219 0.564815 0.00885417 0.012963
0 0.665104 0.266204 0.00833333 0.0138889
0 0.576302 0.37037 0.00989583 0.0148148
0 0.777344 0.411574 0.00885417 0.0157407
0 0.585417 0.468981 0.00729167 0.012037
0 0.7875 0.494907 0.00729167 0.0138889
0 0.708333 0.617593 0.00833333 0.012963
0 0.463542 0.509722 0.00833333 0.012037
0 0.453646 0.412963 0.0114583 0.0166667
0 0.797917 0.583333 0.00833333 0.012963
0 0.7625 0.689815 0.00833333 0.012963
0 0.627344 0.753241 0.0109375 0.0157407
0 0.811979 0.675926 0.009375 0.0148148
0 0.691146 0.806019 0.0104167 0.0175926
0 0.717448 0.706481 0.00885417 0.0148148
0 0.472396 0.6125 0.009375 0.0138889
0 0.664583 0.633796 0.00833333 0.0157407
0 0.627083 0.283333 0.00833333 0.0148148
0 0.530208 0.484259 0.009375 0.0148148
0 0.676042 0.72037 0.0114583 0.0203704
0 0.615625 0.656482 0.009375 0.0148148
0 0.574479 0.280093 0.00833333 0.0157407
0 0.572396 0.781944 0.009375 0.0138889
0 0.773177 0.778704 0.00885417 0.0148148
0 0.511458 0.283796 0.00729167 0.0138889
0 0.485417 0.70787 0.0104167 0.0157407
0 0.821354 0.765278 0.009375 0.0157407
0 0.51224 0.906018 0.0119792 0.0175926
0 0.557031 0.681481 0.0119792 0.0148148
0 0.65026 0.836574 0.00885417 0.0175926
0 0.585417 0.878241 0.0135417 0.0175926
0 0.54349 0.587037 0.0109375 0.0166667
0 0.73099 0.796759 0.0109375 0.0194444
