0 0.746875 0.534722 0.00625 0.0101852
0 0.703906 0.275926 0.0078125 0.012963
0 0.751302 0.620833 0.00677083 0.0101852
0 0.70651 0.721296 0.0078125 0.012963
0 0.65651 0.377315 0.00677083 0.0101852
0 0.797917 0.523611 0.00625 0.0101852
0 0.752604 0.714815 0.00625 0.0111111
0 0.752344 0.803704 0.00677083 0.012963
0 0.70625 0.631019 0.00729167 0.012037
0 0.797917 0.438426 0.00833333 0.012037
0 0.602865 0.464815 0.0078125 0.0111111
0 0.798698 0.614352 0.00885417 0.012037
0 0.661198 0.639815 0.00572917 0.012963
0 0.663281 0.286111 0.00677083 0.012963
0 0.802083 0.708796 0.0104167 0.0138889
0 0.605208 0.561574 0.00833333 0.012037
0 0.79974 0.797685 0.00885417 0.0138889
0 0.66849 0.818056 0.00989583 0.0175926
0 0.610677 0.654167 0.00885417 0.0138889
0 0.479427 0.786574 0.00677083 0.0101852
0 0.625781 0.839352 0.0078125 0.012037
0 0.605469 0.362037 0.00885417 0.0148148
0 0.709115 0.815278 0.00885417 0.0157407
0 0.552083 0.669907 0.0104167 0.012037
0 0.554167 0.772222 0.00729167 0.0111111
0 0.663281 0.728241 0.00989583 0.0175926
0 0.478125 0.381944 0.009375 0.012037
0 0.547135 0.37037 0.00885417 0.012963
0 0.551302 0.268056 0.00677083 0.012037
0 0.478125 0.483333 0.009375 0.0111111
0 0.61224 0.751389 0.00885417 0.0138889
0 0.546354 0.469444 0.009375 0.012963
0 0.478385 0.68287 0.00989583 0.012037
0 0.476823 0.5875 0.00989583 0.0138889
0 0.61276 0.274074 0.0078125 0.012963
0 0.479167 0.284722 0.00729167 0.0138889
0 0.547396 0.573611 0.00833333 0.0138889
0 0.556771 0.870833 0.0135417 0.0157407
0 0.482031 0.884722 0.0119792 0.0157407
