0 0.5375 0.923148 0.00625 0.012963
0 0.670313 0.738426 0.00625 0.012037
0 0.492448 0.928241 0.00572917 0.012037
0 0.710938 0.558796 0.00729167 0.0138889
0 0.626823 0.827778 0.00677083 0.012963
0 0.71901 0.730556 0.0078125 0.012963
0 0.759896 0.552315 0.00625 0.012037
0 0.764323 0.636574 0.00677083 0.0138889
0 0.774479 0.89537 0.00625 0.012963
0 0.714844 0.643981 0.0078125 0.0138889
0 0.768229 0.722685 0.00729167 0.012037
0 0.583333 0.918519 0.00729167 0.012963
0 0.632031 0.9125 0.00677083 0.0138889
0 0.679167 0.90463 0.00625 0.012963
0 0.579687 0.833333 0.00729167 0.0148148
0 0.772135 0.8125 0.00677083 0.012037
0 0.723177 0.815278 0.00572917 0.012037
0 0.727604 0.9 0.00625 0.012963
0 0.675 0.822685 0.00729167 0.0138889
