0 0.438281 0.785185 0.0140625 0.0148148
0 0.665104 0.748611 0.00729167 0.012037
0 0.510938 0.703704 0.009375 0.0148148
0 0.430208 0.880093 0.00833333 0.0138889
0 0.460417 0.589352 0.00833333 0.0138889
0 0.641927 0.448148 0.0078125 0.0148148
0 0.75651 0.384722 0.0109375 0.0231481
0 0.659115 0.823148 0.00677083 0.012963
0 0.567448 0.811574 0.00677083 0.0157407
0 0.652344 0.901389 0.00677083 0.0157407
0 0.451302 0.689352 0.0140625 0.0194444
0 0.586979 0.427778 0.00729167 0.012963
0 0.519531 0.611111 0.00885417 0.0148148
0 0.758854 0.710648 0.00729167 0.0138889
0 0.747135 0.849074 0.0109375 0.0185185
0 0.739323 0.920833 0.0078125 0.0157407
0 0.585938 0.64213 0.00833333 0.0138889
0 0.560417 0.897685 0.00625 0.0175926
0 0.701823 0.833796 0.00885417 0.0175926
0 0.707552 0.762037 0.00885417 0.0148148
0 0.798698 0.392593 0.00885417 0.0185185
0 0.617708 0.808333 0.009375 0.0185185
0 0.585417 0.548611 0.00729167 0.0138889
0 0.778906 0.638889 0.0078125 0.0148148
0 0.742448 0.487037 0.0078125 0.0166667
0 0.792448 0.526389 0.0109375 0.0175926
0 0.728385 0.613426 0.0078125 0.0138889
0 0.466406 0.490741 0.0078125 0.0148148
0 0.597135 0.321296 0.00989583 0.0185185
0 0.69375 0.474537 0.009375 0.0212963
0 0.713542 0.687963 0.0104167 0.0148148
0 0.584635 0.729167 0.0109375 0.0157407
0 0.696094 0.905093 0.00989583 0.0212963
0 0.609115 0.9 0.00989583 0.0240741
0 0.63125 0.574537 0.00729167 0.0138889
0 0.753646 0.779167 0.015625 0.0231481
0 0.530729 0.406944 0.009375 0.0175926
0 0.651823 0.338426 0.00989583 0.0175926
0 0.702865 0.35787 0.0130208 0.0231481
0 0.680208 0.588889 0.009375 0.0166667
0 0.505469 0.804167 0.00989583 0.0194444
0 0.480208 0.285648 0.00729167 0.0138889
0 0.540104 0.300926 0.00833333 0.0148148
0 0.497135 0.901852 0.0151042 0.0222222
0 0.630208 0.668981 0.0135417 0.0231481
0 0.670833 0.668056 0.0114583 0.0212963
0 0.526302 0.507407 0.00989583 0.0203704
0 0.470573 0.385648 0.0109375 0.0231481
