0 0.710677 0.687037 0.00572917 0.0111111
0 0.491667 0.710648 0.00520833 0.0101852
0 0.503125 0.187963 0.00729167 0.00925926
0 0.667448 0.244907 0.00572917 0.0101852
0 0.7125 0.596296 0.00729167 0.0111111
0 0.498698 0.294907 0.00677083 0.0101852
0 0.764063 0.425463 0.00625 0.0101852
0 0.766927 0.250926 0.00677083 0.0111111
0 0.716146 0.333333 0.00625 0.0111111
0 0.76276 0.689815 0.00677083 0.0111111
0 0.716146 0.420833 0.00729167 0.012037
0 0.763542 0.598148 0.00729167 0.0111111
0 0.716406 0.247222 0.00677083 0.0111111
0 0.765885 0.337963 0.00677083 0.0111111
0 0.759896 0.77963 0.00625 0.0111111
0 0.708854 0.776852 0.00625 0.0111111
0 0.434635 0.601852 0.00677083 0.0111111
0 0.43776 0.395833 0.00572917 0.012037
0 0.444271 0.193056 0.00625 0.0101852
0 0.435417 0.501389 0.00625 0.012037
0 0.433073 0.708333 0.00572917 0.0111111
0 0.441146 0.294444 0.00625 0.012963
