0 0.752604 0.623148 0.00625 0.00925926
0 0.707031 0.633333 0.00677083 0.0111111
0 0.790625 0.440278 0.00729167 0.012037
0 0.710417 0.723148 0.00729167 0.012963
0 0.794792 0.525926 0.00625 0.0111111
0 0.596094 0.465278 0.00677083 0.012037
0 0.75599 0.716204 0.00677083 0.012037
0 0.613281 0.656018 0.0078125 0.012037
0 0.650521 0.286574 0.00625 0.012037
0 0.603125 0.563426 0.00833333 0.012037
0 0.592448 0.365741 0.0078125 0.012963
0 0.617969 0.752778 0.0078125 0.012963
0 0.536719 0.268519 0.00677083 0.0111111
0 0.676823 0.818519 0.00885417 0.0148148
0 0.798958 0.616667 0.00729167 0.0111111
0 0.486458 0.786111 0.00625 0.0111111
0 0.717188 0.816667 0.00833333 0.0148148
0 0.760156 0.805556 0.00677083 0.012963
0 0.470833 0.381481 0.009375 0.012963
0 0.540625 0.468981 0.00729167 0.012037
0 0.805729 0.711574 0.0104167 0.0138889
0 0.66849 0.730093 0.00989583 0.0175926
0 0.808073 0.801852 0.0078125 0.012963
0 0.480729 0.681944 0.00833333 0.0138889
0 0.560938 0.772222 0.00729167 0.0111111
0 0.536198 0.370833 0.0078125 0.012037
0 0.553906 0.669907 0.0109375 0.0138889
0 0.635677 0.839815 0.0078125 0.012963
0 0.598698 0.274074 0.0078125 0.012963
0 0.466406 0.283796 0.0078125 0.0138889
0 0.472656 0.483796 0.00885417 0.012037
0 0.545573 0.574074 0.0078125 0.012963
0 0.473698 0.586574 0.0078125 0.0138889
0 0.567969 0.87037 0.0130208 0.0148148
0 0.49349 0.883796 0.0109375 0.0157407
