0 0.673437 0.255556 0.00625 0.0111111
0 0.630729 0.519907 0.00625 0.0101852
0 0.582031 0.168981 0.00677083 0.012037
0 0.585677 0.525926 0.00677083 0.0111111
0 0.482292 0.34213 0.00625 0.0101852
0 0.541406 0.526852 0.00677083 0.0111111
0 0.677604 0.430093 0.00625 0.0101852
0 0.63125 0.614815 0.00729167 0.0111111
0 0.535937 0.2625 0.00729167 0.012037
0 0.548958 0.706019 0.00833333 0.0138889
0 0.677083 0.344907 0.00833333 0.012037
0 0.632552 0.704167 0.00677083 0.012037
0 0.542969 0.172222 0.00677083 0.0111111
0 0.678385 0.521759 0.00677083 0.0101852
0 0.491667 0.534722 0.00729167 0.012037
0 0.426823 0.338889 0.00677083 0.0111111
0 0.360938 0.647685 0.00625 0.012037
0 0.485677 0.440278 0.0078125 0.012037
0 0.435417 0.645833 0.00625 0.0101852
0 0.358073 0.346296 0.0078125 0.0111111
0 0.428906 0.1375 0.00677083 0.012037
0 0.68099 0.706019 0.0078125 0.0138889
0 0.358333 0.544444 0.00729167 0.012963
0 0.586719 0.615741 0.0078125 0.0148148
0 0.357552 0.144907 0.00677083 0.012037
0 0.681771 0.616667 0.009375 0.012963
0 0.590104 0.710185 0.00833333 0.0148148
0 0.491927 0.152778 0.00677083 0.0111111
0 0.35599 0.447222 0.0078125 0.012963
0 0.429167 0.443981 0.00729167 0.012037
0 0.432031 0.54213 0.00885417 0.012037
0 0.358073 0.243519 0.00989583 0.012963
0 0.507292 0.723148 0.00729167 0.012963
0 0.493229 0.63287 0.00833333 0.0138889
0 0.544531 0.61713 0.00885417 0.0157407
0 0.484115 0.239352 0.00885417 0.0138889
0 0.363542 0.746759 0.009375 0.0157407
0 0.425521 0.238889 0.00729167 0.012963
0 0.439323 0.743056 0.0130208 0.0157407
