0 0.638802 0.966667 0.00677083 0.0111111
0 0.665365 0.5375 0.00677083 0.012037
0 0.623438 0.75463 0.00729167 0.0111111
0 0.688021 0.849537 0.00729167 0.012037
0 0.696875 0.958333 0.00625 0.0111111
0 0.671354 0.645833 0.00729167 0.012037
0 0.520573 0.984259 0.00677083 0.0111111
0 0.515625 0.875 0.00625 0.0111111
0 0.754948 0.949074 0.00677083 0.012963
0 0.608073 0.546759 0.00677083 0.012037
0 0.615365 0.650463 0.0078125 0.012037
0 0.511198 0.772685 0.00677083 0.012037
0 0.630469 0.855556 0.0078125 0.012963
0 0.548958 0.555556 0.00833333 0.0111111
0 0.579948 0.976389 0.0078125 0.012037
0 0.46276 0.994444 0.0078125 0.0111111
0 0.560417 0.6625 0.00729167 0.0138889
0 0.652604 0.315278 0.00729167 0.012037
0 0.726823 0.637963 0.00677083 0.012963
0 0.782031 0.631019 0.00677083 0.012037
0 0.802344 0.831019 0.0078125 0.012037
0 0.722135 0.405556 0.00989583 0.0148148
0 0.813021 0.940741 0.00729167 0.012963
0 0.784375 0.52037 0.00729167 0.0111111
0 0.713542 0.30463 0.00833333 0.012963
0 0.723958 0.531018 0.00729167 0.0138889
0 0.530208 0.333333 0.00625 0.0111111
0 0.661458 0.417593 0.00729167 0.012963
0 0.505208 0.672685 0.00729167 0.0138889
0 0.566406 0.763426 0.00677083 0.0138889
0 0.572917 0.864352 0.00833333 0.0138889
0 0.592188 0.324074 0.00729167 0.0111111
0 0.470573 0.343519 0.0078125 0.0111111
0 0.489583 0.5625 0.00833333 0.012037
0 0.736198 0.738426 0.0078125 0.0138889
0 0.475521 0.444907 0.00833333 0.012037
0 0.536719 0.4375 0.0078125 0.012037
0 0.791146 0.727315 0.00833333 0.0138889
0 0.457552 0.886111 0.0078125 0.012963
0 0.599479 0.428704 0.00729167 0.012963
0 0.772917 0.297222 0.00833333 0.012963
0 0.453125 0.782407 0.00833333 0.0148148
0 0.745833 0.839815 0.0114583 0.0185185
0 0.415365 0.455556 0.0078125 0.012963
0 0.447917 0.680556 0.00833333 0.0148148
0 0.43125 0.570833 0.00729167 0.0138889
0 0.784896 0.401389 0.015625 0.0212963
0 0.410937 0.356944 0.00729167 0.012037
