0 0.766667 0.664352 0.00625 0.012037
0 0.680469 0.728704 0.00677083 0.0111111
0 0.464063 0.935185 0.00833333 0.012963
0 0.519792 0.643519 0.00833333 0.012963
0 0.726302 0.342593 0.00989583 0.0185185
0 0.565104 0.443981 0.00625 0.012037
0 0.46276 0.743056 0.0130208 0.0157407
0 0.778385 0.470833 0.00885417 0.0157407
0 0.621615 0.44537 0.00677083 0.012963
0 0.722396 0.730556 0.009375 0.0148148
0 0.523177 0.733796 0.0078125 0.0138889
0 0.626823 0.571759 0.00677083 0.012037
0 0.720573 0.654167 0.0078125 0.012037
0 0.589844 0.652778 0.0078125 0.012963
0 0.577865 0.562037 0.00677083 0.0111111
0 0.44401 0.339815 0.0078125 0.012963
0 0.72526 0.452315 0.0078125 0.0157407
0 0.726042 0.57963 0.00729167 0.012963
0 0.769271 0.337037 0.00729167 0.0148148
0 0.772396 0.802315 0.00833333 0.0157407
0 0.778385 0.5875 0.00677083 0.0138889
0 0.4625 0.841204 0.0114583 0.0157407
0 0.676302 0.569444 0.0078125 0.0148148
0 0.683854 0.806944 0.00729167 0.0138889
0 0.459115 0.643056 0.0078125 0.0138889
0 0.598698 0.737037 0.00885417 0.012963
0 0.636458 0.664352 0.0125 0.0175926
0 0.446354 0.441204 0.009375 0.0175926
0 0.515104 0.541204 0.009375 0.0175926
0 0.725521 0.802778 0.00833333 0.0166667
0 0.507812 0.44213 0.00833333 0.0157407
0 0.453646 0.544444 0.00729167 0.0148148
0 0.772917 0.874537 0.009375 0.0157407
0 0.591667 0.822685 0.00729167 0.0138889
0 0.67526 0.45463 0.00885417 0.0185185
0 0.503906 0.333796 0.0078125 0.0138889
0 0.528385 0.837037 0.0109375 0.0166667
0 0.684375 0.885648 0.00729167 0.0157407
0 0.617448 0.334722 0.0078125 0.0157407
0 0.535156 0.934259 0.00989583 0.0166667
0 0.56276 0.336111 0.00885417 0.0166667
0 0.675781 0.65 0.00989583 0.0185185
0 0.594792 0.910185 0.00729167 0.0185185
0 0.641146 0.805093 0.009375 0.0194444
0 0.729948 0.872685 0.00989583 0.0194444
0 0.64375 0.895833 0.009375 0.025
0 0.770573 0.731944 0.0130208 0.0212963
0 0.672135 0.336111 0.00989583 0.0203704
