0 0.497656 0.468981 0.0171875 0.0268519
0 0.545313 0.43287 0.0125 0.0231481
0 0.534115 0.465741 0.0109375 0.0185185
0 0.532292 0.568519 0.00833333 0.0166667
0 0.731771 0.574074 0.00729167 0.0111111
0 0.583333 0.6625 0.00729167 0.012037
0 0.619531 0.825463 0.0078125 0.012037
0 0.738021 0.484259 0.00729167 0.0111111
0 0.529167 0.736111 0.00729167 0.012963
0 0.717448 0.745833 0.0078125 0.012037
0 0.576823 0.743519 0.00885417 0.012963
0 0.666146 0.826389 0.00833333 0.012037
0 0.724219 0.657407 0.0078125 0.012963
0 0.672396 0.744444 0.009375 0.012963
0 0.571615 0.826389 0.00885417 0.012037
0 0.522135 0.815741 0.00885417 0.012963
0 0.548698 0.35787 0.00989583 0.0175926
0 0.46901 0.887037 0.0078125 0.012963
0 0.685677 0.574537 0.0078125 0.012037
0 0.613281 0.90787 0.00677083 0.012037
0 0.692708 0.487037 0.00729167 0.012963
0 0.711979 0.831481 0.00833333 0.012963
0 0.608073 0.374074 0.00885417 0.0166667
0 0.584896 0.566667 0.00729167 0.012963
0 0.634635 0.657407 0.00989583 0.012963
0 0.659635 0.9125 0.00677083 0.012037
0 0.48125 0.739352 0.009375 0.0157407
0 0.624479 0.743981 0.0104167 0.0157407
0 0.752083 0.91713 0.00833333 0.012037
0 0.533854 0.660185 0.009375 0.0166667
0 0.70625 0.916204 0.00729167 0.012037
0 0.563802 0.906944 0.0078125 0.0138889
0 0.516146 0.897222 0.00833333 0.012963
0 0.475521 0.813426 0.009375 0.0157407
0 0.785417 0.488426 0.00833333 0.012037
0 0.679427 0.65787 0.00989583 0.0138889
0 0.638802 0.574074 0.0078125 0.012963
0 0.595052 0.472685 0.00989583 0.0175926
0 0.646354 0.4875 0.00729167 0.0138889
0 0.745573 0.395833 0.0078125 0.0157407
0 0.772396 0.661111 0.009375 0.0148148
0 0.777344 0.577315 0.00885417 0.0138889
0 0.791146 0.40463 0.00833333 0.0166667
0 0.70026 0.39213 0.0078125 0.0175926
0 0.758594 0.844907 0.00885417 0.0138889
0 0.655469 0.397222 0.00885417 0.0185185
0 0.764844 0.751852 0.0119792 0.0166667
