0 0.744851 0.138579 0.008675 0.010605
0 0.750728 0.241663 0.004728 0.010337
0 0.755965 0.354334 0.004749 0.011340
0 0.757306 0.469779 0.007005 0.011493
0 0.761654 0.580502 0.005291 0.010375
0 0.763159 0.690411 0.007005 0.011493
0 0.768310 0.799070 0.006941 0.008483
0 0.684428 0.139656 0.005334 0.012382
0 0.687604 0.248448 0.006963 0.009487
0 0.689151 0.360364 0.008633 0.008598
0 0.692434 0.474172 0.004706 0.009334
0 0.696249 0.586437 0.007441 0.005513
0 0.699230 0.699260 0.010933 0.010758
0 0.702991 0.809018 0.003534 0.007252
0 0.622170 0.147388 0.005834 0.009410
0 0.624749 0.254713 0.005184 0.005361
0 0.623009 0.371372 0.003492 0.005246
0 0.625872 0.478678 0.006963 0.009487
0 0.627226 0.581565 0.002949 0.006211
0 0.631327 0.680749 0.005813 0.008407
0 0.634188 0.788056 0.007027 0.012497
0 0.555431 0.156928 0.009826 0.011684
0 0.561407 0.264526 0.005855 0.010413
0 0.563333 0.380938 0.007027 0.012497
0 0.566662 0.483691 0.007048 0.013500
0 0.566392 0.576642 0.005898 0.012420
0 0.569465 0.667356 0.007048 0.013500
0 0.573856 0.767023 0.005898 0.012420
0 0.496676 0.169949 0.004793 0.013347
0 0.500309 0.273687 0.007548 0.010528
0 0.505903 0.389849 0.005813 0.008407
0 0.513127 0.489827 0.007027 0.012497
0 0.515016 0.578110 0.004684 0.008330
0 0.519845 0.671720 0.004706 0.009334
0 0.521341 0.768066 0.006919 0.007480
0 0.437574 0.179977 0.008048 0.007556
0 0.439775 0.282808 0.005855 0.010414
0 0.451303 0.399071 0.006963 0.009487
0 0.460708 0.495385 0.006941 0.008483
0 0.466840 0.583883 0.004143 0.009296
0 0.467187 0.679304 0.008697 0.011608
0 0.470227 0.768514 0.005312 0.011379
0 0.380469 0.190877 0.007526 0.009525
0 0.382345 0.291719 0.008113 0.010566
0 0.397463 0.404224 0.006463 0.012458
0 0.411893 0.497686 0.006420 0.010452
0 0.416938 0.588266 0.008177 0.013576
0 0.414975 0.681331 0.005855 0.010413
0 0.420954 0.775868 0.008134 0.011570
