0 0.484115 0.185648 0.00677083 0.0101852
0 0.65625 0.419444 0.009375 0.0148148
0 0.560938 0.790278 0.00520833 0.0101852
0 0.702344 0.337963 0.00572917 0.0111111
0 0.70599 0.424537 0.00677083 0.012037
0 0.428646 0.389815 0.00520833 0.0111111
0 0.715625 0.77963 0.00520833 0.0111111
0 0.711198 0.601389 0.00677083 0.0101852
0 0.707812 0.5125 0.00520833 0.0101852
0 0.767448 0.784722 0.00572917 0.0101852
0 0.758333 0.518056 0.00520833 0.0101852
0 0.43125 0.496296 0.00520833 0.0111111
0 0.427344 0.288889 0.0046875 0.0111111
0 0.434375 0.595833 0.00520833 0.0101852
0 0.755729 0.429167 0.00625 0.0101852
0 0.76224 0.603704 0.00677083 0.0111111
0 0.436719 0.701852 0.00572917 0.0111111
0 0.7 0.249537 0.00729167 0.012037
0 0.752604 0.341667 0.00625 0.0111111
