0 0.708886 0.214866 0.005533 0.012784
0 0.644970 0.217325 0.006087 0.011800
0 0.703076 0.645580 0.012728 0.014751
0 0.705566 0.850121 0.006641 0.010817
0 0.705566 0.747851 0.011068 0.012784
0 0.633073 0.855530 0.013281 0.019668
0 0.633903 0.752276 0.010514 0.017701
0 0.567497 0.836846 0.006087 0.017701
0 0.515478 0.827504 0.008300 0.024584
0 0.471208 0.819145 0.004980 0.013767
0 0.423340 0.812262 0.009961 0.017701
0 0.378239 0.818653 0.008300 0.014751
0 0.568050 0.743918 0.004980 0.010817
0 0.514925 0.730642 0.010515 0.017701
0 0.470377 0.735559 0.006641 0.013767
0 0.425276 0.736051 0.008300 0.016717
0 0.376579 0.739984 0.007194 0.012784
0 0.514095 0.647547 0.005534 0.006883
0 0.470931 0.654923 0.005534 0.009833
0 0.425554 0.660331 0.008854 0.014751
0 0.374919 0.665740 0.014942 0.019668
0 0.473698 0.570845 0.009961 0.018685
0 0.426107 0.579203 0.009961 0.013767
0 0.375749 0.593954 0.005534 0.013767
0 0.515202 0.580678 0.012174 0.018684
0 0.557813 0.654431 0.009961 0.012784
0 0.564729 0.563470 0.007194 0.011800
0 0.638054 0.642631 0.007748 0.014751
0 0.637224 0.547244 0.008300 0.014751
0 0.703076 0.537902 0.007194 0.013767
0 0.703906 0.433665 0.005534 0.011800
0 0.639713 0.437107 0.009961 0.018684
0 0.709993 0.321561 0.009961 0.019668
0 0.643311 0.329920 0.008300 0.016718
0 0.363851 0.251250 0.007194 0.016718
0 0.408952 0.252234 0.008854 0.020650
0 0.467334 0.236991 0.011621 0.017701
0 0.524056 0.229617 0.007748 0.014751
0 0.582162 0.225191 0.008854 0.015734
0 0.583545 0.339261 0.004980 0.009833
0 0.523502 0.347621 0.006641 0.012784
0 0.467057 0.363355 0.007748 0.018684
0 0.414209 0.363355 0.007194 0.014751
0 0.358318 0.392855 0.009407 0.014751
0 0.573584 0.465625 0.004980 0.012784
0 0.523226 0.481359 0.007194 0.010817
0 0.470377 0.484309 0.006641 0.014751
0 0.417806 0.499550 0.005534 0.011800
0 0.362190 0.514301 0.006087 0.013767
