0 0.769531 0.623611 0.0078125 0.0138889
0 0.48125 0.976389 0.009375 0.012037
0 0.685938 0.7125 0.00729167 0.012037
0 0.6125 0.448148 0.00729167 0.012963
0 0.69974 0.865278 0.00677083 0.0157407
0 0.776302 0.54537 0.00677083 0.012963
0 0.451042 0.589815 0.00833333 0.012963
0 0.461458 0.681944 0.0104167 0.0138889
0 0.475 0.882407 0.0114583 0.0148148
0 0.78099 0.758796 0.0078125 0.0138889
0 0.728385 0.702315 0.00885417 0.0138889
0 0.555729 0.460648 0.00729167 0.0138889
0 0.521875 0.67037 0.00833333 0.0148148
0 0.610937 0.914815 0.00625 0.0166667
0 0.722917 0.55 0.00625 0.012963
0 0.785417 0.830093 0.009375 0.0157407
0 0.591667 0.661111 0.00729167 0.012963
0 0.722396 0.625926 0.00833333 0.0148148
0 0.715104 0.425463 0.00729167 0.0157407
0 0.529688 0.756944 0.009375 0.0157407
0 0.470313 0.787963 0.0135417 0.0166667
0 0.693229 0.787037 0.00729167 0.0148148
0 0.623698 0.570833 0.00677083 0.0138889
0 0.769271 0.431481 0.0104167 0.0166667
0 0.602604 0.830093 0.00729167 0.0138889
0 0.575 0.573148 0.00729167 0.012963
0 0.735677 0.772685 0.0078125 0.0175926
0 0.605469 0.742593 0.00989583 0.0148148
0 0.489323 0.368981 0.0078125 0.0138889
0 0.428646 0.390741 0.00729167 0.0148148
0 0.672917 0.555556 0.00729167 0.0148148
0 0.541667 0.858796 0.0114583 0.0175926
0 0.677083 0.634722 0.0104167 0.0175926
0 0.659115 0.889352 0.00885417 0.0212963
0 0.710417 0.318981 0.0114583 0.0231481
0 0.664844 0.441667 0.00885417 0.0185185
0 0.497917 0.473611 0.009375 0.0175926
0 0.742969 0.842593 0.00885417 0.0185185
0 0.640365 0.656944 0.0119792 0.0194444
0 0.546875 0.35463 0.009375 0.0166667
0 0.550521 0.956944 0.0125 0.0175926
0 0.651042 0.799074 0.009375 0.0185185
0 0.602604 0.338889 0.009375 0.0166667
0 0.438021 0.489352 0.0104167 0.0194444
0 0.775781 0.690741 0.0140625 0.0203704
0 0.752865 0.301852 0.00885417 0.0185185
0 0.511458 0.570833 0.009375 0.0194444
0 0.654688 0.325463 0.0104167 0.0212963
