0 0.296615 0.75 0.0078125 0.0111111
0 0.573177 0.451852 0.00677083 0.0111111
0 0.588021 0.254167 0.00729167 0.0101852
0 0.476302 0.619907 0.00677083 0.0101852
0 0.360417 0.446296 0.00625 0.0111111
0 0.418229 0.240278 0.00729167 0.0101852
0 0.475781 0.352778 0.00677083 0.0111111
0 0.360417 0.340278 0.00729167 0.0101852
0 0.522917 0.705556 0.00729167 0.0111111
0 0.617708 0.535648 0.00729167 0.012037
0 0.617448 0.618519 0.0078125 0.0111111
0 0.641927 0.166204 0.0078125 0.0101852
0 0.476302 0.445833 0.0078125 0.0157407
0 0.589323 0.159259 0.0078125 0.0111111
0 0.419271 0.140741 0.00729167 0.0111111
0 0.359635 0.2375 0.0078125 0.0101852
0 0.357031 0.652315 0.00885417 0.0101852
0 0.569531 0.702778 0.0078125 0.0111111
0 0.534375 0.249537 0.00729167 0.0101852
0 0.47526 0.708333 0.00677083 0.0111111
0 0.361458 0.138426 0.00729167 0.0101852
0 0.420052 0.731481 0.00677083 0.0111111
0 0.298438 0.548611 0.00625 0.012037
0 0.3 0.443519 0.00625 0.0111111
0 0.304427 0.140741 0.0078125 0.0111111
0 0.619531 0.453704 0.00677083 0.012963
0 0.632292 0.362963 0.00729167 0.0111111
0 0.534375 0.152778 0.00729167 0.0111111
0 0.642708 0.260185 0.00833333 0.0111111
0 0.615885 0.70787 0.00885417 0.012037
0 0.301562 0.235185 0.00729167 0.0111111
0 0.30026 0.340278 0.0078125 0.012037
0 0.476823 0.243981 0.0078125 0.012037
0 0.3 0.650463 0.00833333 0.012037
0 0.478646 0.146296 0.00833333 0.0111111
