0 0.644531 0.713426 0.00572917 0.0101852
0 0.644792 0.540741 0.00625 0.0111111
0 0.359635 0.790741 0.00572917 0.0111111
0 0.643229 0.456944 0.00625 0.0101852
0 0.358333 0.543519 0.00729167 0.0148148
0 0.342969 0.449074 0.00677083 0.0111111
0 0.359115 0.707407 0.00572917 0.0111111
0 0.358594 0.624537 0.0078125 0.012037
0 0.546094 0.283333 0.0078125 0.012963
0 0.384375 0.343981 0.00729167 0.012037
0 0.64349 0.368519 0.00677083 0.0111111
0 0.331771 0.347685 0.00833333 0.012037
0 0.595833 0.795833 0.00729167 0.012037
0 0.594792 0.281944 0.00729167 0.012037
0 0.643229 0.282407 0.00729167 0.012963
0 0.33151 0.250463 0.00677083 0.012037
0 0.385938 0.250463 0.00833333 0.012037
