0 0.7 0.373611 0.00729167 0.012037
0 0.704687 0.641667 0.00729167 0.012963
0 0.6625 0.733333 0.0104167 0.0166667
0 0.610156 0.655093 0.0078125 0.0138889
0 0.545313 0.262037 0.00729167 0.012963
0 0.75 0.728241 0.00729167 0.012037
0 0.792708 0.368981 0.00625 0.012037
0 0.610677 0.751852 0.00885417 0.0148148
0 0.791406 0.281019 0.00677083 0.012037
0 0.751302 0.818981 0.0078125 0.0138889
0 0.796875 0.635185 0.00729167 0.0111111
0 0.707552 0.825926 0.00885417 0.0148148
0 0.655469 0.381019 0.00677083 0.012037
0 0.745833 0.549537 0.00625 0.0101852
0 0.62526 0.842593 0.0078125 0.0148148
0 0.799479 0.819907 0.00833333 0.0138889
0 0.554167 0.76713 0.00729167 0.012037
0 0.796615 0.543519 0.00677083 0.0111111
0 0.550521 0.663889 0.00833333 0.0111111
0 0.701302 0.284259 0.00677083 0.012963
0 0.604427 0.561574 0.00885417 0.0138889
0 0.479688 0.773148 0.00625 0.012963
0 0.55625 0.865741 0.0135417 0.0166667
0 0.661458 0.289815 0.00625 0.0111111
0 0.601042 0.462963 0.00729167 0.012963
0 0.800781 0.728704 0.00989583 0.0148148
0 0.795833 0.458796 0.00833333 0.0138889
0 0.478385 0.268981 0.0078125 0.0138889
0 0.545573 0.461574 0.0078125 0.0138889
0 0.603646 0.3625 0.00833333 0.0157407
0 0.477865 0.468056 0.0078125 0.012037
0 0.475 0.572222 0.00833333 0.012963
0 0.476562 0.668056 0.00729167 0.0138889
0 0.610937 0.272222 0.00729167 0.012963
0 0.544531 0.364815 0.00677083 0.012963
0 0.547135 0.566204 0.0078125 0.0138889
0 0.482031 0.872222 0.0109375 0.0166667
0 0.478385 0.368519 0.00989583 0.0148148
