0 0.503125 0.744444 0.00729167 0.0111111
0 0.552083 0.738889 0.00729167 0.0111111
0 0.501562 0.564352 0.00729167 0.012037
0 0.549479 0.820833 0.009375 0.0138889
0 0.555729 0.574074 0.00625 0.012963
0 0.507031 0.662037 0.0078125 0.0111111
0 0.453385 0.742593 0.0078125 0.012963
0 0.670052 0.47963 0.0078125 0.0148148
0 0.597396 0.822685 0.00833333 0.012037
0 0.780208 0.372685 0.00833333 0.0157407
0 0.457031 0.663889 0.0078125 0.012963
0 0.446094 0.89537 0.00885417 0.012963
0 0.555469 0.663889 0.00885417 0.012963
0 0.685677 0.906018 0.0078125 0.012037
0 0.501823 0.818981 0.0119792 0.0175926
0 0.696094 0.75 0.0078125 0.012963
0 0.593229 0.902315 0.00833333 0.0138889
0 0.543229 0.9 0.00833333 0.0148148
0 0.604688 0.662037 0.009375 0.012963
0 0.690885 0.826389 0.0078125 0.012037
0 0.49375 0.897222 0.00833333 0.0148148
0 0.645312 0.823611 0.009375 0.012037
0 0.639323 0.904167 0.00885417 0.012037
0 0.733594 0.906482 0.00885417 0.012963
0 0.454427 0.341667 0.0078125 0.0148148
0 0.510677 0.343981 0.0078125 0.0138889
0 0.601302 0.744444 0.0119792 0.0148148
0 0.450521 0.818056 0.009375 0.0157407
0 0.776823 0.476389 0.00885417 0.0194444
0 0.649219 0.745833 0.0109375 0.0138889
0 0.565104 0.354167 0.00833333 0.0157407
0 0.711458 0.585185 0.00729167 0.012963
0 0.699479 0.673611 0.00833333 0.0138889
0 0.741927 0.755093 0.0078125 0.0138889
0 0.7375 0.829167 0.00833333 0.0138889
0 0.613802 0.472685 0.00989583 0.0157407
0 0.503906 0.455556 0.0182292 0.0240741
0 0.660417 0.581481 0.00833333 0.012963
0 0.652865 0.668056 0.00989583 0.0157407
0 0.620052 0.35463 0.00989583 0.0203704
0 0.609896 0.579167 0.00833333 0.0157407
0 0.758854 0.597685 0.00729167 0.0157407
0 0.451302 0.563426 0.0119792 0.0212963
0 0.559115 0.468056 0.0151042 0.0212963
0 0.745052 0.685648 0.00885417 0.0175926
0 0.729688 0.367593 0.009375 0.0203704
0 0.67474 0.364352 0.00885417 0.0194444
0 0.723958 0.475463 0.0135417 0.025
0 0.446875 0.451389 0.0125 0.0231481
