0 0.477604 0.618056 0.00625 0.012037
0 0.571875 0.619907 0.00729167 0.012037
0 0.527604 0.450463 0.00625 0.0101852
0 0.422656 0.44537 0.00677083 0.0111111
0 0.529688 0.356019 0.00625 0.0101852
0 0.419531 0.139815 0.00677083 0.0111111
0 0.522917 0.705556 0.00729167 0.0111111
0 0.421354 0.63287 0.00729167 0.0101852
0 0.359896 0.340278 0.00625 0.0101852
0 0.589063 0.158796 0.00625 0.0101852
0 0.41849 0.239352 0.00677083 0.0101852
0 0.361979 0.136574 0.00625 0.0101852
0 0.420833 0.731481 0.00729167 0.0111111
0 0.641146 0.166204 0.00729167 0.012037
0 0.534115 0.152315 0.00677083 0.0101852
0 0.47474 0.707407 0.00677083 0.0111111
0 0.619271 0.453704 0.00729167 0.0111111
0 0.476823 0.446759 0.00677083 0.012037
0 0.58099 0.360185 0.00677083 0.0111111
0 0.358594 0.547222 0.00677083 0.0111111
0 0.298177 0.649074 0.00677083 0.0111111
0 0.478906 0.144907 0.00677083 0.0101852
0 0.360156 0.237037 0.00677083 0.0111111
0 0.301823 0.235185 0.00677083 0.0111111
0 0.298958 0.443519 0.00625 0.0111111
0 0.477083 0.352315 0.00729167 0.012037
0 0.616927 0.536574 0.0078125 0.012037
0 0.617188 0.619907 0.00729167 0.012037
0 0.589063 0.25463 0.00729167 0.0111111
0 0.534115 0.249537 0.00677083 0.0101852
0 0.356771 0.651852 0.00833333 0.0111111
0 0.30026 0.339352 0.00677083 0.012037
0 0.616406 0.708796 0.00885417 0.012037
0 0.298177 0.548148 0.00677083 0.0111111
0 0.478125 0.243981 0.00833333 0.012037
0 0.630729 0.364352 0.00833333 0.012037
0 0.642187 0.260648 0.00833333 0.012037
