0 0.561458 0.750463 0.00729167 0.0101852
0 0.490104 0.363426 0.00729167 0.0138889
0 0.463281 0.768056 0.00885417 0.0138889
0 0.51276 0.762037 0.00885417 0.012963
0 0.54401 0.362963 0.0078125 0.0148148
0 0.608073 0.664352 0.00885417 0.012037
0 0.510156 0.679167 0.0078125 0.012037
0 0.467187 0.920833 0.00729167 0.012037
0 0.432031 0.37037 0.0078125 0.0148148
0 0.516406 0.913426 0.0078125 0.0138889
0 0.552083 0.584722 0.00729167 0.0138889
0 0.497135 0.584259 0.0078125 0.0148148
0 0.465365 0.843056 0.0078125 0.0138889
0 0.558854 0.671759 0.009375 0.0138889
0 0.516667 0.836111 0.009375 0.0148148
0 0.545313 0.478704 0.0145833 0.0203704
0 0.565104 0.829167 0.009375 0.012037
0 0.707552 0.893056 0.0078125 0.012037
0 0.707552 0.812963 0.0078125 0.0111111
0 0.657031 0.475463 0.0078125 0.0157407
0 0.460417 0.688889 0.00833333 0.012963
0 0.703125 0.659722 0.00729167 0.012037
0 0.66224 0.898148 0.0078125 0.012963
0 0.661458 0.81713 0.00833333 0.012037
0 0.708333 0.572685 0.00729167 0.012037
0 0.705469 0.735648 0.0078125 0.012037
0 0.75625 0.885648 0.009375 0.0138889
0 0.614062 0.824537 0.0104167 0.012037
0 0.754427 0.808796 0.00885417 0.0138889
0 0.564583 0.910185 0.00833333 0.012963
0 0.490365 0.476389 0.0182292 0.0231481
0 0.614844 0.90463 0.00885417 0.012963
0 0.75625 0.575 0.00729167 0.0148148
0 0.657552 0.574537 0.0078125 0.0138889
0 0.611979 0.747685 0.0114583 0.0138889
0 0.602344 0.475463 0.00989583 0.0157407
0 0.605729 0.581944 0.00833333 0.0157407
0 0.75026 0.664352 0.0078125 0.0157407
0 0.752865 0.734259 0.00885417 0.0148148
0 0.447135 0.591204 0.0109375 0.0212963
0 0.7125 0.459722 0.0135417 0.0231481
0 0.656771 0.662963 0.0104167 0.0148148
0 0.598958 0.35787 0.0104167 0.0212963
0 0.659896 0.740278 0.0104167 0.0138889
0 0.761458 0.348611 0.00833333 0.0175926
0 0.765625 0.457407 0.00833333 0.0185185
0 0.433594 0.480093 0.0119792 0.0212963
0 0.710156 0.350926 0.00885417 0.0185185
0 0.654688 0.356019 0.00833333 0.0194444
