0 0.563281 0.713426 0.00572917 0.0101852
0 0.629948 0.2375 0.00677083 0.012037
0 0.716927 0.664815 0.00572917 0.0111111
0 0.570833 0.806944 0.00520833 0.0101852
0 0.695573 0.4 0.0078125 0.012963
0 0.751562 0.479167 0.00520833 0.0101852
0 0.672396 0.764815 0.00520833 0.0111111
0 0.555729 0.616204 0.00625 0.0101852
0 0.46224 0.223611 0.00677083 0.0101852
0 0.701042 0.487963 0.00625 0.0111111
0 0.455469 0.856481 0.00677083 0.0111111
0 0.76849 0.654167 0.00572917 0.0101852
0 0.774479 0.742593 0.00625 0.0111111
0 0.68724 0.313426 0.00677083 0.012037
0 0.723437 0.753241 0.00625 0.012037
0 0.645312 0.409722 0.009375 0.0138889
0 0.41849 0.443056 0.00572917 0.0101852
0 0.678906 0.226852 0.0078125 0.012963
0 0.436198 0.648148 0.00572917 0.0111111
0 0.728906 0.218056 0.00677083 0.012037
0 0.41224 0.342593 0.00572917 0.0111111
0 0.444531 0.753704 0.00572917 0.0111111
0 0.405729 0.240741 0.00729167 0.0111111
0 0.744271 0.390278 0.00833333 0.0138889
0 0.736458 0.303704 0.00729167 0.012963
0 0.710156 0.576389 0.0078125 0.012037
0 0.760677 0.561111 0.0078125 0.012963
0 0.427083 0.548611 0.00625 0.0138889
