0 0.590885 0.471759 0.0078125 0.012037
0 0.589063 0.38287 0.00625 0.012037
0 0.3125 0.289815 0.00625 0.012963
0 0.370833 0.0796296 0.00625 0.0111111
0 0.586458 0.20787 0.00625 0.012037
0 0.316146 0.601852 0.00625 0.012963
0 0.370313 0.185185 0.00729167 0.012963
0 0.588542 0.293519 0.00729167 0.012963
0 0.642448 0.467593 0.00677083 0.0111111
0 0.639844 0.38287 0.00572917 0.012037
0 0.636719 0.206481 0.0078125 0.0148148
0 0.584896 0.12037 0.00625 0.012963
0 0.311979 0.187963 0.00625 0.012963
0 0.63776 0.294444 0.0078125 0.012963
0 0.59401 0.65 0.00677083 0.012963
0 0.3125 0.0865741 0.00625 0.012037
0 0.635417 0.118519 0.00729167 0.012963
