0 0.448177 0.869444 0.0078125 0.012963
0 0.553385 0.72963 0.0078125 0.0111111
0 0.505208 0.729167 0.00833333 0.012037
0 0.454427 0.717593 0.0078125 0.012963
0 0.59974 0.819444 0.00885417 0.012963
0 0.604688 0.660648 0.00833333 0.0138889
0 0.551823 0.809259 0.00989583 0.012963
0 0.545573 0.888889 0.0078125 0.012963
0 0.501042 0.548611 0.00729167 0.012037
0 0.502604 0.801852 0.0104167 0.0166667
0 0.642187 0.906944 0.00833333 0.012037
0 0.507031 0.327315 0.0078125 0.0138889
0 0.69349 0.8375 0.0078125 0.012037
0 0.647396 0.827315 0.00833333 0.012037
0 0.451562 0.792593 0.00833333 0.0148148
0 0.507812 0.644907 0.00729167 0.012037
0 0.73724 0.924074 0.00885417 0.012963
0 0.457031 0.639815 0.0078125 0.012963
0 0.596094 0.899074 0.0078125 0.012963
0 0.688542 0.915278 0.00833333 0.012037
0 0.451562 0.316667 0.00833333 0.0148148
0 0.496875 0.878241 0.00833333 0.0138889
0 0.778906 0.396759 0.00885417 0.0175926
0 0.555208 0.565278 0.00729167 0.012037
0 0.697135 0.759722 0.0078125 0.012037
0 0.502604 0.439815 0.0166667 0.0259259
0 0.602344 0.741667 0.0119792 0.0148148
0 0.555469 0.652315 0.00989583 0.0138889
0 0.66849 0.488426 0.0078125 0.0157407
0 0.69974 0.684259 0.00885417 0.012963
0 0.650521 0.750463 0.0104167 0.0138889
0 0.561979 0.346296 0.00833333 0.0166667
0 0.608333 0.578241 0.00729167 0.0157407
0 0.710417 0.599074 0.00729167 0.012963
0 0.740104 0.847685 0.00833333 0.0138889
0 0.653125 0.671759 0.0104167 0.0138889
0 0.758333 0.616667 0.00729167 0.0148148
0 0.659896 0.586574 0.00833333 0.0138889
0 0.74375 0.774074 0.00833333 0.0148148
0 0.611979 0.47037 0.009375 0.0166667
0 0.746354 0.703241 0.00833333 0.0157407
0 0.617188 0.355093 0.0104167 0.0231481
0 0.451042 0.540278 0.0114583 0.0212963
0 0.55625 0.458796 0.0135417 0.0212963
0 0.727083 0.383333 0.009375 0.0203704
0 0.773698 0.506019 0.00989583 0.0194444
0 0.445052 0.424537 0.0130208 0.0231481
0 0.672656 0.371759 0.00885417 0.0212963
0 0.721615 0.491667 0.0130208 0.0259259
