0 0.715104 0.664815 0.00520833 0.0111111
0 0.498698 0.741204 0.00572917 0.0101852
0 0.66849 0.763889 0.00572917 0.0111111
0 0.621354 0.777315 0.00625 0.0101852
0 0.766406 0.654167 0.00572917 0.0101852
0 0.69401 0.315278 0.00677083 0.012037
0 0.770833 0.743519 0.00625 0.0111111
0 0.700521 0.399537 0.00729167 0.0138889
0 0.476562 0.32963 0.00625 0.0111111
0 0.423438 0.443056 0.00520833 0.012037
0 0.704167 0.487037 0.00625 0.0111111
0 0.555729 0.616667 0.00625 0.0111111
0 0.650781 0.410185 0.00989583 0.0166667
0 0.744271 0.303704 0.00729167 0.012963
0 0.44974 0.856019 0.0078125 0.0138889
0 0.560938 0.713889 0.00625 0.0111111
0 0.749479 0.390741 0.00729167 0.012963
0 0.565885 0.807407 0.00677083 0.012963
0 0.435937 0.648148 0.00520833 0.0111111
0 0.689323 0.226852 0.0078125 0.0148148
0 0.719531 0.753241 0.00572917 0.012037
0 0.760938 0.5625 0.00729167 0.012037
0 0.473698 0.223611 0.0078125 0.012037
0 0.429167 0.548148 0.00625 0.0148148
0 0.419792 0.34213 0.00520833 0.012037
0 0.711198 0.575463 0.00677083 0.012037
0 0.739062 0.216667 0.00729167 0.012963
0 0.415885 0.241204 0.00572917 0.012037
0 0.440104 0.753704 0.00520833 0.0111111
