0 0.595573 0.539815 0.00677083 0.0111111
0 0.644531 0.626389 0.00677083 0.0101852
0 0.594792 0.367593 0.00625 0.0111111
0 0.40599 0.791204 0.00572917 0.0101852
0 0.358333 0.54537 0.00729167 0.0148148
0 0.546094 0.368981 0.00677083 0.012037
0 0.644792 0.540741 0.00833333 0.0111111
0 0.644792 0.713889 0.00625 0.0111111
0 0.359635 0.790278 0.00572917 0.0101852
0 0.392188 0.448611 0.00625 0.012037
0 0.64375 0.368981 0.00625 0.0101852
0 0.385156 0.343519 0.00677083 0.0111111
0 0.64375 0.456944 0.00625 0.0101852
0 0.358594 0.706944 0.00572917 0.0101852
0 0.342708 0.449074 0.00625 0.0111111
0 0.596094 0.796296 0.0078125 0.0111111
0 0.497917 0.283796 0.00729167 0.012037
0 0.331771 0.348611 0.00729167 0.012037
0 0.358854 0.623611 0.009375 0.0138889
0 0.446615 0.264815 0.0078125 0.012963
0 0.595052 0.283796 0.0078125 0.0138889
0 0.546094 0.283333 0.0078125 0.012963
0 0.643229 0.281481 0.00729167 0.012963
0 0.386198 0.25 0.0078125 0.012963
0 0.33151 0.250463 0.0078125 0.012037
