0 0.465365 0.982407 0.0078125 0.012963
0 0.678906 0.727315 0.00677083 0.012037
0 0.520052 0.649537 0.0078125 0.0138889
0 0.766927 0.660185 0.00677083 0.012963
0 0.522656 0.737037 0.0078125 0.0148148
0 0.624219 0.444907 0.00677083 0.0138889
0 0.721094 0.727778 0.00885417 0.0148148
0 0.589583 0.653241 0.00729167 0.012037
0 0.567448 0.444907 0.00677083 0.012037
0 0.459896 0.647222 0.00729167 0.012963
0 0.680469 0.803704 0.00677083 0.012963
0 0.726302 0.575926 0.00677083 0.012963
0 0.76901 0.796296 0.0078125 0.0148148
0 0.447396 0.345833 0.00729167 0.0138889
0 0.627604 0.571759 0.00729167 0.0138889
0 0.727344 0.449074 0.00677083 0.0148148
0 0.720573 0.650463 0.0078125 0.012037
0 0.578385 0.563426 0.00677083 0.012037
0 0.597396 0.739352 0.009375 0.0138889
0 0.458594 0.85 0.0109375 0.0148148
0 0.454948 0.550463 0.0078125 0.0138889
0 0.76875 0.868981 0.009375 0.0157407
0 0.778646 0.583796 0.00729167 0.0138889
0 0.508594 0.337963 0.0078125 0.0148148
0 0.723177 0.798611 0.0078125 0.0157407
0 0.779427 0.466667 0.00885417 0.0166667
0 0.68099 0.881944 0.00677083 0.0157407
0 0.676823 0.56713 0.0078125 0.0138889
0 0.588542 0.824537 0.00729167 0.0138889
0 0.772656 0.333796 0.0078125 0.0157407
0 0.526042 0.839815 0.0104167 0.0166667
0 0.729948 0.341204 0.00885417 0.0194444
0 0.529427 0.936574 0.00989583 0.0157407
0 0.635156 0.664815 0.0119792 0.0185185
0 0.459896 0.75 0.0125 0.0166667
0 0.509375 0.443981 0.00833333 0.0157407
0 0.677604 0.452778 0.00833333 0.0185185
0 0.639583 0.80463 0.009375 0.0185185
0 0.590885 0.911111 0.0078125 0.0185185
0 0.44974 0.446296 0.00989583 0.0185185
0 0.622656 0.335185 0.0078125 0.0166667
0 0.675521 0.648148 0.0104167 0.0185185
0 0.566927 0.337037 0.00885417 0.0166667
0 0.639844 0.894907 0.00885417 0.0212963
0 0.725521 0.869907 0.009375 0.0194444
0 0.515885 0.54537 0.00989583 0.0203704
0 0.76901 0.725 0.0130208 0.0203704
0 0.676302 0.335648 0.00989583 0.0212963
