0 0.672656 0.911574 0.00572917 0.0101852
0 0.57474 0.831944 0.00572917 0.0101852
0 0.671094 0.827315 0.00572917 0.0101852
0 0.573438 0.747685 0.00729167 0.012037
0 0.485156 0.920833 0.00572917 0.0101852
0 0.527344 0.75 0.00677083 0.0111111
0 0.577344 0.916667 0.00572917 0.0111111
0 0.479688 0.671759 0.00729167 0.0138889
0 0.770052 0.907407 0.00677083 0.0111111
0 0.720052 0.822685 0.00572917 0.0101852
0 0.721354 0.908333 0.00625 0.0111111
0 0.530208 0.918981 0.00625 0.0101852
0 0.626042 0.915741 0.00625 0.0111111
0 0.483333 0.836574 0.00625 0.0101852
0 0.713802 0.56713 0.00677083 0.0101852
0 0.660937 0.398148 0.00729167 0.0111111
0 0.510938 0.575 0.00625 0.0111111
0 0.48151 0.754167 0.0078125 0.012037
0 0.769531 0.823148 0.0078125 0.0111111
0 0.461458 0.578704 0.00729167 0.0111111
0 0.76276 0.564352 0.00677083 0.0101852
0 0.766406 0.735185 0.00677083 0.0111111
0 0.715625 0.650463 0.00729167 0.012037
0 0.500521 0.471296 0.00729167 0.0111111
0 0.50026 0.378241 0.00677083 0.012037
0 0.764583 0.649074 0.00729167 0.0111111
0 0.760938 0.476389 0.00729167 0.012037
0 0.447656 0.477778 0.0078125 0.012963
0 0.710677 0.394907 0.0078125 0.012037
0 0.446354 0.382407 0.00729167 0.012963
0 0.759115 0.391204 0.0078125 0.0138889
