0 0.56875 0.261574 0.009375 0.0138889
0 0.75625 0.457407 0.00729167 0.0111111
0 0.663021 0.552778 0.00625 0.0111111
0 0.706771 0.547685 0.00625 0.0101852
0 0.720052 0.281019 0.0078125 0.012037
0 0.75026 0.543981 0.00572917 0.0101852
0 0.669531 0.378241 0.00677083 0.0101852
0 0.745573 0.725 0.00677083 0.0111111
0 0.497656 0.275 0.00989583 0.0148148
0 0.807292 0.361574 0.00625 0.0101852
0 0.810938 0.274074 0.00625 0.0111111
0 0.617188 0.365741 0.00833333 0.0148148
0 0.554948 0.462963 0.0078125 0.0111111
0 0.700521 0.72963 0.00833333 0.0148148
0 0.680469 0.287037 0.00677083 0.0111111
0 0.559896 0.365278 0.00833333 0.012037
0 0.704687 0.638889 0.00729167 0.0111111
0 0.801823 0.537963 0.0078125 0.0111111
0 0.741146 0.813889 0.00729167 0.012963
0 0.63099 0.272685 0.0078125 0.012037
0 0.611198 0.462963 0.0078125 0.012963
0 0.491927 0.369907 0.00989583 0.0138889
0 0.74974 0.631481 0.0078125 0.0111111
0 0.805469 0.452315 0.00885417 0.0138889
0 0.658073 0.821759 0.00885417 0.0157407
0 0.697656 0.822222 0.00885417 0.0148148
0 0.788542 0.813426 0.00833333 0.0138889
0 0.48724 0.473148 0.0078125 0.012963
0 0.608594 0.561574 0.0078125 0.012037
0 0.660417 0.644444 0.00625 0.012963
0 0.472396 0.777778 0.00729167 0.0111111
0 0.614062 0.841667 0.00729167 0.012963
0 0.657812 0.732407 0.009375 0.0166667
0 0.480208 0.575926 0.0104167 0.012963
0 0.609896 0.655093 0.00833333 0.0138889
0 0.794792 0.723611 0.0104167 0.0157407
0 0.796875 0.628704 0.009375 0.012963
0 0.546615 0.768981 0.00885417 0.012037
0 0.552344 0.568056 0.00989583 0.0157407
0 0.470573 0.876852 0.0119792 0.0148148
0 0.475781 0.675 0.00989583 0.012963
0 0.605469 0.752778 0.00885417 0.0148148
0 0.548958 0.664815 0.0104167 0.012963
0 0.544792 0.868519 0.0114583 0.0148148
