0 0.74401 0.402315 0.00677083 0.012037
0 0.709375 0.58287 0.00625 0.0101852
0 0.773958 0.75463 0.00625 0.0111111
0 0.678125 0.23287 0.00729167 0.012037
0 0.760677 0.572685 0.0078125 0.012037
0 0.723698 0.761111 0.00572917 0.012963
0 0.46276 0.213426 0.00677083 0.0101852
0 0.728906 0.229167 0.00677083 0.012037
0 0.41901 0.429167 0.00572917 0.0101852
0 0.736719 0.313889 0.0078125 0.012963
0 0.455469 0.841667 0.00677083 0.0111111
0 0.435677 0.633796 0.00572917 0.0101852
0 0.445052 0.739352 0.00572917 0.0101852
0 0.411979 0.327778 0.00625 0.0111111
0 0.426823 0.534259 0.00677083 0.012963
0 0.405469 0.226389 0.00677083 0.0101852
