0 0.749219 0.682407 0.0119792 0.0203704
0 0.558333 0.740278 0.00729167 0.012037
0 0.459115 0.666667 0.0078125 0.0148148
0 0.751042 0.826389 0.00833333 0.0138889
0 0.605208 0.661111 0.0104167 0.0148148
0 0.704167 0.748148 0.0104167 0.0148148
0 0.509375 0.664352 0.00833333 0.0138889
0 0.510417 0.747685 0.00833333 0.0138889
0 0.510156 0.470833 0.0213542 0.0305556
0 0.701563 0.670833 0.009375 0.0157407
0 0.459896 0.74537 0.00729167 0.012963
0 0.752865 0.90463 0.0078125 0.012963
0 0.556771 0.663889 0.009375 0.0148148
0 0.65651 0.581481 0.00885417 0.0148148
0 0.604948 0.580556 0.00885417 0.0166667
0 0.65651 0.744907 0.0109375 0.0157407
0 0.704687 0.825 0.00833333 0.012963
0 0.703906 0.904167 0.0078125 0.0138889
0 0.559896 0.900463 0.00833333 0.0157407
0 0.654948 0.665741 0.0109375 0.0166667
0 0.610417 0.901389 0.00729167 0.0138889
0 0.657292 0.902315 0.00833333 0.0138889
0 0.658073 0.823148 0.0078125 0.012963
0 0.560938 0.820833 0.0104167 0.0138889
0 0.4625 0.821296 0.009375 0.0166667
0 0.609115 0.744907 0.0119792 0.0175926
0 0.511198 0.898148 0.00885417 0.0166667
0 0.51224 0.819907 0.0109375 0.0175926
0 0.610417 0.822685 0.00833333 0.0138889
0 0.463802 0.899074 0.00989583 0.0166667
