0 0.496875 0.987037 0.00625 0.0111111
0 0.671875 0.851389 0.00625 0.0101852
0 0.669792 0.648148 0.00625 0.0111111
0 0.499479 0.875926 0.00625 0.0111111
0 0.615104 0.856944 0.00729167 0.012037
0 0.613542 0.652315 0.00729167 0.012037
0 0.438021 0.99537 0.00729167 0.00925926
0 0.55599 0.865278 0.0078125 0.012037
0 0.671354 0.538426 0.00729167 0.012037
0 0.501823 0.772685 0.00677083 0.012037
0 0.786979 0.83287 0.00729167 0.012037
0 0.61276 0.546759 0.00677083 0.012037
0 0.672396 0.314352 0.00729167 0.0101852
0 0.553125 0.556019 0.00729167 0.012037
0 0.611719 0.322685 0.00677083 0.0101852
0 0.557292 0.664352 0.00625 0.012037
0 0.732813 0.951852 0.00729167 0.012963
0 0.790104 0.943519 0.00729167 0.012963
0 0.729688 0.531944 0.00729167 0.012037
0 0.725 0.639815 0.00625 0.012963
0 0.674479 0.418056 0.00729167 0.012037
0 0.494531 0.5625 0.0078125 0.012037
0 0.736458 0.406019 0.00833333 0.012037
0 0.502083 0.673611 0.00729167 0.012037
0 0.55 0.331481 0.00729167 0.0111111
0 0.734115 0.30463 0.00677083 0.0111111
0 0.790104 0.522222 0.00729167 0.0111111
0 0.488542 0.34213 0.00833333 0.0101852
0 0.727344 0.738889 0.0078125 0.012963
0 0.557031 0.765741 0.00677083 0.012963
0 0.439583 0.886111 0.00833333 0.012963
0 0.442969 0.783333 0.00677083 0.012963
0 0.794271 0.296759 0.00833333 0.012037
0 0.78099 0.633333 0.00677083 0.012963
0 0.548437 0.437037 0.00833333 0.012963
0 0.782812 0.72963 0.009375 0.012963
0 0.6125 0.427778 0.00833333 0.012963
0 0.48776 0.444907 0.00885417 0.012037
0 0.729948 0.841204 0.00989583 0.0157407
0 0.445573 0.681019 0.0078125 0.0138889
0 0.435417 0.571296 0.00729167 0.012963
0 0.427865 0.456019 0.0078125 0.012037
0 0.429427 0.355093 0.0078125 0.012037
0 0.798698 0.402778 0.0140625 0.0203704
