0 0.558073 0.749074 0.00677083 0.0111111
0 0.769531 0.460185 0.00989583 0.0203704
0 0.509115 0.759259 0.0078125 0.012963
0 0.767969 0.350463 0.0078125 0.0157407
0 0.508333 0.676389 0.00625 0.012037
0 0.511198 0.834259 0.00989583 0.0148148
0 0.460156 0.91713 0.0078125 0.012037
0 0.559375 0.827778 0.00833333 0.0111111
0 0.550781 0.477778 0.0151042 0.0203704
0 0.757031 0.577315 0.0078125 0.0157407
0 0.458594 0.763426 0.00677083 0.012037
0 0.459896 0.840741 0.00729167 0.012963
0 0.66276 0.477315 0.00885417 0.0157407
0 0.747656 0.890278 0.0078125 0.012037
0 0.55625 0.90787 0.00729167 0.012037
0 0.553385 0.583333 0.00677083 0.0111111
0 0.747396 0.812037 0.00833333 0.012963
0 0.498698 0.581481 0.00677083 0.012963
0 0.557292 0.670833 0.00833333 0.0138889
0 0.60625 0.663426 0.00833333 0.012037
0 0.658854 0.576389 0.00729167 0.012037
0 0.709115 0.573611 0.00677083 0.012037
0 0.440365 0.364352 0.0078125 0.0138889
0 0.701302 0.815278 0.0078125 0.012037
0 0.60651 0.90463 0.0078125 0.012963
0 0.508854 0.9125 0.00729167 0.0138889
0 0.701823 0.6625 0.00885417 0.0138889
0 0.458333 0.685185 0.00729167 0.012963
0 0.661719 0.357407 0.00885417 0.0185185
0 0.715885 0.353241 0.0078125 0.0194444
0 0.655469 0.818981 0.0078125 0.012037
0 0.608333 0.824074 0.00833333 0.0111111
0 0.748698 0.736574 0.0078125 0.0138889
0 0.699219 0.894907 0.0078125 0.012037
0 0.653906 0.899074 0.0078125 0.012963
0 0.702083 0.737037 0.00833333 0.012963
0 0.606771 0.581944 0.00729167 0.0157407
0 0.604427 0.473148 0.0119792 0.0148148
0 0.551823 0.362037 0.0078125 0.012963
0 0.748698 0.667593 0.0078125 0.0148148
0 0.655208 0.663889 0.0104167 0.0148148
0 0.655469 0.741667 0.00989583 0.012963
0 0.448177 0.587037 0.0109375 0.0203704
0 0.60651 0.358333 0.00989583 0.0185185
0 0.496094 0.361111 0.0078125 0.012963
0 0.717708 0.462963 0.0145833 0.0240741
0 0.607552 0.746759 0.0109375 0.0138889
0 0.496615 0.473611 0.0171875 0.025
0 0.438281 0.474537 0.0119792 0.0212963
