0 0.457031 0.718982 0.0078125 0.0138889
0 0.457292 0.795833 0.00833333 0.0138889
0 0.506771 0.803241 0.00833333 0.0138889
0 0.555469 0.72963 0.00885417 0.0111111
0 0.503906 0.881019 0.0078125 0.0138889
0 0.507292 0.727315 0.00833333 0.012037
0 0.556771 0.651852 0.009375 0.012963
0 0.664844 0.487963 0.00989583 0.0185185
0 0.71901 0.488426 0.0130208 0.025
0 0.603646 0.898148 0.00729167 0.0111111
0 0.605469 0.660185 0.0109375 0.0148148
0 0.495833 0.44213 0.0197917 0.0287037
0 0.458333 0.639815 0.00729167 0.012963
0 0.607292 0.469907 0.0104167 0.0175926
0 0.443229 0.315741 0.00833333 0.0148148
0 0.508594 0.645833 0.00885417 0.012037
0 0.439063 0.426852 0.0125 0.0240741
0 0.553646 0.564815 0.00729167 0.012963
0 0.604948 0.818981 0.00885417 0.012037
0 0.65 0.906018 0.00729167 0.012037
0 0.501823 0.327315 0.0078125 0.0157407
0 0.499219 0.548611 0.0078125 0.0138889
0 0.74401 0.922222 0.0078125 0.012963
0 0.652604 0.827778 0.009375 0.012963
0 0.605469 0.740741 0.0109375 0.0148148
0 0.449219 0.541204 0.0119792 0.0231481
0 0.607552 0.577778 0.00885417 0.0185185
0 0.659115 0.587037 0.00989583 0.0148148
0 0.551302 0.458333 0.0171875 0.0222222
0 0.709375 0.597685 0.00729167 0.0138889
0 0.699219 0.837037 0.0078125 0.012963
0 0.554688 0.345833 0.009375 0.0157407
0 0.771615 0.39213 0.00885417 0.0157407
0 0.757292 0.614815 0.00729167 0.0148148
0 0.696354 0.915278 0.00729167 0.012037
0 0.771354 0.498611 0.00833333 0.0194444
0 0.653906 0.75 0.00989583 0.0148148
0 0.700521 0.758796 0.00729167 0.0138889
0 0.609375 0.353241 0.0114583 0.0231481
0 0.745833 0.846296 0.00833333 0.012963
0 0.720312 0.380556 0.009375 0.0203704
0 0.654167 0.671296 0.0114583 0.0166667
0 0.701042 0.68287 0.00833333 0.0157407
0 0.747396 0.772685 0.00833333 0.0157407
0 0.665625 0.370833 0.0104167 0.0231481
0 0.747656 0.701852 0.00885417 0.0185185
