0 0.726832 0.829036 0.008436 0.014097
0 0.665767 0.827508 0.007927 0.015003
0 0.607249 0.819081 0.008992 0.014183
0 0.549245 0.818598 0.011562 0.021470
0 0.488498 0.809635 0.009331 0.021126
0 0.431060 0.807674 0.009331 0.021126
0 0.375019 0.805240 0.008532 0.016081
0 0.375070 0.691163 0.008822 0.022032
0 0.388304 0.562924 0.008023 0.016986
0 0.398285 0.469349 0.009186 0.018150
0 0.398414 0.392969 0.008436 0.014097
0 0.400226 0.314632 0.007782 0.012027
0 0.398722 0.230785 0.007272 0.012933
0 0.430848 0.690616 0.015756 0.028021
0 0.489731 0.683178 0.009186 0.018150
0 0.550756 0.692144 0.011976 0.018580
0 0.609025 0.695113 0.018303 0.023491
0 0.668928 0.705548 0.020216 0.028708
0 0.728853 0.711520 0.012870 0.025609
0 0.718630 0.589333 0.012120 0.021556
0 0.664805 0.589911 0.006762 0.013840
0 0.606003 0.581976 0.007320 0.013925
0 0.549420 0.576556 0.008120 0.018970
0 0.493919 0.577604 0.008484 0.015089
0 0.439281 0.573704 0.006156 0.012761
0 0.708319 0.483512 0.007782 0.012027
0 0.707933 0.399186 0.006300 0.015737
0 0.708922 0.318357 0.009695 0.017244
0 0.708809 0.235028 0.009599 0.015260
0 0.654461 0.490043 0.007368 0.014917
0 0.602611 0.486191 0.010811 0.017416
0 0.550445 0.489278 0.007927 0.015003
0 0.497765 0.483926 0.012993 0.016768
0 0.448702 0.480617 0.007272 0.012933
0 0.448859 0.398781 0.006762 0.013840
0 0.449299 0.316453 0.006569 0.009871
0 0.451430 0.230683 0.008847 0.011207
0 0.502449 0.233528 0.009502 0.013276
0 0.497819 0.317272 0.010108 0.014355
0 0.498481 0.402098 0.011369 0.017502
0 0.550697 0.232855 0.007782 0.012027
0 0.549969 0.317161 0.007127 0.009957
0 0.548966 0.400471 0.011878 0.016596
0 0.603875 0.405863 0.006521 0.008879
0 0.602667 0.319043 0.008799 0.010215
0 0.604519 0.233268 0.006156 0.012761
0 0.656058 0.399798 0.009502 0.013276
0 0.652041 0.316405 0.012024 0.019572
0 0.657217 0.235149 0.009234 0.019142
