0 0.596354 0.649074 0.00625 0.0111111
0 0.598958 0.5625 0.00729167 0.012037
0 0.684896 0.747685 0.00625 0.0101852
0 0.549479 0.459722 0.00729167 0.012037
0 0.482552 0.549537 0.00677083 0.0101852
0 0.532812 0.743519 0.00833333 0.0111111
0 0.489062 0.444907 0.00729167 0.0101852
0 0.636458 0.739815 0.00625 0.0111111
0 0.655729 0.480556 0.00729167 0.0111111
0 0.603906 0.47037 0.00677083 0.0111111
0 0.500521 0.241204 0.00729167 0.012037
0 0.589844 0.734259 0.00677083 0.0111111
0 0.726823 0.289352 0.0078125 0.012037
0 0.647656 0.570833 0.0078125 0.012037
0 0.44375 0.236111 0.00729167 0.0111111
0 0.527083 0.841667 0.00729167 0.0111111
0 0.672656 0.276852 0.0078125 0.0111111
0 0.695573 0.579167 0.0078125 0.012037
0 0.741667 0.586111 0.00729167 0.012963
0 0.414844 0.643519 0.00677083 0.0111111
0 0.49375 0.340741 0.00833333 0.0111111
0 0.633333 0.828241 0.00729167 0.012037
0 0.411198 0.746296 0.0078125 0.0111111
0 0.666927 0.374074 0.0078125 0.0111111
0 0.735417 0.667593 0.00729167 0.012963
0 0.721354 0.384259 0.00833333 0.0111111
0 0.551042 0.350463 0.00729167 0.012037
0 0.469531 0.755556 0.00885417 0.0111111
0 0.678906 0.830556 0.0078125 0.012963
0 0.708333 0.488889 0.00729167 0.0111111
0 0.582812 0.824074 0.00729167 0.0111111
0 0.422656 0.540278 0.00677083 0.012037
0 0.729948 0.751852 0.0078125 0.0111111
0 0.434896 0.332407 0.00729167 0.0111111
0 0.779688 0.302778 0.00833333 0.0111111
0 0.428125 0.436111 0.00729167 0.012963
0 0.558594 0.250926 0.0078125 0.0111111
0 0.610156 0.360648 0.0078125 0.012037
0 0.757812 0.497685 0.00729167 0.012037
0 0.72474 0.838426 0.0078125 0.012037
0 0.617448 0.263889 0.00989583 0.012963
0 0.774219 0.394907 0.00885417 0.012037
