0 0.699219 0.822222 0.0078125 0.0111111
0 0.602344 0.738426 0.00572917 0.0101852
0 0.648698 0.738889 0.00677083 0.0111111
0 0.526042 0.362037 0.00729167 0.0111111
0 0.642187 0.368981 0.00729167 0.0101852
0 0.590104 0.472685 0.00625 0.0101852
0 0.652344 0.825926 0.00677083 0.0111111
0 0.523438 0.258796 0.00729167 0.0101852
0 0.696875 0.739815 0.00729167 0.0111111
0 0.546354 0.75463 0.00625 0.0111111
0 0.736719 0.570833 0.00677083 0.0101852
0 0.408594 0.260648 0.00677083 0.0101852
0 0.746094 0.283796 0.00677083 0.0101852
0 0.697135 0.372222 0.00677083 0.00925926
0 0.413021 0.462037 0.00625 0.0111111
0 0.738542 0.654167 0.00729167 0.012037
0 0.745573 0.825 0.0078125 0.0111111
0 0.745573 0.480093 0.0078125 0.0101852
0 0.416927 0.566204 0.00572917 0.0101852
0 0.604167 0.828704 0.00729167 0.0111111
0 0.465104 0.258333 0.00625 0.0111111
0 0.409375 0.356019 0.00625 0.0101852
0 0.550781 0.851852 0.00677083 0.0111111
0 0.751042 0.377315 0.00729167 0.012037
0 0.425521 0.772222 0.00729167 0.0111111
0 0.420833 0.671296 0.00625 0.0111111
0 0.484375 0.774537 0.00833333 0.0101852
0 0.583073 0.264815 0.0078125 0.0111111
0 0.585938 0.363889 0.00729167 0.0111111
