0 0.502083 0.74537 0.00833333 0.0111111
0 0.452604 0.742593 0.00729167 0.0111111
0 0.55026 0.739815 0.0078125 0.0111111
0 0.547396 0.818981 0.00833333 0.012037
0 0.501823 0.564352 0.00677083 0.012037
0 0.60026 0.743981 0.0109375 0.0138889
0 0.604167 0.661111 0.00833333 0.012963
0 0.596354 0.821296 0.00729167 0.0111111
0 0.505469 0.661111 0.0078125 0.0111111
0 0.55651 0.574537 0.00677083 0.012037
0 0.636979 0.903704 0.00729167 0.0111111
0 0.540625 0.9 0.00833333 0.012963
0 0.554688 0.6625 0.009375 0.012037
0 0.683073 0.906944 0.0078125 0.012037
0 0.444531 0.894907 0.00885417 0.012037
0 0.498698 0.818519 0.00989583 0.0148148
0 0.590365 0.902315 0.0078125 0.012037
0 0.457292 0.663426 0.00729167 0.012037
0 0.64375 0.823148 0.00833333 0.012963
0 0.51224 0.345833 0.0078125 0.0138889
0 0.45651 0.340741 0.0078125 0.0148148
0 0.711458 0.585648 0.00625 0.012037
0 0.695052 0.75 0.00885417 0.012963
0 0.614844 0.473611 0.00989583 0.0157407
0 0.689583 0.826852 0.00833333 0.0111111
0 0.452604 0.564352 0.0114583 0.0194444
0 0.670833 0.481944 0.00729167 0.0138889
0 0.73125 0.906482 0.00833333 0.012963
0 0.648698 0.746759 0.0109375 0.0138889
0 0.566406 0.352778 0.0078125 0.0148148
0 0.741406 0.755093 0.0078125 0.0138889
0 0.491927 0.896296 0.00885417 0.0148148
0 0.609375 0.579167 0.00729167 0.0138889
0 0.699219 0.673611 0.0078125 0.0138889
0 0.449479 0.817593 0.009375 0.0148148
0 0.736458 0.828704 0.00833333 0.012963
0 0.505208 0.45463 0.01875 0.0240741
0 0.560156 0.468519 0.0140625 0.0203704
0 0.660937 0.581019 0.00833333 0.0138889
0 0.652604 0.66713 0.0104167 0.0138889
0 0.759115 0.597685 0.0078125 0.0157407
0 0.777083 0.478704 0.009375 0.0203704
0 0.622135 0.353241 0.00885417 0.0212963
0 0.447917 0.449537 0.0125 0.0212963
0 0.744792 0.685185 0.009375 0.0166667
0 0.677865 0.3625 0.0078125 0.0194444
0 0.73125 0.368056 0.00833333 0.0194444
0 0.783594 0.375463 0.0078125 0.0175926
0 0.72474 0.474537 0.0130208 0.025
