0 0.538281 0.969907 0.00677083 0.012037
0 0.667708 0.652315 0.00625 0.012037
0 0.61224 0.649074 0.00677083 0.012963
0 0.602865 0.857407 0.00885417 0.012963
0 0.659635 0.857407 0.00677083 0.012963
0 0.480208 0.969444 0.00625 0.0111111
0 0.673958 0.543056 0.00729167 0.012037
0 0.555729 0.653704 0.00729167 0.012963
0 0.48776 0.859722 0.00677083 0.012037
0 0.775 0.854167 0.00833333 0.012037
0 0.714844 0.967593 0.0078125 0.012963
0 0.500521 0.654167 0.00729167 0.0138889
0 0.54401 0.85787 0.00885417 0.0138889
0 0.68776 0.32037 0.00885417 0.0148148
0 0.565104 0.321296 0.00729167 0.012963
0 0.558073 0.545833 0.00885417 0.0138889
0 0.616406 0.544907 0.0078125 0.0138889
0 0.626823 0.321759 0.00885417 0.0138889
0 0.504167 0.322685 0.00833333 0.012037
0 0.748698 0.318981 0.00885417 0.0138889
0 0.772917 0.968518 0.00729167 0.012963
0 0.422135 0.972222 0.0078125 0.012963
0 0.733073 0.544907 0.0078125 0.0138889
0 0.808333 0.319907 0.009375 0.0138889
0 0.497656 0.543981 0.0078125 0.012037
0 0.778646 0.652315 0.00729167 0.012037
0 0.792708 0.543056 0.00729167 0.012037
0 0.550521 0.755556 0.00729167 0.0148148
0 0.445312 0.327315 0.00833333 0.0138889
0 0.745833 0.421296 0.009375 0.0148148
0 0.495313 0.756481 0.00729167 0.012963
0 0.722656 0.652315 0.0078125 0.0138889
0 0.684115 0.425463 0.00885417 0.0138889
0 0.429427 0.861111 0.0078125 0.012963
0 0.559635 0.426852 0.00885417 0.012963
0 0.497656 0.425 0.00885417 0.012963
0 0.621875 0.426389 0.009375 0.0138889
0 0.439844 0.543519 0.0078125 0.012963
0 0.444531 0.656018 0.00885417 0.0157407
0 0.436979 0.758333 0.00729167 0.012963
0 0.720573 0.752778 0.00885417 0.0148148
0 0.4375 0.427315 0.00833333 0.0138889
0 0.77526 0.752315 0.00989583 0.0138889
0 0.808073 0.424074 0.0140625 0.0203704
0 0.718229 0.856944 0.0104167 0.0175926
