0 0.703646 0.546759 0.00625 0.0101852
0 0.745833 0.541204 0.00625 0.0101852
0 0.754427 0.722685 0.00677083 0.0101852
0 0.790625 0.272222 0.00729167 0.0111111
0 0.706771 0.6375 0.00625 0.0101852
0 0.791667 0.360648 0.00625 0.0101852
0 0.654427 0.379167 0.00677083 0.0101852
0 0.661979 0.641667 0.00625 0.012963
0 0.659115 0.551852 0.00677083 0.0111111
0 0.797135 0.533333 0.00677083 0.0111111
0 0.708333 0.727315 0.00833333 0.012037
0 0.752865 0.62963 0.00677083 0.0111111
0 0.755469 0.811111 0.0078125 0.012963
0 0.698438 0.280093 0.00833333 0.012037
0 0.613021 0.655093 0.00833333 0.0138889
0 0.796094 0.449537 0.0078125 0.012037
0 0.71224 0.821296 0.00885417 0.0148148
0 0.6 0.463426 0.00729167 0.012037
0 0.614583 0.752315 0.009375 0.012037
0 0.477083 0.478704 0.009375 0.0111111
0 0.482552 0.780556 0.00677083 0.0111111
0 0.628906 0.840741 0.0078125 0.0111111
0 0.803906 0.809259 0.00885417 0.012963
0 0.665625 0.733333 0.009375 0.0166667
0 0.601823 0.363889 0.00885417 0.0148148
0 0.604948 0.561111 0.00885417 0.012963
0 0.472656 0.278241 0.00885417 0.0138889
0 0.474479 0.375463 0.009375 0.012037
0 0.804167 0.719907 0.0104167 0.0138889
0 0.478646 0.676852 0.00833333 0.012963
0 0.55651 0.769907 0.0078125 0.0101852
0 0.799479 0.625 0.00729167 0.0111111
0 0.607292 0.274074 0.00729167 0.0111111
0 0.659115 0.287963 0.0078125 0.0111111
0 0.54401 0.464352 0.0078125 0.012037
0 0.541927 0.36713 0.00885417 0.012037
0 0.546094 0.262963 0.0078125 0.012963
0 0.47526 0.581019 0.00989583 0.012037
0 0.553125 0.666667 0.0104167 0.012963
0 0.485417 0.877315 0.0114583 0.0157407
0 0.546875 0.569907 0.009375 0.0138889
0 0.560938 0.868056 0.0125 0.0157407
