0 0.475521 0.969444 0.00625 0.0111111
0 0.592448 0.970833 0.00677083 0.0101852
0 0.661198 0.75787 0.00572917 0.0101852
0 0.483594 0.858333 0.00677083 0.0111111
0 0.651302 0.97037 0.00677083 0.0111111
0 0.598958 0.85787 0.00729167 0.012037
0 0.65599 0.8625 0.00677083 0.012037
0 0.541146 0.855556 0.00833333 0.012963
0 0.691667 0.322222 0.00729167 0.0111111
0 0.426042 0.857407 0.00625 0.012963
0 0.493229 0.75463 0.00625 0.0111111
0 0.617188 0.546759 0.00729167 0.012037
0 0.67474 0.547685 0.00677083 0.012037
0 0.753125 0.322222 0.00729167 0.0111111
0 0.558854 0.544907 0.00729167 0.012037
0 0.666406 0.656944 0.00677083 0.012037
0 0.548177 0.755093 0.00677083 0.012037
0 0.611198 0.651389 0.0078125 0.012037
0 0.555729 0.65463 0.00729167 0.012963
0 0.416667 0.968056 0.00729167 0.012037
0 0.500521 0.652778 0.00729167 0.012963
0 0.733333 0.550926 0.00729167 0.012963
0 0.449219 0.322222 0.00677083 0.012963
0 0.792708 0.550463 0.00729167 0.012037
0 0.569271 0.319907 0.00729167 0.012037
0 0.777083 0.658333 0.00625 0.0111111
0 0.630469 0.322222 0.0078125 0.0111111
0 0.5 0.540741 0.00833333 0.012963
0 0.686719 0.427315 0.0078125 0.012037
0 0.766667 0.975926 0.00833333 0.012963
0 0.721615 0.658796 0.00677083 0.012037
0 0.561979 0.425463 0.00833333 0.012037
0 0.709896 0.972685 0.00833333 0.0138889
0 0.748698 0.425926 0.00885417 0.0148148
0 0.717708 0.758333 0.00729167 0.012963
0 0.509115 0.318519 0.0078125 0.0111111
0 0.624219 0.427315 0.0078125 0.012037
0 0.770312 0.861574 0.00729167 0.012037
0 0.443229 0.651852 0.00729167 0.012963
0 0.811979 0.325463 0.00729167 0.012037
0 0.440625 0.539815 0.00729167 0.012963
0 0.501302 0.422222 0.00885417 0.012963
0 0.434635 0.755093 0.00677083 0.012037
0 0.772135 0.75787 0.0078125 0.012037
0 0.440885 0.422685 0.00885417 0.0138889
0 0.714063 0.861574 0.0104167 0.0157407
0 0.810677 0.430556 0.0130208 0.0222222
