0 0.702344 0.391204 0.00885417 0.0138889
0 0.750781 0.481481 0.0078125 0.012963
0 0.796354 0.400463 0.00625 0.0101852
0 0.704167 0.563889 0.00729167 0.0111111
0 0.658854 0.469444 0.00729167 0.0111111
0 0.746354 0.305556 0.00729167 0.012963
0 0.747135 0.57037 0.00677083 0.0111111
0 0.798437 0.574074 0.00729167 0.012963
0 0.707031 0.299537 0.00885417 0.0138889
0 0.55599 0.24537 0.0078125 0.0148148
0 0.797135 0.311111 0.0078125 0.0111111
0 0.660156 0.560185 0.00677083 0.0111111
0 0.667708 0.828704 0.009375 0.0166667
0 0.477865 0.443519 0.00989583 0.012963
0 0.70625 0.656018 0.00729167 0.012037
0 0.661719 0.651852 0.00677083 0.012963
0 0.751302 0.752778 0.0078125 0.012963
0 0.70599 0.747685 0.0078125 0.0138889
0 0.751042 0.658796 0.00833333 0.012037
0 0.603125 0.459259 0.00729167 0.012963
0 0.798177 0.665741 0.0078125 0.012963
0 0.751042 0.84213 0.00833333 0.0138889
0 0.798698 0.488426 0.0078125 0.0138889
0 0.798958 0.850926 0.009375 0.0148148
0 0.605729 0.358796 0.009375 0.0175926
0 0.480469 0.340741 0.00989583 0.012963
0 0.659635 0.387037 0.0078125 0.012963
0 0.48151 0.24213 0.0078125 0.0138889
0 0.800781 0.762037 0.00989583 0.0148148
0 0.552083 0.652315 0.0125 0.0138889
0 0.623958 0.841667 0.00729167 0.0148148
0 0.478906 0.643981 0.00989583 0.0138889
0 0.479688 0.747222 0.00729167 0.0111111
0 0.553906 0.756019 0.00885417 0.012037
0 0.547396 0.447222 0.00833333 0.012963
0 0.605469 0.556944 0.00885417 0.0138889
0 0.611458 0.653241 0.009375 0.0138889
0 0.615104 0.269907 0.009375 0.0138889
0 0.666927 0.296759 0.00885417 0.0138889
0 0.477344 0.54537 0.00989583 0.0148148
0 0.707292 0.841667 0.009375 0.0166667
0 0.479948 0.847222 0.0119792 0.0148148
0 0.548958 0.349074 0.009375 0.0148148
0 0.664323 0.74213 0.00989583 0.0194444
0 0.548177 0.554167 0.00989583 0.0138889
0 0.611198 0.750926 0.00885417 0.0166667
0 0.55599 0.852315 0.0130208 0.0175926
