0 0.66875 0.976389 0.00625 0.0101852
0 0.549219 0.95787 0.00677083 0.0101852
0 0.669271 0.762963 0.00625 0.0111111
0 0.61224 0.752778 0.00677083 0.0111111
0 0.490365 0.947685 0.00572917 0.0101852
0 0.495052 0.838889 0.00677083 0.0111111
0 0.678385 0.331481 0.00677083 0.0111111
0 0.611198 0.855093 0.00677083 0.012037
0 0.494271 0.301389 0.00729167 0.0101852
0 0.499479 0.736111 0.00729167 0.0111111
0 0.738802 0.342593 0.0078125 0.0111111
0 0.494792 0.522685 0.00729167 0.012037
0 0.66875 0.867593 0.00729167 0.012963
0 0.552083 0.844444 0.00729167 0.012963
0 0.783594 0.993519 0.00885417 0.012963
0 0.554167 0.311111 0.00729167 0.0111111
0 0.554427 0.534722 0.00677083 0.012037
0 0.616927 0.319907 0.0078125 0.0101852
0 0.672135 0.55463 0.00677083 0.012963
0 0.614062 0.544444 0.00625 0.012963
0 0.432031 0.939815 0.00677083 0.0111111
0 0.440885 0.726852 0.00677083 0.0111111
0 0.669271 0.663889 0.00729167 0.012963
0 0.726302 0.986574 0.00885417 0.0157407
0 0.551302 0.415278 0.0078125 0.012037
0 0.490885 0.404167 0.00885417 0.012037
0 0.435937 0.830093 0.00729167 0.012037
0 0.501562 0.636574 0.00729167 0.0138889
0 0.613021 0.650926 0.00833333 0.012963
0 0.677865 0.435185 0.0078125 0.012963
0 0.556771 0.644444 0.00729167 0.0148148
0 0.791146 0.574537 0.00729167 0.012037
0 0.780469 0.681944 0.00677083 0.012037
0 0.798958 0.351852 0.00833333 0.0111111
0 0.614844 0.426852 0.0078125 0.012963
0 0.739844 0.443056 0.00885417 0.0138889
0 0.779948 0.77963 0.00885417 0.012963
0 0.730729 0.566667 0.00729167 0.0148148
0 0.783073 0.884722 0.0078125 0.012037
0 0.436719 0.5125 0.0078125 0.012037
0 0.725521 0.773611 0.00729167 0.0138889
0 0.433594 0.297222 0.0078125 0.0111111
0 0.724479 0.673611 0.00729167 0.0138889
0 0.554688 0.74537 0.00729167 0.0148148
0 0.444531 0.626852 0.0078125 0.0148148
0 0.430729 0.39537 0.00729167 0.012963
0 0.726042 0.877315 0.0104167 0.0175926
0 0.801823 0.45787 0.0140625 0.0194444
