0 0.607813 0.525926 0.00625 0.0111111
0 0.466667 0.626852 0.00729167 0.0111111
0 0.56276 0.616204 0.0078125 0.012037
0 0.46875 0.258796 0.009375 0.0194444
0 0.657292 0.353704 0.00625 0.0111111
0 0.657292 0.526852 0.00729167 0.0111111
0 0.608073 0.443519 0.00677083 0.0111111
0 0.514323 0.622685 0.0078125 0.012037
0 0.608073 0.354167 0.00677083 0.012037
0 0.417448 0.548611 0.0078125 0.0138889
0 0.56276 0.449074 0.00677083 0.0111111
0 0.465625 0.545833 0.00729167 0.012037
0 0.516406 0.704167 0.00677083 0.012037
0 0.372656 0.556019 0.00989583 0.0175926
0 0.41901 0.624537 0.0078125 0.012037
0 0.467708 0.709722 0.00729167 0.012037
0 0.515104 0.451389 0.00729167 0.012037
0 0.609375 0.702778 0.00729167 0.0111111
0 0.56276 0.361574 0.00677083 0.012037
0 0.607552 0.616204 0.0078125 0.012037
0 0.563281 0.531018 0.0078125 0.012037
0 0.65599 0.783333 0.0078125 0.0111111
0 0.371354 0.706019 0.00729167 0.0138889
0 0.370052 0.777315 0.0078125 0.012037
0 0.655469 0.443519 0.0078125 0.0111111
0 0.460677 0.450926 0.00677083 0.012963
0 0.515365 0.366204 0.00677083 0.012037
0 0.417969 0.705556 0.0078125 0.012963
0 0.465885 0.788889 0.00677083 0.012963
0 0.515625 0.785185 0.00729167 0.012963
0 0.41224 0.248148 0.00989583 0.0166667
0 0.516927 0.536111 0.00885417 0.012963
0 0.564323 0.699074 0.00885417 0.0148148
0 0.5625 0.785185 0.00729167 0.012963
0 0.417708 0.784259 0.00833333 0.012963
0 0.610156 0.785648 0.0078125 0.012037
0 0.655208 0.270833 0.00729167 0.0138889
0 0.657812 0.710185 0.00833333 0.012963
0 0.370833 0.631944 0.00833333 0.0157407
0 0.608333 0.267593 0.00729167 0.0148148
0 0.657812 0.618519 0.0104167 0.0148148
0 0.56224 0.266667 0.0078125 0.0166667
0 0.517708 0.273611 0.00833333 0.0175926
