0 0.469271 0.258796 0.00833333 0.0175926
0 0.371094 0.55463 0.00989583 0.0166667
0 0.608333 0.528704 0.00625 0.0111111
0 0.411198 0.249074 0.00989583 0.0166667
0 0.563542 0.618056 0.00833333 0.012037
0 0.607031 0.615278 0.0078125 0.0101852
0 0.417448 0.705093 0.00677083 0.012037
0 0.608333 0.444444 0.00625 0.0111111
0 0.657292 0.353704 0.00625 0.0111111
0 0.608073 0.354167 0.00677083 0.012037
0 0.563802 0.7 0.0078125 0.012963
0 0.466146 0.547222 0.00729167 0.012963
0 0.516667 0.705093 0.00729167 0.012037
0 0.65651 0.527315 0.0078125 0.012037
0 0.371094 0.706019 0.0078125 0.012037
0 0.563021 0.786574 0.00729167 0.012037
0 0.466927 0.626852 0.0078125 0.012963
0 0.417448 0.546759 0.0078125 0.0138889
0 0.41901 0.623611 0.0078125 0.012037
0 0.609115 0.702315 0.0078125 0.012037
0 0.655208 0.443519 0.00729167 0.0111111
0 0.563281 0.361574 0.00677083 0.012037
0 0.563281 0.533333 0.0078125 0.0111111
0 0.563021 0.450926 0.00729167 0.0111111
0 0.515365 0.365278 0.00677083 0.012037
0 0.460156 0.451852 0.00677083 0.012963
0 0.655729 0.78287 0.00833333 0.012037
0 0.514844 0.452778 0.0078125 0.012963
0 0.370052 0.778241 0.0078125 0.012037
0 0.466927 0.790278 0.00677083 0.0138889
0 0.468229 0.710185 0.00729167 0.012963
0 0.656771 0.710185 0.00729167 0.012963
0 0.516927 0.786111 0.00677083 0.012963
0 0.516146 0.536574 0.00833333 0.0138889
0 0.655729 0.27037 0.00729167 0.012963
0 0.417448 0.786111 0.0078125 0.012963
0 0.513802 0.623148 0.0078125 0.012963
0 0.370573 0.631944 0.00885417 0.0157407
0 0.610677 0.786111 0.0078125 0.012963
0 0.608594 0.267593 0.00677083 0.012963
0 0.657031 0.618056 0.00989583 0.0138889
0 0.517708 0.274537 0.00833333 0.0157407
0 0.56224 0.266667 0.0078125 0.0148148
