0 0.746094 0.564352 0.00572917 0.0101852
0 0.796875 0.566204 0.00729167 0.0101852
0 0.790365 0.302778 0.00677083 0.0111111
0 0.70651 0.652778 0.00677083 0.0111111
0 0.753646 0.836574 0.00729167 0.0138889
0 0.661979 0.650463 0.00625 0.012037
0 0.653385 0.385185 0.00677083 0.0111111
0 0.752344 0.747222 0.0078125 0.0111111
0 0.795052 0.480556 0.0078125 0.012963
0 0.699479 0.295833 0.00729167 0.012037
0 0.708073 0.743981 0.0078125 0.012037
0 0.751823 0.651852 0.00677083 0.0111111
0 0.802083 0.842593 0.00833333 0.0148148
0 0.798698 0.658796 0.00885417 0.012037
0 0.802344 0.753241 0.00989583 0.0138889
0 0.47526 0.250926 0.0078125 0.0166667
0 0.670313 0.829167 0.00833333 0.0138889
0 0.611979 0.652778 0.00833333 0.012963
0 0.60026 0.461574 0.0078125 0.012037
0 0.603906 0.558796 0.00885417 0.012037
0 0.710938 0.837963 0.009375 0.0148148
0 0.659375 0.29537 0.00833333 0.012963
0 0.478646 0.450926 0.009375 0.0111111
0 0.628646 0.842593 0.00729167 0.012963
0 0.544531 0.451852 0.00885417 0.012963
0 0.601302 0.361111 0.00885417 0.0148148
0 0.665365 0.740741 0.00885417 0.0166667
0 0.553125 0.654167 0.0114583 0.0138889
0 0.613542 0.751389 0.00833333 0.0138889
0 0.476042 0.348148 0.009375 0.012963
0 0.55651 0.759259 0.0078125 0.0111111
0 0.608333 0.271759 0.00833333 0.012037
0 0.546354 0.250926 0.00729167 0.012963
0 0.48151 0.755556 0.00677083 0.0111111
0 0.479427 0.65 0.00885417 0.012963
0 0.47526 0.55463 0.00885417 0.012963
0 0.543229 0.352778 0.00833333 0.012963
0 0.547135 0.556944 0.00885417 0.0138889
0 0.485417 0.85463 0.0125 0.0166667
0 0.559635 0.856944 0.0119792 0.0157407
