0 0.525 0.755556 0.00729167 0.0111111
0 0.571875 0.748148 0.00833333 0.0111111
0 0.414323 0.357407 0.0078125 0.012963
0 0.469271 0.355093 0.00729167 0.012037
0 0.515625 0.672222 0.00729167 0.0111111
0 0.636719 0.905093 0.0078125 0.012037
0 0.610937 0.6625 0.00833333 0.012037
0 0.58151 0.826389 0.00885417 0.012037
0 0.446094 0.581019 0.00989583 0.0175926
0 0.647135 0.478704 0.0078125 0.0148148
0 0.491667 0.909722 0.00729167 0.012037
0 0.629687 0.824074 0.00833333 0.0111111
0 0.722656 0.818981 0.0078125 0.012037
0 0.729167 0.899537 0.00833333 0.012037
0 0.495052 0.576852 0.00677083 0.012963
0 0.563021 0.668056 0.00833333 0.012037
0 0.692187 0.357407 0.009375 0.0185185
0 0.58724 0.907407 0.0078125 0.012963
0 0.775521 0.896296 0.00729167 0.012963
0 0.55026 0.581019 0.00677083 0.012037
0 0.654688 0.577778 0.00729167 0.012963
0 0.683073 0.901852 0.0078125 0.012963
0 0.534635 0.830093 0.0109375 0.0157407
0 0.47474 0.757407 0.0078125 0.012963
0 0.767187 0.817593 0.00833333 0.012963
0 0.484115 0.833333 0.0078125 0.012963
0 0.676302 0.821759 0.00885417 0.012037
0 0.704167 0.577778 0.00729167 0.012963
0 0.714583 0.74213 0.00833333 0.012037
0 0.52526 0.359722 0.0078125 0.0157407
0 0.539323 0.909259 0.0078125 0.012963
0 0.705729 0.665741 0.00729167 0.012963
0 0.467187 0.679167 0.00729167 0.0138889
0 0.590365 0.474074 0.00989583 0.0148148
0 0.621094 0.746759 0.0109375 0.0138889
0 0.760156 0.742593 0.00885417 0.0148148
0 0.602865 0.581481 0.0078125 0.0148148
0 0.752865 0.672685 0.00885417 0.0157407
0 0.738281 0.356019 0.00885417 0.0175926
0 0.577604 0.356481 0.009375 0.0185185
0 0.478385 0.469444 0.0182292 0.0240741
0 0.667969 0.743056 0.0109375 0.0138889
0 0.752083 0.583333 0.009375 0.0185185
0 0.659896 0.665278 0.0114583 0.0157407
0 0.700781 0.466667 0.0130208 0.0240741
0 0.42474 0.467593 0.0109375 0.0203704
0 0.753646 0.465278 0.009375 0.0175926
0 0.535677 0.472222 0.0151042 0.0222222
0 0.635156 0.359259 0.00885417 0.0185185
