0 0.798437 0.38287 0.00625 0.012037
0 0.552344 0.7625 0.00677083 0.012037
0 0.553385 0.860185 0.0130208 0.0185185
0 0.660417 0.383333 0.00729167 0.012963
0 0.798958 0.294907 0.00625 0.012037
0 0.548958 0.456019 0.00625 0.012037
0 0.555729 0.254167 0.00729167 0.012037
0 0.609115 0.361111 0.00885417 0.0148148
0 0.477865 0.762037 0.00677083 0.012963
0 0.708594 0.29213 0.00677083 0.012037
0 0.549479 0.560185 0.00833333 0.0148148
0 0.617708 0.270833 0.00729167 0.0138889
0 0.476823 0.658796 0.0078125 0.0138889
0 0.8 0.471296 0.00729167 0.012963
0 0.66875 0.293056 0.00625 0.012037
0 0.477083 0.560648 0.00729167 0.012037
0 0.480729 0.45787 0.00833333 0.012037
0 0.55026 0.358333 0.00677083 0.012963
0 0.484115 0.360185 0.00989583 0.0148148
0 0.479167 0.8625 0.0104167 0.0157407
0 0.484896 0.259259 0.00729167 0.012963
