0 0.451302 0.710185 0.00572917 0.0111111
0 0.546875 0.456019 0.00625 0.0101852
0 0.497656 0.368056 0.00677083 0.012037
0 0.594531 0.455093 0.00572917 0.0101852
0 0.596094 0.538889 0.0078125 0.0111111
0 0.40599 0.791667 0.00572917 0.0111111
0 0.644271 0.626389 0.00625 0.0101852
0 0.644792 0.540741 0.00833333 0.0111111
0 0.595312 0.367593 0.00625 0.0111111
0 0.546354 0.369444 0.00625 0.0111111
0 0.644792 0.713426 0.00625 0.0101852
0 0.64375 0.368981 0.00625 0.0101852
0 0.359635 0.789815 0.00572917 0.0111111
0 0.595833 0.796296 0.00729167 0.0111111
0 0.64349 0.456944 0.00677083 0.0101852
0 0.497917 0.283796 0.00729167 0.012037
0 0.392188 0.449074 0.00625 0.0111111
0 0.358594 0.54537 0.0078125 0.0148148
0 0.358594 0.706481 0.00572917 0.0111111
0 0.385156 0.343519 0.00677083 0.0111111
0 0.358854 0.623611 0.00833333 0.012037
0 0.342708 0.449074 0.00625 0.0111111
0 0.546354 0.283333 0.00729167 0.012963
0 0.446354 0.264352 0.00729167 0.012037
0 0.332031 0.347685 0.00677083 0.012037
0 0.595312 0.283333 0.00729167 0.012963
0 0.643229 0.281481 0.00729167 0.012963
0 0.331771 0.250463 0.00729167 0.012037
0 0.385938 0.250463 0.00729167 0.012037
