0 0.556771 0.769907 0.00729167 0.0138889
0 0.334635 0.799537 0.0078125 0.012037
0 0.599479 0.545833 0.009375 0.0138889
0 0.473958 0.614352 0.0104167 0.0157407
0 0.515104 0.54537 0.0125 0.0203704
0 0.515104 0.6875 0.009375 0.0175926
0 0.339583 0.609722 0.0125 0.0157407
0 0.560156 0.339815 0.00885417 0.0185185
0 0.557552 0.69213 0.0078125 0.0157407
0 0.451562 0.210648 0.009375 0.0157407
0 0.507812 0.325926 0.00833333 0.012963
0 0.401563 0.706944 0.0104167 0.0175926
0 0.39401 0.309259 0.0078125 0.0148148
0 0.59974 0.763889 0.00885417 0.0166667
0 0.553646 0.536574 0.0114583 0.0175926
0 0.465625 0.7 0.00833333 0.0166667
0 0.33724 0.406944 0.00677083 0.0138889
0 0.599219 0.693056 0.00885417 0.0157407
0 0.39349 0.204167 0.0078125 0.0138889
0 0.64401 0.769907 0.00885417 0.0157407
0 0.333073 0.202778 0.00677083 0.012963
0 0.514323 0.778241 0.00989583 0.0212963
0 0.466146 0.786574 0.00729167 0.0175926
0 0.507031 0.216667 0.0078125 0.0148148
0 0.613542 0.236111 0.0104167 0.0203704
0 0.608854 0.341204 0.00833333 0.0157407
0 0.658594 0.48287 0.0078125 0.0138889
0 0.657812 0.235185 0.00833333 0.0166667
0 0.397135 0.410648 0.00989583 0.0175926
0 0.66224 0.371759 0.00989583 0.0157407
0 0.332292 0.302315 0.0104167 0.0194444
0 0.560677 0.222685 0.0119792 0.0212963
0 0.646875 0.625926 0.0145833 0.0203704
0 0.404427 0.804167 0.0130208 0.0212963
