0 0.567448 0.562037 0.00572917 0.0111111
0 0.567708 0.661111 0.00625 0.0111111
0 0.551562 0.910185 0.00625 0.0111111
0 0.651823 0.835648 0.00572917 0.0101852
0 0.632292 0.401852 0.00729167 0.0111111
0 0.521875 0.652778 0.00625 0.0111111
0 0.575521 0.469444 0.00625 0.0111111
0 0.722396 0.497222 0.00625 0.0111111
0 0.695312 0.924074 0.00625 0.00925926
0 0.645833 0.918056 0.00625 0.0101852
0 0.509375 0.818981 0.00625 0.0101852
0 0.516927 0.736111 0.00572917 0.0111111
0 0.582031 0.379167 0.00677083 0.0101852
0 0.505469 0.903704 0.00677083 0.0111111
0 0.476562 0.651852 0.00625 0.012963
0 0.563281 0.739815 0.00677083 0.0111111
0 0.742448 0.930556 0.00677083 0.0111111
0 0.598958 0.915741 0.00625 0.0111111
0 0.460417 0.897685 0.00625 0.0101852
0 0.716667 0.584259 0.00625 0.0111111
0 0.467187 0.55463 0.00625 0.0111111
0 0.70026 0.837963 0.00677083 0.0111111
0 0.705469 0.752778 0.00677083 0.0111111
0 0.515885 0.559259 0.0078125 0.012963
0 0.753646 0.75787 0.00729167 0.0101852
0 0.515625 0.452315 0.00729167 0.012037
0 0.748438 0.846759 0.00729167 0.012037
0 0.466146 0.813889 0.00625 0.0111111
0 0.471094 0.732407 0.0078125 0.012963
0 0.764844 0.5875 0.00677083 0.012037
0 0.679688 0.406481 0.00833333 0.012963
0 0.711458 0.66713 0.00729167 0.012037
0 0.770833 0.501389 0.00729167 0.012037
0 0.759896 0.672685 0.00833333 0.012037
0 0.463542 0.451852 0.00833333 0.012963
0 0.523177 0.359722 0.0078125 0.012037
0 0.728906 0.410185 0.0078125 0.0148148
0 0.469271 0.355556 0.00729167 0.012963
0 0.775521 0.414815 0.00833333 0.0148148
