0 0.663802 0.648148 0.0078125 0.012963
0 0.751823 0.6375 0.00572917 0.0101852
0 0.653385 0.555093 0.00677083 0.012037
0 0.740104 0.55 0.00625 0.0111111
0 0.686198 0.827315 0.00885417 0.0157407
0 0.769271 0.37037 0.00625 0.0111111
0 0.760677 0.28287 0.00677083 0.012037
0 0.671615 0.286574 0.00677083 0.012037
0 0.696615 0.552778 0.00677083 0.0111111
0 0.707552 0.643981 0.00677083 0.012037
0 0.634115 0.381944 0.00677083 0.012037
0 0.632552 0.291667 0.00572917 0.0111111
0 0.614323 0.657407 0.00885417 0.012963
0 0.716406 0.733796 0.00885417 0.0138889
0 0.78099 0.459722 0.0078125 0.012037
0 0.517187 0.260185 0.00729167 0.0111111
0 0.789323 0.54537 0.00677083 0.0111111
0 0.798437 0.637037 0.00729167 0.0111111
0 0.448698 0.272222 0.00677083 0.012963
0 0.760417 0.731481 0.00729167 0.0111111
0 0.624479 0.755556 0.00833333 0.0148148
0 0.588281 0.464352 0.00677083 0.012037
0 0.522396 0.364815 0.00625 0.0111111
0 0.60026 0.562037 0.0078125 0.012963
0 0.55599 0.665278 0.0109375 0.0138889
0 0.770052 0.821296 0.00677083 0.012963
0 0.457812 0.371296 0.009375 0.012963
0 0.580469 0.365741 0.00885417 0.0148148
0 0.532552 0.4625 0.00677083 0.012037
0 0.728125 0.828704 0.00833333 0.0148148
0 0.472917 0.573611 0.00729167 0.012037
0 0.544531 0.568519 0.00677083 0.012963
0 0.466406 0.469907 0.00885417 0.012037
0 0.56901 0.768981 0.00885417 0.0138889
0 0.810417 0.731019 0.0104167 0.0138889
0 0.674219 0.737037 0.00989583 0.0166667
0 0.495833 0.775463 0.00625 0.012037
0 0.817187 0.822685 0.00833333 0.0138889
0 0.580208 0.273148 0.00729167 0.012963
0 0.647396 0.844907 0.00729167 0.0138889
0 0.484896 0.671296 0.00833333 0.0148148
0 0.580729 0.868519 0.0125 0.0166667
0 0.50651 0.873611 0.0119792 0.0175926
