0 0.359005 0.009948 0.005976 0.010023
0 0.343584 0.099040 0.005718 0.013741
0 0.327794 0.188832 0.006054 0.013145
0 0.313169 0.283721 0.006665 0.014231
0 0.300228 0.374572 0.005639 0.010619
0 0.285276 0.468394 0.005029 0.009533
0 0.273843 0.562283 0.006587 0.011110
0 0.412069 0.030387 0.006114 0.010865
0 0.395427 0.123761 0.005837 0.009181
0 0.381327 0.214001 0.003273 0.009395
0 0.366864 0.309425 0.003944 0.008201
0 0.351976 0.398350 0.003669 0.006520
0 0.337770 0.495253 0.005029 0.009533
0 0.323438 0.585369 0.007121 0.009075
0 0.462136 0.079266 0.005089 0.007255
0 0.448745 0.162261 0.005226 0.008095
0 0.436237 0.247516 0.004219 0.009885
0 0.421531 0.333848 0.004694 0.010130
0 0.409999 0.422307 0.005029 0.009533
0 0.396150 0.509541 0.005364 0.008936
0 0.383154 0.593192 0.004694 0.010130
0 0.509025 0.121535 0.005898 0.006903
0 0.552395 0.147156 0.006252 0.011706
0 0.596431 0.167303 0.007337 0.013038
0 0.640910 0.190822 0.005167 0.010375
0 0.498269 0.202339 0.006389 0.012548
0 0.541196 0.224588 0.005226 0.008095
0 0.583960 0.246303 0.005778 0.011461
0 0.629804 0.269199 0.005167 0.010375
0 0.485800 0.281339 0.003333 0.007115
0 0.473010 0.363756 0.002524 0.007467
0 0.461742 0.441600 0.003134 0.008553
0 0.449897 0.521379 0.002858 0.006870
0 0.436483 0.603016 0.004555 0.009289
0 0.529096 0.302888 0.011203 0.018119
0 0.516582 0.383657 0.004556 0.009288
0 0.574057 0.323524 0.007948 0.014124
0 0.616778 0.347009 0.006251 0.011706
0 0.560686 0.403393 0.004832 0.010971
0 0.605396 0.427033 0.004082 0.009043
0 0.504782 0.461668 0.005700 0.008340
0 0.549512 0.482182 0.006587 0.011110
0 0.595933 0.503142 0.007810 0.013283
0 0.492174 0.541492 0.003471 0.007957
0 0.478639 0.620826 0.006252 0.011706
0 0.537530 0.562785 0.005639 0.010619
0 0.524991 0.642197 0.005443 0.012058
0 0.584394 0.587116 0.004832 0.010971
0 0.570628 0.666327 0.005364 0.008936
