0 0.716406 0.687037 0.00572917 0.0111111
0 0.772135 0.77963 0.00572917 0.0111111
0 0.752865 0.512037 0.00572917 0.0111111
0 0.689583 0.333333 0.00625 0.0111111
0 0.555469 0.602315 0.00572917 0.0101852
0 0.561719 0.699074 0.00572917 0.0111111
0 0.56875 0.793056 0.00625 0.012037
0 0.50026 0.711111 0.00572917 0.0111111
0 0.467708 0.189815 0.00625 0.0111111
0 0.670573 0.775926 0.00572917 0.0111111
0 0.702083 0.50787 0.00520833 0.012037
0 0.452604 0.814352 0.00729167 0.012037
0 0.420833 0.396759 0.00520833 0.012037
0 0.746615 0.424074 0.00572917 0.0111111
0 0.415104 0.296296 0.00520833 0.0111111
0 0.710677 0.597222 0.00572917 0.0111111
0 0.647917 0.418519 0.0104167 0.0166667
0 0.721354 0.776852 0.00625 0.0111111
0 0.683854 0.24537 0.00625 0.0111111
0 0.696875 0.42037 0.00729167 0.012963
0 0.441406 0.709259 0.00572917 0.0111111
0 0.435937 0.603241 0.00520833 0.012037
0 0.760677 0.597222 0.00572917 0.0111111
0 0.740104 0.335185 0.00729167 0.012963
0 0.409896 0.193519 0.00625 0.0111111
0 0.427865 0.503704 0.00572917 0.012963
0 0.734375 0.248148 0.00625 0.0111111
