0 0.541146 0.968056 0.00625 0.0101852
0 0.667188 0.657407 0.00625 0.0111111
0 0.483333 0.966204 0.00625 0.0101852
0 0.659896 0.97037 0.00625 0.0111111
0 0.672917 0.549074 0.00729167 0.0111111
0 0.602083 0.969444 0.00729167 0.0111111
0 0.611458 0.650926 0.00625 0.0111111
0 0.615365 0.546759 0.00677083 0.012037
0 0.489844 0.856019 0.00677083 0.012037
0 0.604948 0.85787 0.0078125 0.012037
0 0.66224 0.861574 0.00677083 0.012037
0 0.55599 0.54537 0.0078125 0.012963
0 0.745573 0.325926 0.00677083 0.0111111
0 0.684375 0.325 0.00729167 0.0111111
0 0.555729 0.653704 0.00729167 0.012963
0 0.546094 0.855093 0.00885417 0.0138889
0 0.73151 0.552778 0.00677083 0.012963
0 0.423958 0.96713 0.00729167 0.012037
0 0.496615 0.540741 0.00677083 0.012963
0 0.50026 0.651852 0.00677083 0.012963
0 0.560677 0.321296 0.0078125 0.0111111
0 0.495833 0.754167 0.00625 0.012037
0 0.74401 0.428704 0.00989583 0.0148148
0 0.623177 0.323148 0.00677083 0.0111111
0 0.44349 0.650463 0.0078125 0.0138889
0 0.681771 0.430093 0.00729167 0.012037
0 0.430729 0.855556 0.00625 0.012963
0 0.619271 0.429167 0.00729167 0.012037
0 0.723177 0.659722 0.00677083 0.012037
0 0.4375 0.537963 0.00625 0.012963
0 0.500781 0.319444 0.0078125 0.0111111
0 0.792448 0.55463 0.0078125 0.012963
0 0.496354 0.421296 0.00833333 0.012963
0 0.776563 0.975926 0.00833333 0.012963
0 0.55651 0.426389 0.00885417 0.012037
0 0.778906 0.662037 0.00677083 0.0111111
0 0.551562 0.755093 0.00729167 0.0138889
0 0.436979 0.752778 0.00625 0.012963
0 0.71849 0.974074 0.0078125 0.012963
0 0.434635 0.421296 0.0078125 0.012963
0 0.440885 0.321759 0.0078125 0.0138889
0 0.805729 0.32963 0.00729167 0.012963
0 0.776823 0.760185 0.0078125 0.012963
0 0.777604 0.863426 0.00729167 0.012037
0 0.722135 0.760185 0.0078125 0.012963
0 0.720573 0.862963 0.00989583 0.0166667
0 0.806771 0.435185 0.0135417 0.0203704
