0 0.476562 0.637963 0.00729167 0.012963
0 0.648958 0.920833 0.00520833 0.0101852
0 0.626302 0.489815 0.00677083 0.0111111
0 0.60625 0.827778 0.00625 0.0111111
0 0.696875 0.931481 0.00625 0.0111111
0 0.702083 0.847222 0.00520833 0.00925926
0 0.66849 0.585648 0.00677083 0.0101852
0 0.610677 0.743056 0.00677083 0.012037
0 0.566927 0.55787 0.00572917 0.0101852
0 0.558594 0.818981 0.00572917 0.0101852
0 0.511198 0.809722 0.00572917 0.0101852
0 0.673958 0.498148 0.00729167 0.0111111
0 0.721615 0.505556 0.00677083 0.0111111
0 0.554427 0.903704 0.00572917 0.0111111
0 0.521354 0.64213 0.00625 0.012037
0 0.63125 0.402778 0.00729167 0.012963
0 0.573438 0.464352 0.00625 0.012037
0 0.461979 0.884722 0.00625 0.012037
0 0.517969 0.726852 0.00677083 0.0111111
0 0.70651 0.761111 0.00677083 0.0111111
0 0.715885 0.593056 0.00677083 0.012037
0 0.567969 0.652315 0.00677083 0.012037
0 0.71224 0.675 0.00677083 0.012963
0 0.750521 0.859259 0.00729167 0.0111111
0 0.601302 0.914815 0.00677083 0.0111111
0 0.579948 0.375463 0.00677083 0.012037
0 0.564062 0.734722 0.00729167 0.012037
0 0.515104 0.549537 0.00729167 0.012037
0 0.508594 0.893981 0.00677083 0.012037
0 0.471354 0.718518 0.00833333 0.012963
0 0.466667 0.799074 0.00729167 0.0111111
0 0.677865 0.411574 0.0078125 0.012037
0 0.764844 0.601852 0.00677083 0.0111111
0 0.466927 0.539815 0.00677083 0.0111111
0 0.727604 0.419444 0.00729167 0.012963
0 0.770833 0.514815 0.00729167 0.0111111
0 0.514583 0.443519 0.00729167 0.012963
0 0.755208 0.77037 0.00729167 0.012963
0 0.759635 0.685648 0.0078125 0.012037
0 0.4625 0.437037 0.00833333 0.012963
0 0.521094 0.349537 0.0078125 0.012037
0 0.467448 0.340741 0.0078125 0.012963
0 0.77474 0.428241 0.00885417 0.0138889
