0 0.615365 0.660648 0.00572917 0.012037
0 0.573438 0.466667 0.00625 0.0111111
0 0.659115 0.752315 0.00572917 0.0101852
0 0.653906 0.836574 0.00572917 0.0101852
0 0.665104 0.664352 0.00625 0.012037
0 0.566927 0.560185 0.00572917 0.0111111
0 0.66875 0.583333 0.00625 0.0111111
0 0.554427 0.906944 0.00572917 0.012037
0 0.630208 0.401852 0.00729167 0.012963
0 0.558333 0.823148 0.00625 0.0111111
0 0.517969 0.732407 0.00677083 0.0111111
0 0.746615 0.934722 0.0078125 0.012037
0 0.721354 0.5 0.00625 0.0111111
0 0.508594 0.900926 0.00677083 0.0111111
0 0.511458 0.816204 0.00625 0.0101852
0 0.698177 0.926389 0.00677083 0.012037
0 0.602604 0.915741 0.00625 0.0111111
0 0.475781 0.64537 0.00677083 0.012963
0 0.579167 0.378241 0.00729167 0.012037
0 0.564323 0.738426 0.0078125 0.012037
0 0.716667 0.588426 0.00625 0.012037
0 0.703125 0.841667 0.00729167 0.0111111
0 0.673698 0.49537 0.0078125 0.012963
0 0.521354 0.650463 0.00625 0.012037
0 0.467448 0.808796 0.00677083 0.012037
0 0.64974 0.918981 0.00677083 0.012037
0 0.567708 0.656018 0.00729167 0.012037
0 0.514844 0.556019 0.00677083 0.012037
0 0.471875 0.726852 0.00729167 0.012963
0 0.707812 0.756481 0.00729167 0.0111111
0 0.513542 0.449074 0.00729167 0.012963
0 0.752344 0.851389 0.0078125 0.012037
0 0.466146 0.549074 0.00625 0.0111111
0 0.764844 0.593982 0.00677083 0.012037
0 0.760417 0.678704 0.00833333 0.012963
0 0.770833 0.506481 0.00729167 0.012963
0 0.726823 0.413889 0.0078125 0.0148148
0 0.7125 0.669907 0.00729167 0.012037
0 0.677604 0.406944 0.00833333 0.0138889
0 0.75625 0.763426 0.00833333 0.012037
0 0.460156 0.444907 0.0078125 0.0138889
0 0.465625 0.35 0.00729167 0.012963
0 0.520052 0.35463 0.0078125 0.012963
0 0.774219 0.419444 0.00885417 0.0148148
