0 0.608854 0.915278 0.00520833 0.0101852
0 0.570833 0.478241 0.00625 0.0101852
0 0.574479 0.390741 0.00729167 0.0111111
0 0.622396 0.489815 0.00729167 0.0111111
0 0.472917 0.758333 0.00625 0.0111111
0 0.520052 0.753704 0.00677083 0.0111111
0 0.703906 0.905556 0.00572917 0.0111111
0 0.565625 0.572222 0.00625 0.0111111
0 0.521875 0.670833 0.00625 0.0101852
0 0.70625 0.819907 0.00625 0.0101852
0 0.467708 0.923611 0.00625 0.0101852
0 0.709896 0.736574 0.00625 0.0101852
0 0.716146 0.566667 0.00625 0.0111111
0 0.51276 0.92037 0.00677083 0.0111111
0 0.514323 0.579167 0.00677083 0.012037
0 0.674479 0.396759 0.00729167 0.012037
0 0.75625 0.819907 0.00729167 0.012037
0 0.752083 0.901852 0.00729167 0.0111111
0 0.470313 0.839815 0.00625 0.0111111
0 0.765365 0.5625 0.00677083 0.0101852
0 0.464844 0.584722 0.00677083 0.012037
0 0.76875 0.474074 0.00729167 0.0111111
0 0.510938 0.474074 0.00729167 0.0111111
0 0.722917 0.392593 0.00729167 0.012963
0 0.460417 0.386574 0.00729167 0.012037
0 0.515885 0.381481 0.0078125 0.012963
0 0.759115 0.73287 0.0078125 0.012037
0 0.761719 0.646759 0.0078125 0.012037
0 0.713281 0.649074 0.0078125 0.012963
0 0.457292 0.483796 0.00729167 0.012037
0 0.771354 0.387963 0.00729167 0.012963
