0 0.673698 0.768056 0.00572917 0.0101852
0 0.675781 0.232407 0.00677083 0.0111111
0 0.726562 0.226389 0.00625 0.0101852
0 0.683594 0.318056 0.00572917 0.0101852
0 0.69974 0.494444 0.00572917 0.0111111
0 0.642708 0.411111 0.00729167 0.012963
0 0.717708 0.67037 0.00520833 0.0111111
0 0.503385 0.734722 0.00572917 0.0101852
0 0.767969 0.662963 0.00572917 0.0111111
0 0.555729 0.613889 0.00625 0.0111111
0 0.564323 0.709259 0.00572917 0.0111111
0 0.775 0.751389 0.00625 0.012037
0 0.460417 0.215741 0.00625 0.00925926
0 0.741667 0.399074 0.00729167 0.012963
0 0.760156 0.571759 0.0078125 0.012037
0 0.709375 0.581019 0.00729167 0.012037
0 0.417708 0.43287 0.00520833 0.0101852
0 0.572396 0.80463 0.00625 0.0111111
0 0.725 0.758796 0.00625 0.012037
0 0.734635 0.3125 0.00677083 0.012037
0 0.45625 0.846296 0.00729167 0.0111111
0 0.403125 0.231019 0.00625 0.0101852
0 0.445573 0.743519 0.00572917 0.0111111
0 0.435937 0.637963 0.00625 0.0111111
0 0.410677 0.331481 0.00572917 0.0111111
0 0.426302 0.539352 0.00677083 0.0138889
