0 0.681771 0.728241 0.00833333 0.012037
0 0.635677 0.820833 0.00677083 0.0101852
0 0.586198 0.671296 0.0078125 0.012963
0 0.777865 0.452315 0.0078125 0.012037
0 0.777604 0.80787 0.009375 0.0138889
0 0.601562 0.384722 0.009375 0.0194444
0 0.682031 0.560185 0.0078125 0.0111111
0 0.467969 0.386574 0.00989583 0.0175926
0 0.634115 0.569444 0.0078125 0.0111111
0 0.489583 0.91713 0.00625 0.0101852
0 0.728646 0.548611 0.00729167 0.012037
0 0.682292 0.641667 0.009375 0.012963
0 0.634115 0.740278 0.0078125 0.012037
0 0.77526 0.369907 0.0078125 0.0138889
0 0.583594 0.47963 0.00885417 0.0166667
0 0.5375 0.836574 0.00729167 0.012037
0 0.682031 0.471759 0.00677083 0.0101852
0 0.636979 0.651852 0.009375 0.012963
0 0.483594 0.686111 0.00885417 0.0148148
0 0.586198 0.913889 0.00677083 0.012963
0 0.536979 0.757407 0.00729167 0.012963
0 0.53776 0.916204 0.00677083 0.012037
0 0.489844 0.843982 0.00677083 0.012037
0 0.488802 0.77037 0.0078125 0.012963
0 0.68151 0.378704 0.00885417 0.0166667
0 0.580729 0.575463 0.00729167 0.012037
0 0.535417 0.678704 0.00729167 0.012963
0 0.531771 0.381944 0.0114583 0.0194444
0 0.532552 0.455556 0.0130208 0.0203704
0 0.777083 0.716667 0.0114583 0.0166667
0 0.478125 0.599537 0.009375 0.0175926
0 0.634635 0.483796 0.0078125 0.0138889
0 0.777083 0.540741 0.009375 0.0148148
0 0.472135 0.497222 0.0161458 0.0222222
0 0.777083 0.625926 0.009375 0.0148148
0 0.636979 0.393981 0.009375 0.0175926
0 0.528646 0.587963 0.0104167 0.0185185
