0 0.722135 0.525926 0.00677083 0.0111111
0 0.652344 0.844444 0.00572917 0.0111111
0 0.657812 0.760648 0.00625 0.0101852
0 0.664062 0.675 0.00729167 0.012963
0 0.556771 0.807407 0.00625 0.0111111
0 0.646094 0.926389 0.00572917 0.0101852
0 0.477344 0.609259 0.00677083 0.012963
0 0.566927 0.645833 0.00677083 0.0138889
0 0.615625 0.660648 0.00625 0.012037
0 0.609635 0.740741 0.00677083 0.0111111
0 0.521094 0.625463 0.00677083 0.012037
0 0.695312 0.94537 0.00625 0.0111111
0 0.5625 0.723611 0.00625 0.012037
0 0.603646 0.824074 0.00625 0.0111111
0 0.550781 0.891667 0.00677083 0.0111111
0 0.67474 0.508796 0.00677083 0.012037
0 0.705208 0.776852 0.00729167 0.0111111
0 0.57474 0.456481 0.00677083 0.012963
0 0.748177 0.882407 0.00677083 0.0111111
0 0.516667 0.706481 0.00729167 0.0111111
0 0.509115 0.7875 0.00677083 0.0101852
0 0.567969 0.547685 0.00677083 0.0138889
0 0.742969 0.965741 0.00677083 0.0111111
0 0.597656 0.908796 0.00677083 0.012037
0 0.459896 0.853704 0.00625 0.0111111
0 0.505469 0.871759 0.00677083 0.012037
0 0.699479 0.860648 0.00729167 0.012037
0 0.66875 0.593982 0.00729167 0.012037
0 0.471094 0.688889 0.0078125 0.012963
0 0.753385 0.795833 0.0078125 0.012037
0 0.467187 0.509722 0.00625 0.012037
0 0.632812 0.404167 0.00833333 0.0138889
0 0.464844 0.769444 0.00677083 0.012963
0 0.716146 0.610185 0.00729167 0.012963
0 0.759635 0.712037 0.0078125 0.012963
0 0.516146 0.52963 0.00729167 0.012963
0 0.770833 0.543056 0.00729167 0.012037
0 0.515885 0.422685 0.0078125 0.012037
0 0.679948 0.422222 0.00885417 0.012963
0 0.764844 0.628704 0.0078125 0.012963
0 0.711458 0.692593 0.00833333 0.012963
0 0.582292 0.368981 0.00833333 0.0138889
0 0.524219 0.331019 0.0078125 0.012037
0 0.776823 0.458333 0.00885417 0.0148148
0 0.464583 0.406481 0.009375 0.0148148
0 0.470573 0.3125 0.0078125 0.0138889
0 0.729688 0.440741 0.00833333 0.0166667
