0 0.645052 0.560185 0.00885417 0.0148148
0 0.644792 0.26713 0.00729167 0.0138889
0 0.542188 0.683333 0.00833333 0.0148148
0 0.599219 0.743519 0.00885417 0.012963
0 0.530729 0.390741 0.00729167 0.012963
0 0.593229 0.480556 0.00833333 0.0148148
0 0.588802 0.277315 0.0078125 0.0138889
0 0.740885 0.787037 0.0109375 0.0166667
0 0.691667 0.547222 0.00833333 0.0148148
0 0.69375 0.715741 0.009375 0.0148148
0 0.590104 0.374537 0.00833333 0.0138889
0 0.477604 0.611111 0.00729167 0.012963
0 0.645833 0.730093 0.00833333 0.0138889
0 0.736719 0.615278 0.00989583 0.0157407
0 0.528906 0.290278 0.00677083 0.012037
0 0.739323 0.7 0.00989583 0.0148148
0 0.423958 0.93287 0.00833333 0.0157407
0 0.599479 0.832407 0.00833333 0.0148148
0 0.472135 0.405093 0.00885417 0.0138889
0 0.736719 0.531944 0.00885417 0.0138889
0 0.417188 0.627315 0.00729167 0.0138889
0 0.54349 0.775926 0.00885417 0.0148148
0 0.646875 0.361574 0.00833333 0.0138889
0 0.414323 0.420833 0.00677083 0.0138889
0 0.753385 0.243981 0.00885417 0.0138889
0 0.645833 0.467593 0.009375 0.0148148
0 0.476042 0.506019 0.009375 0.0157407
0 0.696875 0.455556 0.009375 0.0148148
0 0.479167 0.711574 0.00833333 0.0138889
0 0.545313 0.872685 0.00833333 0.0157407
0 0.472135 0.305556 0.0078125 0.012963
0 0.415104 0.524537 0.00729167 0.0138889
0 0.702083 0.349537 0.009375 0.0138889
0 0.755729 0.336574 0.0104167 0.0157407
0 0.480208 0.815741 0.0104167 0.0166667
0 0.747917 0.442593 0.009375 0.0148148
0 0.421615 0.832407 0.00885417 0.0148148
0 0.414323 0.325 0.0078125 0.012963
0 0.41901 0.731481 0.00885417 0.0148148
