0 0.583333 0.914352 0.00520833 0.0101852
0 0.761979 0.569907 0.00625 0.0101852
0 0.559115 0.475 0.00572917 0.0111111
0 0.713021 0.571296 0.00625 0.0111111
0 0.492708 0.915278 0.00520833 0.0101852
0 0.480208 0.666204 0.00625 0.012037
0 0.510677 0.57037 0.00572917 0.00925926
0 0.757292 0.481481 0.00625 0.0111111
0 0.716406 0.653704 0.00677083 0.0111111
0 0.48776 0.830093 0.00572917 0.0101852
0 0.498698 0.466667 0.00572917 0.00925926
0 0.765104 0.651852 0.00729167 0.0111111
0 0.769792 0.738889 0.00729167 0.0111111
0 0.773177 0.826852 0.0078125 0.0111111
0 0.484375 0.747685 0.00729167 0.012037
0 0.460677 0.572222 0.00677083 0.0111111
0 0.65625 0.400926 0.00729167 0.012963
0 0.445052 0.472222 0.00677083 0.0111111
0 0.705469 0.398148 0.00677083 0.012963
0 0.495833 0.374074 0.00729167 0.012963
0 0.441406 0.376389 0.00677083 0.012037
0 0.753385 0.396296 0.0078125 0.012963
