0 0.414583 0.9625 0.00625 0.012037
0 0.424479 0.851389 0.00729167 0.0138889
0 0.491927 0.751389 0.00677083 0.012037
0 0.571354 0.318981 0.00729167 0.012037
0 0.498958 0.536574 0.00625 0.012037
0 0.776823 0.664815 0.00677083 0.012963
0 0.5 0.648148 0.00625 0.012963
0 0.44401 0.64537 0.00677083 0.012963
0 0.56276 0.422222 0.0078125 0.012963
0 0.792708 0.556019 0.00729167 0.012037
0 0.501302 0.416667 0.0078125 0.012963
0 0.748438 0.430556 0.009375 0.0148148
0 0.435417 0.748611 0.00625 0.012037
0 0.771615 0.765741 0.0078125 0.012963
0 0.692969 0.325 0.0078125 0.012963
0 0.753646 0.327778 0.00625 0.0111111
0 0.511198 0.314815 0.00677083 0.0111111
0 0.441406 0.532407 0.00677083 0.012963
0 0.442187 0.415278 0.00833333 0.0157407
0 0.810938 0.437037 0.0125 0.0185185
0 0.813021 0.332407 0.00729167 0.012963
0 0.451302 0.315741 0.0078125 0.012963
