0 0.50599 0.407407 0.00885417 0.012963
0 0.677083 0.55 0.00729167 0.012963
0 0.433333 0.735185 0.00729167 0.012963
0 0.628906 0.425926 0.00677083 0.012963
0 0.702344 0.981944 0.00885417 0.0157407
0 0.715625 0.768981 0.00833333 0.0138889
0 0.690625 0.43287 0.00729167 0.012037
0 0.759635 0.988889 0.00885417 0.0148148
0 0.445833 0.403241 0.00833333 0.0138889
0 0.575781 0.313889 0.0078125 0.0111111
0 0.566146 0.416667 0.00833333 0.0111111
0 0.63724 0.320833 0.00885417 0.012037
0 0.515885 0.305556 0.0078125 0.0111111
0 0.776823 0.673611 0.00677083 0.012037
0 0.735677 0.559722 0.0078125 0.0138889
0 0.721615 0.667593 0.0078125 0.012963
0 0.752604 0.4375 0.00833333 0.0138889
0 0.765625 0.878241 0.00729167 0.012037
0 0.795313 0.566667 0.00833333 0.012963
0 0.759115 0.336111 0.0078125 0.0111111
0 0.45651 0.302778 0.00885417 0.012963
0 0.81849 0.344444 0.00885417 0.012963
0 0.710156 0.871296 0.0119792 0.0185185
0 0.698177 0.327315 0.00885417 0.012037
0 0.771354 0.772685 0.00729167 0.012037
0 0.813802 0.45 0.0151042 0.0222222
