0 0.503385 0.744444 0.0078125 0.0111111
0 0.552083 0.739352 0.00729167 0.0101852
0 0.50625 0.661111 0.00729167 0.0111111
0 0.55026 0.818981 0.00885417 0.012037
0 0.453646 0.742593 0.00729167 0.0111111
0 0.500781 0.565278 0.00677083 0.0138889
0 0.452344 0.340278 0.0078125 0.0138889
0 0.604688 0.661574 0.00833333 0.012037
0 0.599219 0.822222 0.0078125 0.0111111
0 0.686979 0.906018 0.00729167 0.012037
0 0.457292 0.662963 0.00729167 0.0111111
0 0.555469 0.6625 0.00885417 0.012037
0 0.594531 0.902315 0.0078125 0.012037
0 0.448438 0.894907 0.00833333 0.0138889
0 0.502083 0.818056 0.0104167 0.0157407
0 0.640885 0.904167 0.0078125 0.012037
0 0.501823 0.457407 0.0182292 0.0240741
0 0.545052 0.899537 0.0078125 0.0138889
0 0.555469 0.574537 0.00677083 0.012037
0 0.65026 0.746759 0.0109375 0.0138889
0 0.507812 0.344907 0.00729167 0.0138889
0 0.647396 0.823611 0.00833333 0.012037
0 0.692969 0.826389 0.0078125 0.012037
0 0.696875 0.75 0.00833333 0.012963
0 0.452344 0.81713 0.00885417 0.0157407
0 0.779427 0.371759 0.0078125 0.0157407
0 0.667969 0.47963 0.0078125 0.0148148
0 0.601823 0.743981 0.0109375 0.0138889
0 0.710677 0.586111 0.00677083 0.0111111
0 0.735937 0.907407 0.00833333 0.012963
0 0.496354 0.897222 0.00833333 0.0148148
0 0.742708 0.755093 0.00729167 0.0138889
0 0.617188 0.355093 0.009375 0.0194444
0 0.608333 0.578704 0.00729167 0.0148148
0 0.69974 0.672685 0.0078125 0.0138889
0 0.739583 0.829167 0.00833333 0.0138889
0 0.56224 0.352778 0.0078125 0.0148148
0 0.660156 0.581481 0.0078125 0.012963
0 0.450781 0.564352 0.0109375 0.0194444
0 0.653125 0.667593 0.0104167 0.0148148
0 0.611979 0.471759 0.0104167 0.0157407
0 0.758073 0.597685 0.00677083 0.0157407
0 0.773698 0.48287 0.00885417 0.0194444
0 0.444792 0.450926 0.0125 0.0222222
0 0.746094 0.685185 0.00885417 0.0166667
0 0.557292 0.468056 0.0145833 0.0194444
0 0.728906 0.369907 0.00885417 0.0212963
0 0.672656 0.363426 0.0078125 0.0194444
0 0.721354 0.476852 0.0135417 0.0240741
