0 0.711719 0.5875 0.00677083 0.0101852
0 0.7625 0.767593 0.00625 0.0111111
0 0.760938 0.413426 0.00625 0.0101852
0 0.710938 0.325463 0.00625 0.0101852
0 0.43724 0.211574 0.00572917 0.0101852
0 0.764323 0.677778 0.00572917 0.0111111
0 0.760156 0.237963 0.00572917 0.00925926
0 0.764323 0.586574 0.00677083 0.012037
0 0.711458 0.768981 0.00625 0.0101852
0 0.497135 0.201852 0.00677083 0.00925926
0 0.761458 0.325 0.00625 0.0111111
0 0.433594 0.725 0.00572917 0.0111111
0 0.436198 0.828704 0.00677083 0.0111111
0 0.434635 0.412963 0.00572917 0.0111111
0 0.434375 0.618981 0.00625 0.0101852
0 0.433854 0.518056 0.00625 0.012037
0 0.436198 0.310185 0.00572917 0.0111111
