0 0.546875 0.741204 0.00833333 0.012037
0 0.498177 0.748611 0.0078125 0.012037
0 0.539844 0.820833 0.00885417 0.012037
0 0.530469 0.901852 0.00885417 0.0148148
0 0.603125 0.663426 0.0104167 0.0138889
0 0.448698 0.746759 0.00677083 0.012037
0 0.505208 0.664352 0.00833333 0.012037
0 0.553906 0.664352 0.00885417 0.012037
0 0.504167 0.56713 0.00729167 0.012037
0 0.625781 0.903704 0.0078125 0.012963
0 0.672135 0.905093 0.0078125 0.012037
0 0.468229 0.34537 0.00729167 0.012963
0 0.588281 0.822685 0.00885417 0.012037
0 0.620573 0.470833 0.00989583 0.0138889
0 0.558854 0.575926 0.00625 0.0111111
0 0.689323 0.747685 0.0078125 0.012037
0 0.68125 0.825463 0.00833333 0.012037
0 0.677083 0.481019 0.00833333 0.0157407
0 0.455208 0.666667 0.00729167 0.012963
0 0.433854 0.9 0.00833333 0.012963
0 0.579687 0.902778 0.00833333 0.012963
0 0.492708 0.822222 0.0104167 0.0166667
0 0.595833 0.744444 0.0104167 0.012963
0 0.523438 0.348611 0.00729167 0.0138889
0 0.565625 0.468981 0.0145833 0.0194444
0 0.51224 0.460185 0.0182292 0.0240741
0 0.719271 0.903704 0.00833333 0.012963
0 0.441667 0.821296 0.00833333 0.0148148
0 0.635938 0.822685 0.009375 0.012037
0 0.577865 0.356481 0.00885417 0.0166667
0 0.71224 0.584259 0.00677083 0.012963
0 0.696875 0.670833 0.00833333 0.0138889
0 0.661979 0.580093 0.00833333 0.0138889
0 0.65 0.66713 0.0104167 0.0138889
0 0.632812 0.355093 0.009375 0.0194444
0 0.482552 0.899537 0.00885417 0.0157407
0 0.611198 0.579167 0.0078125 0.0138889
0 0.734896 0.753241 0.00833333 0.0138889
0 0.726562 0.827778 0.00833333 0.0148148
0 0.642969 0.744444 0.0109375 0.0148148
0 0.78151 0.472222 0.00885417 0.0203704
0 0.758594 0.593982 0.00677083 0.0157407
0 0.790625 0.368056 0.00833333 0.0175926
0 0.740885 0.681481 0.00885417 0.0166667
0 0.730469 0.473148 0.0130208 0.0240741
0 0.455208 0.568056 0.0104167 0.0194444
0 0.740625 0.364352 0.009375 0.0194444
0 0.45599 0.454167 0.0119792 0.0231481
0 0.686458 0.360648 0.00833333 0.0175926
