0 0.65625 0.921759 0.00625 0.0101852
0 0.665365 0.669444 0.00677083 0.0111111
0 0.622135 0.490278 0.0078125 0.012037
0 0.670573 0.499074 0.00677083 0.0111111
0 0.66849 0.586111 0.00677083 0.0111111
0 0.574479 0.375463 0.00729167 0.012037
0 0.563542 0.818981 0.00625 0.012037
0 0.477604 0.637963 0.00625 0.0111111
0 0.609635 0.914815 0.00572917 0.0111111
0 0.560938 0.903704 0.00625 0.0111111
0 0.516146 0.809722 0.00625 0.0101852
0 0.704687 0.934259 0.00625 0.0111111
0 0.469792 0.884259 0.00625 0.0111111
0 0.570573 0.463889 0.00677083 0.0111111
0 0.753385 0.943981 0.00677083 0.012037
0 0.565885 0.556019 0.00677083 0.012037
0 0.673437 0.412963 0.00729167 0.0111111
0 0.472135 0.799074 0.00677083 0.0111111
0 0.474219 0.718056 0.00677083 0.012037
0 0.522917 0.643056 0.00625 0.012037
0 0.521094 0.725926 0.00677083 0.0111111
0 0.514844 0.894444 0.00677083 0.012963
0 0.719531 0.506944 0.00677083 0.012037
0 0.566927 0.734722 0.00677083 0.012037
0 0.515104 0.548611 0.00729167 0.012037
0 0.511198 0.441204 0.00677083 0.012037
0 0.56901 0.652315 0.0078125 0.0138889
0 0.465365 0.539352 0.00677083 0.012037
0 0.75651 0.860185 0.00677083 0.0111111
0 0.708073 0.847685 0.00677083 0.012037
0 0.722917 0.420833 0.00729167 0.012037
0 0.715104 0.593982 0.00729167 0.012037
0 0.457812 0.435648 0.00833333 0.012037
0 0.764844 0.60463 0.00572917 0.0111111
0 0.714323 0.677315 0.0078125 0.012037
0 0.768229 0.516667 0.00729167 0.0111111
0 0.515104 0.349537 0.00833333 0.012037
0 0.759115 0.773148 0.00677083 0.0111111
0 0.76224 0.6875 0.0078125 0.012037
0 0.710417 0.7625 0.00729167 0.012037
0 0.460677 0.339815 0.0078125 0.012963
0 0.772135 0.42963 0.00885417 0.012963
