0 0.788542 0.351389 0.00625 0.0101852
0 0.658333 0.55 0.00625 0.0111111
0 0.65026 0.378241 0.00677083 0.0101852
0 0.69349 0.277315 0.0078125 0.012037
0 0.702604 0.542593 0.00625 0.0111111
0 0.784635 0.262963 0.00677083 0.0111111
0 0.746094 0.536111 0.00677083 0.0111111
0 0.709896 0.723611 0.00833333 0.0138889
0 0.793229 0.439352 0.00729167 0.012037
0 0.796094 0.525 0.00677083 0.0111111
0 0.752344 0.622685 0.00677083 0.0101852
0 0.805208 0.8 0.009375 0.0148148
0 0.754427 0.716204 0.0078125 0.012037
0 0.47526 0.484722 0.00885417 0.012037
0 0.6125 0.655093 0.00833333 0.0138889
0 0.673437 0.817593 0.009375 0.0148148
0 0.597656 0.464815 0.0078125 0.0111111
0 0.655208 0.285648 0.00729167 0.012037
0 0.603646 0.5625 0.00833333 0.012037
0 0.706771 0.633796 0.00729167 0.012037
0 0.757812 0.80463 0.00833333 0.0148148
0 0.472917 0.383796 0.009375 0.012037
0 0.483333 0.786111 0.00729167 0.0111111
0 0.597917 0.365278 0.00833333 0.0157407
0 0.715104 0.815741 0.009375 0.0166667
0 0.6625 0.641204 0.00625 0.0138889
0 0.604167 0.273611 0.00729167 0.0138889
0 0.540365 0.368519 0.00885417 0.012963
0 0.798698 0.616204 0.00885417 0.012037
0 0.541927 0.268519 0.0078125 0.012963
0 0.552865 0.67037 0.0109375 0.0148148
0 0.480208 0.68287 0.00833333 0.012037
0 0.558333 0.772222 0.00729167 0.0111111
0 0.542188 0.469444 0.009375 0.012963
0 0.632031 0.840278 0.0078125 0.0138889
0 0.615885 0.752315 0.00989583 0.0157407
0 0.666927 0.72963 0.0109375 0.0185185
0 0.804427 0.710648 0.0109375 0.0138889
0 0.475 0.587963 0.0104167 0.012963
0 0.470313 0.285648 0.00833333 0.0138889
0 0.546354 0.573611 0.009375 0.0157407
0 0.488281 0.886574 0.0119792 0.0157407
0 0.564323 0.870833 0.0130208 0.0157407
