0 0.229402 0.298301 0.007755 0.013001
0 0.238874 0.405272 0.006873 0.014569
0 0.261462 0.522865 0.009066 0.015330
0 0.284498 0.636763 0.009721 0.016495
0 0.293688 0.746360 0.007207 0.012811
0 0.303099 0.855376 0.008852 0.013381
0 0.314249 0.969857 0.009613 0.015520
0 0.291141 0.272328 0.008197 0.012217
0 0.302966 0.380000 0.010496 0.013952
0 0.321923 0.503405 0.008076 0.015924
0 0.343809 0.617195 0.007100 0.011836
0 0.355093 0.722526 0.006552 0.011646
0 0.363621 0.833871 0.004694 0.009126
0 0.375265 0.947674 0.007755 0.013001
0 0.355059 0.250656 0.007541 0.011052
0 0.366167 0.359588 0.008197 0.012217
0 0.384023 0.485904 0.008839 0.018063
0 0.403830 0.598898 0.008304 0.013191
0 0.413803 0.702661 0.007969 0.014950
0 0.423989 0.808372 0.009399 0.013571
0 0.437258 0.929199 0.008304 0.013191
0 0.420728 0.229389 0.007100 0.011836
0 0.433208 0.337844 0.007421 0.014759
0 0.446851 0.462081 0.007100 0.011836
0 0.461029 0.570455 0.009506 0.014546
0 0.475200 0.681358 0.008424 0.009483
0 0.485380 0.789601 0.006766 0.013595
0 0.499866 0.905959 0.005242 0.009317
0 0.485368 0.203925 0.008745 0.012407
0 0.498557 0.313652 0.006552 0.011646
0 0.508523 0.440683 0.007648 0.012026
0 0.521103 0.552644 0.004693 0.009126
0 0.533636 0.661588 0.005789 0.009507
0 0.548309 0.769284 0.005896 0.010481
0 0.559672 0.885714 0.004038 0.007962
0 0.549446 0.183715 0.007100 0.011836
0 0.563035 0.286729 0.009614 0.015520
0 0.570516 0.422208 0.008839 0.018063
0 0.578824 0.534134 0.005229 0.013999
0 0.594540 0.640962 0.008732 0.017089
0 0.608336 0.748456 0.012997 0.022318
0 0.622113 0.863543 0.007862 0.013975
0 0.612108 0.160962 0.010055 0.014736
0 0.630062 0.270047 0.015845 0.024244
0 0.633016 0.397993 0.005563 0.012240
0 0.637374 0.512808 0.008304 0.013191
0 0.651010 0.618840 0.008959 0.014356
0 0.668864 0.724420 0.007755 0.013001
0 0.685155 0.841669 0.006980 0.015544
