0 0.643229 0.560185 0.00729167 0.012963
0 0.645052 0.64537 0.00677083 0.012963
0 0.691406 0.63287 0.0078125 0.0138889
0 0.69349 0.256944 0.0078125 0.0138889
0 0.736458 0.62037 0.009375 0.0148148
0 0.589844 0.478241 0.00677083 0.012037
0 0.740365 0.704167 0.00885417 0.0138889
0 0.642969 0.467593 0.0078125 0.012963
0 0.651042 0.814815 0.00729167 0.012963
0 0.427083 0.921759 0.00833333 0.0138889
0 0.642969 0.361111 0.0078125 0.012963
0 0.600781 0.740278 0.0078125 0.0138889
0 0.545052 0.77037 0.00677083 0.012963
0 0.695052 0.717593 0.00885417 0.0148148
0 0.525781 0.383796 0.00677083 0.012037
0 0.583073 0.273148 0.00885417 0.012963
0 0.585938 0.371759 0.00729167 0.012037
0 0.476823 0.602778 0.00677083 0.012963
0 0.689844 0.548611 0.0078125 0.0138889
0 0.522396 0.283796 0.00729167 0.012037
0 0.466927 0.295833 0.0078125 0.012037
0 0.601823 0.829167 0.0078125 0.012037
0 0.46849 0.39537 0.0078125 0.012963
0 0.647917 0.72963 0.00833333 0.0148148
0 0.694792 0.457407 0.009375 0.0148148
0 0.744792 0.447222 0.009375 0.012963
0 0.548698 0.86713 0.00989583 0.0157407
0 0.472656 0.497685 0.00989583 0.0138889
0 0.479688 0.702778 0.00833333 0.012963
0 0.734896 0.5375 0.00833333 0.0138889
0 0.413021 0.5125 0.00729167 0.0138889
0 0.416146 0.614815 0.00729167 0.012963
0 0.410417 0.408796 0.00729167 0.012037
0 0.424219 0.819444 0.0078125 0.0148148
0 0.747135 0.249074 0.00885417 0.012963
0 0.408854 0.312963 0.00833333 0.012963
0 0.697656 0.351389 0.00989583 0.0138889
0 0.750781 0.340741 0.0109375 0.0148148
0 0.482552 0.806944 0.0109375 0.0157407
0 0.419792 0.718982 0.00729167 0.0138889
