0 0.43151 0.185185 0.00677083 0.0111111
0 0.559115 0.790278 0.00572917 0.0101852
0 0.711458 0.600463 0.00625 0.0101852
0 0.705208 0.337037 0.00625 0.0111111
0 0.490104 0.184722 0.00625 0.0101852
0 0.765104 0.785648 0.00625 0.0101852
0 0.713542 0.77963 0.00520833 0.0111111
0 0.441667 0.806481 0.00729167 0.0111111
0 0.658594 0.419907 0.00885417 0.0138889
0 0.759115 0.518056 0.00572917 0.0101852
0 0.708854 0.5125 0.00520833 0.0101852
0 0.708854 0.423611 0.00729167 0.012037
0 0.76224 0.603704 0.00677083 0.0111111
0 0.43151 0.388889 0.00572917 0.0111111
0 0.434635 0.59537 0.00572917 0.0111111
0 0.435677 0.701389 0.00572917 0.0101852
0 0.432552 0.495833 0.00572917 0.012037
0 0.43125 0.287037 0.00520833 0.0111111
0 0.703646 0.25 0.00729167 0.0111111
0 0.757552 0.428704 0.00677083 0.0111111
0 0.754167 0.253241 0.00625 0.0101852
0 0.75651 0.341204 0.00677083 0.0101852
