0 0.46901 0.258796 0.00885417 0.0194444
0 0.370573 0.554167 0.0109375 0.0157407
0 0.608073 0.527315 0.00677083 0.0101852
0 0.41849 0.622685 0.0078125 0.012037
0 0.563542 0.616204 0.00729167 0.012037
0 0.657031 0.353704 0.00572917 0.0111111
0 0.608333 0.443981 0.00625 0.0101852
0 0.465885 0.547685 0.00677083 0.012037
0 0.515885 0.70463 0.00677083 0.012963
0 0.417188 0.546759 0.00833333 0.0138889
0 0.411198 0.248611 0.00989583 0.0175926
0 0.607552 0.615741 0.0078125 0.0111111
0 0.417708 0.704167 0.00729167 0.012037
0 0.466667 0.626389 0.00729167 0.012037
0 0.608073 0.354167 0.00677083 0.012037
0 0.563281 0.531944 0.0078125 0.012037
0 0.657292 0.527315 0.00729167 0.012037
0 0.56276 0.45 0.00677083 0.0111111
0 0.370833 0.630556 0.00833333 0.0148148
0 0.467187 0.709259 0.00729167 0.012963
0 0.515365 0.365278 0.00677083 0.012037
0 0.655469 0.443519 0.00677083 0.0111111
0 0.371615 0.70463 0.0078125 0.012963
0 0.563281 0.361574 0.00677083 0.012037
0 0.460417 0.451852 0.00729167 0.012963
0 0.609896 0.702315 0.00729167 0.012037
0 0.564062 0.7 0.00833333 0.0148148
0 0.514583 0.451852 0.00833333 0.012963
0 0.516146 0.537037 0.00833333 0.012963
0 0.513542 0.622222 0.00729167 0.012963
0 0.65625 0.78287 0.00833333 0.012037
0 0.466927 0.789815 0.00677083 0.012963
0 0.563281 0.786111 0.00677083 0.012963
0 0.655469 0.270833 0.00677083 0.0138889
0 0.516406 0.785648 0.00677083 0.0138889
0 0.370313 0.777778 0.00833333 0.012963
0 0.657292 0.709722 0.00729167 0.012037
0 0.610677 0.786111 0.0078125 0.012963
0 0.417708 0.785185 0.00833333 0.012963
0 0.608594 0.26713 0.00677083 0.0138889
0 0.658073 0.618056 0.0109375 0.0138889
0 0.56224 0.266667 0.0078125 0.0148148
0 0.517708 0.274537 0.00833333 0.0175926
