0 0.317406 0.210648 0.008105 0.014408
0 0.385296 0.175586 0.006349 0.011986
0 0.449103 0.164967 0.006349 0.011985
0 0.500029 0.164305 0.006857 0.012191
0 0.539802 0.145366 0.008105 0.014408
0 0.578560 0.126838 0.004364 0.007758
0 0.626725 0.108777 0.006234 0.011083
0 0.330984 0.306287 0.010759 0.016338
0 0.394626 0.277692 0.008497 0.013711
0 0.450859 0.255892 0.009235 0.015721
0 0.505202 0.254798 0.006742 0.011288
0 0.547030 0.233128 0.005219 0.010672
0 0.591097 0.214351 0.004988 0.008866
0 0.638916 0.193582 0.005610 0.009974
0 0.342842 0.403098 0.007250 0.011494
0 0.407580 0.372634 0.007873 0.012602
0 0.463710 0.354200 0.007250 0.011494
0 0.515546 0.335603 0.006395 0.008579
0 0.559809 0.316271 0.007804 0.008294
0 0.604188 0.297842 0.006626 0.010385
0 0.654189 0.279514 0.009120 0.014819
0 0.352288 0.506105 0.008613 0.014613
0 0.422671 0.473833 0.010367 0.017035
0 0.477542 0.449736 0.010875 0.017241
0 0.529665 0.422951 0.006349 0.011985
0 0.573028 0.404934 0.005726 0.010877
0 0.616022 0.386116 0.005610 0.009974
0 0.664509 0.362228 0.006234 0.011083
0 0.367296 0.598318 0.008728 0.015516
0 0.439041 0.568343 0.011820 0.013342
0 0.497594 0.537533 0.009120 0.014819
0 0.544464 0.511449 0.005957 0.012683
0 0.587285 0.491277 0.006973 0.013094
0 0.631029 0.467882 0.006234 0.011083
0 0.676827 0.452203 0.007758 0.011699
0 0.383011 0.700214 0.006234 0.011083
0 0.454408 0.667531 0.005726 0.010877
0 0.509786 0.632783 0.010251 0.016133
0 0.557474 0.596398 0.011730 0.020155
0 0.600192 0.579591 0.009351 0.016624
0 0.641801 0.560384 0.008266 0.011905
0 0.692252 0.541398 0.010644 0.015435
0 0.397858 0.795339 0.012122 0.019458
0 0.470584 0.762594 0.013022 0.018966
0 0.534396 0.714463 0.008613 0.014613
0 0.572436 0.681981 0.009628 0.015024
0 0.613641 0.670059 0.009859 0.016830
0 0.654730 0.646790 0.005841 0.011780
0 0.702111 0.630944 0.008728 0.015516
