0 0.70625 0.554167 0.00625 0.0101852
0 0.663281 0.465278 0.00677083 0.0101852
0 0.66224 0.556481 0.00572917 0.0111111
0 0.807813 0.285648 0.00625 0.0101852
0 0.804427 0.374074 0.00572917 0.0111111
0 0.657552 0.826852 0.00885417 0.0148148
0 0.75 0.551389 0.00625 0.0101852
0 0.483854 0.464815 0.009375 0.012963
0 0.678125 0.291667 0.00625 0.0111111
0 0.801042 0.548611 0.00729167 0.0101852
0 0.667188 0.382407 0.00729167 0.0111111
0 0.742708 0.822685 0.00729167 0.0138889
0 0.746094 0.734722 0.0078125 0.0101852
0 0.804427 0.463889 0.00885417 0.012963
0 0.705208 0.644444 0.00729167 0.0111111
0 0.490104 0.363426 0.0104167 0.0138889
0 0.626823 0.273148 0.00885417 0.012963
0 0.750521 0.639815 0.00729167 0.0111111
0 0.615885 0.360185 0.00885417 0.012963
0 0.701563 0.736111 0.009375 0.0148148
0 0.473437 0.768056 0.00833333 0.012037
0 0.55651 0.362037 0.00885417 0.012963
0 0.494271 0.2625 0.00833333 0.0138889
0 0.660937 0.646296 0.00625 0.012963
0 0.554167 0.458333 0.00833333 0.012963
0 0.565365 0.256944 0.0078125 0.0138889
0 0.608854 0.5625 0.00833333 0.012037
0 0.7 0.828241 0.009375 0.0157407
0 0.476042 0.665278 0.00833333 0.0138889
0 0.609896 0.654167 0.00833333 0.0138889
0 0.791146 0.825463 0.00833333 0.0138889
0 0.609896 0.4625 0.00833333 0.0138889
0 0.797656 0.640741 0.00885417 0.0111111
0 0.616146 0.841204 0.00729167 0.0138889
0 0.658854 0.735648 0.009375 0.0157407
0 0.547135 0.764352 0.0078125 0.012037
0 0.54974 0.660648 0.0109375 0.0138889
0 0.479427 0.566204 0.00989583 0.0138889
0 0.607031 0.751852 0.00885417 0.0148148
0 0.796094 0.736574 0.00989583 0.0138889
0 0.551823 0.563889 0.00989583 0.0148148
0 0.471354 0.867593 0.0114583 0.0148148
0 0.546875 0.862963 0.0125 0.0166667
