0 0.37526 0.702778 0.00677083 0.00925926
0 0.434375 0.386574 0.00625 0.0101852
0 0.36901 0.185648 0.00572917 0.0101852
0 0.490365 0.211574 0.00572917 0.0101852
0 0.59349 0.562037 0.00677083 0.0111111
0 0.640365 0.386111 0.00572917 0.0111111
0 0.371875 0.0810185 0.00625 0.0101852
0 0.586719 0.207407 0.00572917 0.0111111
0 0.64349 0.469907 0.0078125 0.012037
0 0.634635 0.118981 0.00677083 0.0101852
0 0.589844 0.384722 0.00572917 0.0101852
0 0.539844 0.295833 0.00677083 0.012037
0 0.589323 0.293981 0.00677083 0.012037
0 0.644531 0.560185 0.00677083 0.0111111
0 0.3125 0.189815 0.00625 0.0111111
0 0.311458 0.0884259 0.00625 0.0101852
0 0.59401 0.651389 0.00572917 0.012037
0 0.374219 0.600926 0.00572917 0.0111111
0 0.438281 0.680556 0.00677083 0.0111111
0 0.31276 0.291204 0.00677083 0.0101852
0 0.645052 0.650463 0.00677083 0.012037
0 0.635938 0.208796 0.00625 0.0101852
0 0.638802 0.295833 0.00677083 0.012037
0 0.435937 0.484722 0.00729167 0.0101852
0 0.314583 0.496296 0.00625 0.0111111
0 0.319271 0.706019 0.00833333 0.0101852
0 0.316146 0.601852 0.00625 0.0111111
0 0.43724 0.583333 0.00677083 0.0111111
0 0.31276 0.395833 0.00677083 0.012037
