0 0.358594 0.546759 0.00677083 0.0101852
0 0.422396 0.44537 0.00625 0.0111111
0 0.359635 0.446759 0.00677083 0.0101852
0 0.296615 0.75 0.0078125 0.0111111
0 0.573438 0.451389 0.00625 0.0101852
0 0.58099 0.359722 0.00677083 0.0101852
0 0.588021 0.254167 0.00729167 0.0101852
0 0.476302 0.619444 0.00677083 0.0111111
0 0.41875 0.240278 0.00729167 0.0101852
0 0.476042 0.352778 0.00729167 0.0111111
0 0.419271 0.140741 0.00729167 0.0111111
0 0.360417 0.340278 0.00729167 0.0101852
0 0.522917 0.705093 0.00729167 0.0101852
0 0.589323 0.158796 0.0078125 0.0101852
0 0.617708 0.535185 0.00729167 0.0111111
0 0.359375 0.2375 0.00729167 0.0101852
0 0.420312 0.730556 0.00729167 0.0111111
0 0.641927 0.166204 0.0078125 0.0101852
0 0.35651 0.652315 0.00885417 0.0101852
0 0.303646 0.139815 0.00729167 0.0111111
0 0.360938 0.1375 0.00625 0.0101852
0 0.569792 0.703241 0.00729167 0.012037
0 0.534635 0.249537 0.00677083 0.0101852
0 0.617708 0.618519 0.00833333 0.0111111
0 0.475521 0.708333 0.00729167 0.0111111
0 0.298438 0.548148 0.00625 0.0111111
0 0.299479 0.443519 0.00625 0.0111111
0 0.534375 0.152315 0.00729167 0.0101852
0 0.477344 0.446296 0.0078125 0.0148148
0 0.642708 0.259259 0.00833333 0.0111111
0 0.619792 0.453241 0.00729167 0.012037
0 0.301823 0.234259 0.0078125 0.0111111
0 0.30026 0.339815 0.0078125 0.012963
0 0.615885 0.70787 0.00885417 0.012037
0 0.63151 0.3625 0.0078125 0.012037
0 0.476823 0.243981 0.0078125 0.012037
0 0.3 0.650463 0.00833333 0.012037
0 0.478646 0.14537 0.00833333 0.0111111
