0 0.661979 0.755093 0.00520833 0.0101852
0 0.60625 0.754167 0.00729167 0.0101852
0 0.534635 0.970833 0.00677083 0.012037
0 0.652865 0.966667 0.00677083 0.0111111
0 0.666667 0.654167 0.00625 0.0101852
0 0.594792 0.97037 0.00729167 0.0111111
0 0.484635 0.8625 0.00677083 0.012037
0 0.6 0.85787 0.00729167 0.012037
0 0.476562 0.972685 0.00729167 0.012037
0 0.657292 0.858796 0.00625 0.012037
0 0.674219 0.544907 0.00677083 0.012037
0 0.611458 0.650463 0.00729167 0.012037
0 0.616927 0.546759 0.00677083 0.012037
0 0.555469 0.657407 0.00677083 0.012963
0 0.558333 0.547685 0.00729167 0.012037
0 0.567448 0.324074 0.0078125 0.0111111
0 0.49375 0.760185 0.00625 0.0111111
0 0.498698 0.545833 0.00677083 0.012037
0 0.541667 0.858333 0.00833333 0.012963
0 0.711719 0.965741 0.0078125 0.012963
0 0.689844 0.321296 0.0078125 0.0111111
0 0.500521 0.658333 0.00625 0.0111111
0 0.628646 0.323148 0.00833333 0.0111111
0 0.777865 0.651852 0.00677083 0.0111111
0 0.751562 0.319907 0.00833333 0.012037
0 0.685938 0.425463 0.00729167 0.012037
0 0.425781 0.863889 0.00677083 0.012963
0 0.508073 0.325 0.0078125 0.0111111
0 0.722396 0.653241 0.00625 0.012037
0 0.733594 0.546296 0.00677083 0.012963
0 0.548958 0.756481 0.00625 0.012963
0 0.417708 0.974537 0.00833333 0.012037
0 0.623698 0.427315 0.00677083 0.012037
0 0.793229 0.542593 0.00729167 0.0111111
0 0.561198 0.428241 0.0078125 0.012037
0 0.770052 0.966667 0.00885417 0.012963
0 0.747396 0.421759 0.00833333 0.0138889
0 0.440104 0.547222 0.00729167 0.012963
0 0.772135 0.854167 0.0078125 0.012037
0 0.442969 0.659259 0.00677083 0.012963
0 0.500521 0.427778 0.00833333 0.012963
0 0.71901 0.753704 0.0078125 0.012963
0 0.447656 0.330556 0.0078125 0.0111111
0 0.439844 0.431944 0.0078125 0.0138889
0 0.434635 0.762037 0.00677083 0.012963
0 0.810938 0.319907 0.00833333 0.012037
0 0.773698 0.750926 0.00885417 0.012963
0 0.715625 0.856481 0.0104167 0.0166667
0 0.809896 0.424074 0.0125 0.0203704
