0 0.558594 0.445833 0.00677083 0.0101852
0 0.520833 0.645833 0.00833333 0.0138889
0 0.467448 0.745833 0.0140625 0.0175926
0 0.528646 0.735185 0.009375 0.0148148
0 0.616146 0.44537 0.00729167 0.012963
0 0.460417 0.646296 0.00833333 0.012963
0 0.500521 0.443981 0.0104167 0.0157407
0 0.684635 0.728241 0.00677083 0.012037
0 0.477344 0.937037 0.00989583 0.012963
0 0.576302 0.562963 0.00677083 0.012963
0 0.772656 0.469444 0.00885417 0.0166667
0 0.590625 0.654167 0.00729167 0.012037
0 0.538021 0.840741 0.0114583 0.0166667
0 0.723698 0.576389 0.00677083 0.012037
0 0.777865 0.796296 0.0078125 0.012963
0 0.695052 0.881481 0.00677083 0.0148148
0 0.726823 0.728704 0.00885417 0.0148148
0 0.624219 0.571296 0.00677083 0.012963
0 0.49375 0.337037 0.00729167 0.012963
0 0.673437 0.567593 0.00729167 0.0148148
0 0.451823 0.549074 0.0078125 0.012963
0 0.778125 0.583333 0.00833333 0.0148148
0 0.471094 0.844907 0.0119792 0.0138889
0 0.432813 0.344444 0.00729167 0.012963
0 0.602604 0.739352 0.009375 0.0138889
0 0.716927 0.341667 0.00989583 0.0203704
0 0.783073 0.868056 0.00989583 0.0157407
0 0.545573 0.937037 0.0109375 0.0166667
0 0.721615 0.652778 0.00885417 0.012963
0 0.690104 0.80463 0.00729167 0.0148148
0 0.638542 0.6625 0.0125 0.0194444
0 0.6 0.824537 0.00833333 0.0138889
0 0.5125 0.543056 0.0104167 0.0194444
0 0.733073 0.798611 0.00885417 0.0175926
0 0.552344 0.337037 0.0078125 0.0166667
0 0.71901 0.449537 0.0078125 0.0157407
0 0.759115 0.335185 0.0078125 0.0166667
0 0.66875 0.453704 0.00833333 0.0185185
0 0.608594 0.334722 0.0078125 0.0157407
0 0.648698 0.804167 0.00885417 0.0175926
0 0.440104 0.445833 0.0104167 0.0194444
0 0.653125 0.893981 0.009375 0.0212963
0 0.676823 0.649537 0.00989583 0.0194444
0 0.738802 0.868981 0.0109375 0.0212963
0 0.661198 0.333796 0.0109375 0.0194444
0 0.60599 0.910648 0.0078125 0.0194444
0 0.77474 0.727315 0.0151042 0.0212963
