0 0.452865 0.940278 0.00677083 0.012037
0 0.694531 0.627315 0.00677083 0.012037
0 0.639583 0.560185 0.00625 0.0111111
0 0.578385 0.483333 0.00572917 0.0111111
0 0.610937 0.743519 0.00625 0.0111111
0 0.464323 0.515278 0.00677083 0.012037
0 0.658073 0.728704 0.00677083 0.0111111
0 0.476562 0.619444 0.00625 0.0111111
0 0.713802 0.793981 0.00677083 0.012037
0 0.450521 0.414815 0.00625 0.0111111
0 0.559115 0.780556 0.00677083 0.0111111
0 0.63099 0.468056 0.00677083 0.012037
0 0.439323 0.316667 0.00677083 0.0111111
0 0.738542 0.610185 0.00729167 0.012963
0 0.705469 0.711574 0.0078125 0.012037
0 0.66901 0.813889 0.00677083 0.012963
0 0.685677 0.544907 0.00677083 0.012037
0 0.565885 0.377778 0.00677083 0.0111111
0 0.495313 0.297222 0.00729167 0.0111111
0 0.507552 0.39537 0.00677083 0.0111111
0 0.664583 0.252315 0.00833333 0.012037
0 0.416927 0.639815 0.00572917 0.0111111
0 0.4875 0.718982 0.00729167 0.012037
0 0.750521 0.693981 0.00833333 0.012037
0 0.682031 0.452315 0.0078125 0.012037
0 0.382552 0.339815 0.00677083 0.0111111
0 0.571354 0.875926 0.00729167 0.012963
0 0.392708 0.434259 0.00625 0.0111111
0 0.621875 0.361574 0.00729167 0.012037
0 0.403906 0.537963 0.00677083 0.0111111
0 0.620833 0.83287 0.00729167 0.0138889
0 0.677344 0.346296 0.00885417 0.012963
0 0.50026 0.823148 0.00989583 0.012963
0 0.428646 0.743056 0.00729167 0.012037
0 0.610417 0.26713 0.00729167 0.012037
0 0.441406 0.841667 0.00677083 0.012963
0 0.760417 0.779167 0.0104167 0.0157407
0 0.717448 0.238426 0.00885417 0.0138889
0 0.553646 0.281481 0.009375 0.0148148
0 0.730208 0.527315 0.00833333 0.0138889
0 0.73151 0.435648 0.00885417 0.0138889
0 0.729427 0.330556 0.00989583 0.0148148
