0 0.378906 0.738889 0.00677083 0.0111111
0 0.553125 0.85 0.00625 0.0111111
0 0.435677 0.737037 0.0078125 0.0111111
0 0.495052 0.633796 0.0078125 0.012037
0 0.377865 0.849537 0.00677083 0.0101852
0 0.496615 0.850926 0.0078125 0.0111111
0 0.551302 0.636111 0.00677083 0.0111111
0 0.496094 0.738426 0.00677083 0.012037
0 0.433594 0.425926 0.00677083 0.0111111
0 0.373698 0.423148 0.00677083 0.0111111
0 0.553125 0.739815 0.00625 0.0111111
0 0.553125 0.203704 0.00729167 0.0111111
0 0.4375 0.534722 0.00729167 0.012037
0 0.382031 0.6375 0.00677083 0.012037
0 0.369531 0.203704 0.0078125 0.0111111
0 0.492448 0.426852 0.00677083 0.012963
0 0.613542 0.203241 0.00833333 0.0101852
0 0.436458 0.850463 0.00833333 0.012037
0 0.429167 0.204167 0.00833333 0.0101852
0 0.54974 0.534259 0.00677083 0.012963
0 0.551302 0.426852 0.0078125 0.012963
0 0.427865 0.306481 0.0078125 0.0111111
0 0.493229 0.531482 0.00729167 0.012963
0 0.323177 0.637037 0.00677083 0.0111111
0 0.438021 0.634722 0.00729167 0.012037
0 0.367969 0.305093 0.00885417 0.012037
0 0.382292 0.534722 0.00729167 0.012037
0 0.491667 0.20463 0.00833333 0.0111111
0 0.315104 0.423148 0.00729167 0.012963
0 0.609896 0.427778 0.00729167 0.012963
0 0.554427 0.307407 0.0078125 0.012963
0 0.492448 0.307407 0.0078125 0.012963
0 0.616406 0.30463 0.00989583 0.012963
0 0.669792 0.426852 0.00729167 0.0111111
0 0.61276 0.848611 0.0078125 0.0138889
0 0.66901 0.738889 0.0078125 0.012963
0 0.609115 0.636111 0.0078125 0.012963
0 0.605208 0.535648 0.00729167 0.0138889
0 0.325521 0.536574 0.00729167 0.0138889
0 0.673437 0.203241 0.00833333 0.012037
0 0.664323 0.633796 0.00885417 0.0138889
0 0.320052 0.85 0.00885417 0.012963
0 0.307292 0.307407 0.00833333 0.0148148
0 0.308854 0.207407 0.00833333 0.0111111
0 0.321615 0.740278 0.00989583 0.0138889
0 0.661979 0.535185 0.00833333 0.012963
0 0.671615 0.848611 0.00885417 0.0138889
0 0.611719 0.737963 0.0109375 0.0185185
0 0.678646 0.308796 0.0145833 0.0194444
