0 0.486198 0.35787 0.0078125 0.0138889
0 0.563021 0.747685 0.00729167 0.0101852
0 0.608594 0.664352 0.00885417 0.012037
0 0.515104 0.756481 0.00833333 0.0111111
0 0.429688 0.358796 0.00729167 0.0138889
0 0.511198 0.671759 0.0078125 0.012037
0 0.663802 0.900463 0.0078125 0.012037
0 0.496615 0.577778 0.0078125 0.012963
0 0.461719 0.680556 0.0078125 0.012963
0 0.552604 0.581944 0.00729167 0.012037
0 0.489062 0.468981 0.0177083 0.0231481
0 0.710417 0.898611 0.00833333 0.012037
0 0.464844 0.758796 0.00885417 0.0138889
0 0.519792 0.830556 0.0114583 0.0166667
0 0.566667 0.826852 0.0104167 0.012963
0 0.559896 0.668519 0.009375 0.012963
0 0.61276 0.746759 0.0109375 0.0138889
0 0.541927 0.359722 0.0078125 0.0157407
0 0.657292 0.576389 0.00729167 0.0138889
0 0.470313 0.911574 0.00833333 0.0138889
0 0.617188 0.905093 0.00833333 0.012037
0 0.597656 0.356019 0.00989583 0.0194444
0 0.600521 0.474074 0.0104167 0.0166667
0 0.519531 0.908333 0.0078125 0.0148148
0 0.709115 0.818056 0.0078125 0.012037
0 0.616406 0.824537 0.00989583 0.012037
0 0.703385 0.665278 0.0078125 0.012037
0 0.567187 0.906944 0.00833333 0.0138889
0 0.658594 0.477778 0.0078125 0.0148148
0 0.70651 0.741204 0.0078125 0.012037
0 0.708073 0.575926 0.00677083 0.012963
0 0.758073 0.356481 0.0078125 0.0166667
0 0.663021 0.820833 0.00833333 0.012037
0 0.707292 0.356481 0.00833333 0.0185185
0 0.467969 0.834259 0.00885417 0.0148148
0 0.758854 0.894444 0.00833333 0.012963
0 0.750781 0.671759 0.00885417 0.0157407
0 0.75599 0.581481 0.0078125 0.0166667
0 0.545313 0.473148 0.0145833 0.0203704
0 0.605208 0.581019 0.00833333 0.0157407
0 0.753125 0.741667 0.00833333 0.0148148
0 0.755729 0.816667 0.009375 0.0148148
0 0.660677 0.742593 0.0109375 0.0148148
0 0.657292 0.664815 0.0104167 0.0148148
0 0.446615 0.581481 0.00989583 0.0185185
0 0.764583 0.465741 0.009375 0.0185185
0 0.432813 0.469444 0.0114583 0.0203704
0 0.653125 0.359722 0.00833333 0.0194444
0 0.710417 0.467593 0.0125 0.0222222
