0 0.565365 0.755556 0.00885417 0.0111111
0 0.42474 0.391667 0.0078125 0.012963
0 0.526563 0.924537 0.00833333 0.0138889
0 0.517448 0.772222 0.00885417 0.012963
0 0.559635 0.680093 0.00885417 0.012037
0 0.669271 0.893519 0.00833333 0.012963
0 0.523438 0.847222 0.009375 0.012963
0 0.485677 0.49213 0.0182292 0.0231481
0 0.715625 0.88287 0.00833333 0.012037
0 0.619531 0.824537 0.00885417 0.012037
0 0.701302 0.343519 0.0078125 0.0185185
0 0.709115 0.726852 0.00677083 0.0111111
0 0.511719 0.689815 0.00885417 0.0111111
0 0.551042 0.593056 0.00833333 0.012037
0 0.666927 0.813426 0.00885417 0.012037
0 0.495833 0.598148 0.00729167 0.012963
0 0.646354 0.353241 0.00833333 0.0194444
0 0.483073 0.378241 0.0078125 0.0138889
0 0.463542 0.706481 0.00833333 0.012963
0 0.468229 0.78287 0.00833333 0.0138889
0 0.477083 0.935185 0.00833333 0.012963
0 0.71224 0.803241 0.0078125 0.012037
0 0.66276 0.736111 0.00989583 0.012963
0 0.614844 0.748611 0.00989583 0.0138889
0 0.657292 0.658796 0.0104167 0.0138889
0 0.753385 0.333796 0.00989583 0.0175926
0 0.65625 0.570833 0.00833333 0.0138889
0 0.75625 0.719907 0.00833333 0.0138889
0 0.473177 0.85787 0.00885417 0.0138889
0 0.596875 0.479167 0.0114583 0.0175926
0 0.703906 0.650926 0.0078125 0.012963
0 0.654948 0.470833 0.00885417 0.0157407
0 0.540625 0.487963 0.0166667 0.0203704
0 0.759896 0.794444 0.00833333 0.012963
0 0.604167 0.582407 0.009375 0.0166667
0 0.706771 0.562963 0.00729167 0.012963
0 0.589844 0.360648 0.0109375 0.0212963
0 0.446615 0.609722 0.00989583 0.0194444
0 0.764063 0.870833 0.00833333 0.0138889
0 0.751823 0.650463 0.0078125 0.0157407
0 0.53724 0.370833 0.00885417 0.0157407
0 0.754687 0.560648 0.00729167 0.0175926
0 0.429688 0.500926 0.0125 0.0222222
0 0.709635 0.450463 0.0130208 0.025
0 0.761198 0.44213 0.00989583 0.0212963
