0 0.764844 0.662963 0.0078125 0.012963
0 0.448177 0.837963 0.00989583 0.0148148
0 0.516927 0.73287 0.0078125 0.012037
0 0.458333 0.640741 0.00833333 0.012963
0 0.576823 0.442593 0.00677083 0.0111111
0 0.788021 0.476852 0.0104167 0.0166667
0 0.454167 0.7375 0.0135417 0.0157407
0 0.51901 0.64213 0.0078125 0.0138889
0 0.672917 0.731019 0.00729167 0.012037
0 0.459896 0.540741 0.00625 0.012963
0 0.444792 0.931944 0.00833333 0.012037
0 0.46276 0.334722 0.00677083 0.012037
0 0.521875 0.439352 0.00833333 0.0138889
0 0.755208 0.878241 0.009375 0.0157407
0 0.591146 0.737037 0.009375 0.012963
0 0.716146 0.65787 0.009375 0.0138889
0 0.633854 0.445833 0.00729167 0.0138889
0 0.628906 0.571759 0.00677083 0.012037
0 0.582812 0.559722 0.00729167 0.012037
0 0.666146 0.884722 0.00729167 0.0157407
0 0.588542 0.651852 0.00833333 0.012963
0 0.779688 0.591667 0.00729167 0.0148148
0 0.715365 0.73287 0.00885417 0.0138889
0 0.515104 0.836111 0.009375 0.0166667
0 0.728385 0.581019 0.0078125 0.0138889
0 0.514323 0.931481 0.0119792 0.0185185
0 0.523438 0.333796 0.00729167 0.0157407
0 0.74375 0.34537 0.009375 0.0203704
0 0.786719 0.341667 0.0078125 0.0166667
0 0.759115 0.803241 0.0078125 0.0138889
0 0.678646 0.569444 0.00833333 0.0148148
0 0.578906 0.822685 0.0078125 0.0157407
0 0.458854 0.434259 0.0104167 0.0185185
0 0.671094 0.80787 0.0078125 0.0157407
0 0.713802 0.804167 0.00885417 0.0175926
0 0.735677 0.453241 0.0078125 0.0175926
0 0.521094 0.539815 0.00989583 0.0185185
0 0.581771 0.335648 0.00833333 0.0175926
0 0.636979 0.334722 0.00833333 0.0175926
0 0.685417 0.455556 0.009375 0.0203704
0 0.576563 0.910648 0.00833333 0.0212963
0 0.628385 0.806019 0.00885417 0.0194444
0 0.673177 0.652315 0.0109375 0.0194444
0 0.7125 0.875463 0.0104167 0.0212963
0 0.633854 0.666204 0.0125 0.0194444
0 0.7625 0.733796 0.015625 0.0231481
0 0.690625 0.3375 0.0114583 0.0194444
0 0.626302 0.898148 0.00885417 0.0222222
