0 0.659115 0.970833 0.00677083 0.012037
0 0.603906 0.853704 0.0078125 0.012963
0 0.488542 0.839815 0.00625 0.0111111
0 0.611979 0.646759 0.00833333 0.0138889
0 0.675 0.549074 0.00729167 0.012963
0 0.557292 0.535648 0.00729167 0.012037
0 0.686979 0.325 0.00729167 0.0111111
0 0.55599 0.64213 0.0078125 0.0138889
0 0.545313 0.844907 0.00833333 0.0138889
0 0.661458 0.862037 0.00729167 0.012963
0 0.668229 0.658796 0.00729167 0.0138889
0 0.774219 0.987963 0.0078125 0.0148148
0 0.683333 0.431019 0.00833333 0.012037
0 0.716667 0.97963 0.00833333 0.0148148
0 0.721875 0.76713 0.00729167 0.012037
0 0.422917 0.943056 0.00729167 0.012037
0 0.776302 0.875463 0.0078125 0.012037
0 0.747396 0.333796 0.00833333 0.012037
0 0.495833 0.7375 0.00625 0.012037
0 0.620573 0.424537 0.0078125 0.012037
0 0.552083 0.744444 0.00729167 0.012963
0 0.62474 0.318981 0.0078125 0.012037
0 0.563542 0.311574 0.00729167 0.012037
0 0.723437 0.666204 0.00729167 0.0138889
0 0.792708 0.565741 0.00729167 0.0111111
0 0.557292 0.415278 0.00833333 0.012037
0 0.430729 0.833333 0.00729167 0.012963
0 0.732552 0.559722 0.00885417 0.0157407
0 0.778385 0.672685 0.00677083 0.012037
0 0.504167 0.303241 0.00729167 0.012037
0 0.745573 0.436574 0.0109375 0.0157407
0 0.500521 0.636574 0.00729167 0.0138889
0 0.43724 0.731019 0.00677083 0.012037
0 0.807031 0.34213 0.0078125 0.012037
0 0.497917 0.524074 0.00729167 0.012963
0 0.719531 0.869444 0.00989583 0.0166667
0 0.44401 0.628704 0.0078125 0.0148148
0 0.776302 0.771296 0.00885417 0.012963
0 0.44375 0.300926 0.00729167 0.012963
0 0.439063 0.516667 0.00729167 0.012963
0 0.497656 0.405556 0.00885417 0.012963
0 0.436458 0.399537 0.00729167 0.0138889
0 0.807031 0.448611 0.0151042 0.0231481
