0 0.666927 0.743519 0.00885417 0.0148148
0 0.722135 0.656944 0.00677083 0.012037
0 0.790104 0.489352 0.00729167 0.012037
0 0.703385 0.833333 0.0078125 0.012963
0 0.659115 0.825926 0.0078125 0.012963
0 0.632031 0.656018 0.00885417 0.0138889
0 0.564323 0.825926 0.00885417 0.0148148
0 0.676562 0.656482 0.009375 0.0148148
0 0.711719 0.746296 0.0078125 0.012963
0 0.611719 0.824074 0.0078125 0.012963
0 0.603646 0.906482 0.00729167 0.012963
0 0.460156 0.884722 0.0078125 0.0138889
0 0.572396 0.742593 0.009375 0.0148148
0 0.516406 0.815741 0.00885417 0.0148148
0 0.469531 0.813426 0.00885417 0.0157407
0 0.477604 0.737963 0.00833333 0.0148148
0 0.778646 0.579167 0.00833333 0.0138889
0 0.75026 0.845833 0.0078125 0.0138889
0 0.506771 0.896296 0.009375 0.0166667
0 0.770833 0.661574 0.00833333 0.0157407
0 0.760156 0.753704 0.00989583 0.0166667
0 0.752344 0.398611 0.0078125 0.0157407
0 0.696354 0.915278 0.00729167 0.012037
0 0.533073 0.659722 0.00885417 0.0157407
0 0.619531 0.743519 0.0109375 0.0185185
0 0.65 0.912037 0.00833333 0.0148148
0 0.740885 0.916667 0.0078125 0.012963
0 0.52526 0.736574 0.00885417 0.0157407
0 0.661979 0.396296 0.00833333 0.0185185
0 0.533333 0.5625 0.0104167 0.0194444
0 0.707031 0.393056 0.00885417 0.0175926
0 0.797656 0.406481 0.00885417 0.0166667
