0 0.697051 0.221671 0.006474 0.010622
0 0.696859 0.322665 0.005475 0.012398
0 0.685427 0.436758 0.007557 0.012546
0 0.673287 0.547556 0.008098 0.013509
0 0.673564 0.650900 0.005954 0.010585
0 0.673592 0.753762 0.007515 0.010696
0 0.672453 0.862101 0.008077 0.012583
0 0.638077 0.213301 0.006974 0.009734
0 0.635773 0.315534 0.009076 0.010807
0 0.628151 0.434068 0.006537 0.013397
0 0.617061 0.544478 0.005933 0.009659
0 0.615069 0.644417 0.005412 0.009622
0 0.616096 0.749204 0.003810 0.007661
0 0.614447 0.857043 0.006474 0.010622
0 0.577438 0.209446 0.006433 0.008771
0 0.575895 0.312658 0.006974 0.009734
0 0.569520 0.433599 0.007099 0.015285
0 0.560284 0.542751 0.006995 0.010659
0 0.559374 0.640913 0.006516 0.012472
0 0.558423 0.740925 0.008035 0.010733
0 0.555838 0.855648 0.006995 0.010659
0 0.515218 0.206404 0.005933 0.009659
0 0.512372 0.309524 0.005995 0.012435
0 0.509714 0.427485 0.005933 0.009659
0 0.505297 0.530958 0.008056 0.011658
0 0.501088 0.636761 0.007432 0.006995
0 0.500345 0.739105 0.005454 0.011473
0 0.496282 0.850016 0.004330 0.007698
0 0.453611 0.199235 0.007495 0.009771
0 0.450214 0.303706 0.005412 0.009622
0 0.451167 0.423315 0.006453 0.009696
0 0.448509 0.529692 0.003810 0.007661
0 0.445653 0.633276 0.004850 0.007735
0 0.440726 0.736249 0.004871 0.008660
0 0.439546 0.846438 0.003268 0.006698
0 0.392941 0.196767 0.005933 0.009659
0 0.388639 0.295151 0.008077 0.012583
0 0.392557 0.421920 0.007099 0.015285
0 0.393834 0.527188 0.003914 0.012287
0 0.387876 0.629624 0.007078 0.014360
0 0.383740 0.732190 0.010805 0.018320
0 0.380229 0.841750 0.006495 0.011547
0 0.333373 0.191598 0.008577 0.011695
0 0.325533 0.296679 0.013428 0.019431
0 0.333022 0.415363 0.004393 0.010473
0 0.338170 0.522296 0.006995 0.010659
0 0.334065 0.623474 0.007536 0.011621
0 0.326037 0.725299 0.006474 0.010622
0 0.320381 0.837487 0.005496 0.013323
