0 0.477083 0.59537 0.00625 0.0111111
0 0.692969 0.640741 0.00677083 0.0111111
0 0.481771 0.693981 0.00729167 0.0101852
0 0.650521 0.733796 0.00729167 0.012037
0 0.533854 0.485185 0.00625 0.0111111
0 0.603385 0.741204 0.00677083 0.012037
0 0.548437 0.767593 0.00729167 0.0111111
0 0.69401 0.359259 0.00677083 0.0111111
0 0.698438 0.724537 0.00833333 0.012037
0 0.460417 0.285648 0.00625 0.012037
0 0.689323 0.556944 0.00677083 0.012037
0 0.701563 0.808333 0.00729167 0.0111111
0 0.641927 0.5625 0.00677083 0.012037
0 0.739323 0.63287 0.0078125 0.012037
0 0.519271 0.276852 0.00729167 0.0111111
0 0.688281 0.262037 0.00677083 0.0111111
0 0.465104 0.386574 0.00625 0.012037
0 0.471354 0.488889 0.00625 0.0111111
0 0.59349 0.570833 0.00677083 0.012037
0 0.639323 0.363889 0.0078125 0.0111111
0 0.744792 0.716204 0.00833333 0.012037
0 0.554427 0.864352 0.00677083 0.012037
0 0.403125 0.3 0.00729167 0.0111111
0 0.522917 0.378241 0.00729167 0.012037
0 0.588542 0.477315 0.00729167 0.012037
0 0.640104 0.471759 0.00729167 0.012037
0 0.655729 0.818981 0.00729167 0.012037
0 0.607292 0.830556 0.00729167 0.0111111
0 0.416667 0.603241 0.00625 0.0101852
0 0.692187 0.464352 0.00729167 0.012037
0 0.422135 0.706944 0.00677083 0.012037
0 0.486719 0.8 0.00885417 0.0111111
0 0.741667 0.259259 0.00833333 0.0111111
0 0.410677 0.5 0.00677083 0.0111111
0 0.428125 0.809722 0.00729167 0.012037
0 0.633854 0.266667 0.00729167 0.0111111
0 0.735677 0.548611 0.00677083 0.012037
0 0.406771 0.394444 0.00729167 0.0111111
0 0.747917 0.801852 0.00833333 0.012963
0 0.577865 0.272222 0.00885417 0.012963
0 0.583073 0.37037 0.0078125 0.012963
0 0.742969 0.456481 0.00885417 0.012963
0 0.747656 0.352778 0.00885417 0.012963
