0 0.716667 0.672685 0.00520833 0.0101852
0 0.563802 0.708333 0.00572917 0.00925926
0 0.555469 0.611574 0.00572917 0.0101852
0 0.685677 0.319444 0.00572917 0.0111111
0 0.644792 0.411574 0.00729167 0.012037
0 0.629167 0.239815 0.00729167 0.0111111
0 0.461719 0.2125 0.00677083 0.0101852
0 0.571094 0.803241 0.00572917 0.0101852
0 0.768229 0.664815 0.00625 0.0111111
0 0.678125 0.233796 0.00729167 0.012037
0 0.775 0.754167 0.00729167 0.012037
0 0.455469 0.842593 0.00677083 0.0111111
0 0.418229 0.429167 0.00520833 0.0101852
0 0.74401 0.402315 0.00677083 0.012037
0 0.723958 0.760648 0.00625 0.012037
0 0.728646 0.228241 0.00625 0.0101852
0 0.709896 0.582407 0.00729167 0.0111111
0 0.435417 0.634722 0.00625 0.012037
0 0.444792 0.740278 0.00520833 0.0101852
0 0.404427 0.226852 0.00677083 0.0111111
0 0.411458 0.328241 0.00625 0.012037
0 0.760677 0.573611 0.0078125 0.012037
0 0.426302 0.534722 0.00677083 0.0138889
0 0.736719 0.313889 0.0078125 0.012963
