0 0.558333 0.617593 0.00625 0.0111111
0 0.398698 0.60463 0.0078125 0.012963
0 0.645052 0.559259 0.00677083 0.0111111
0 0.335677 0.706481 0.0119792 0.012963
0 0.333854 0.799074 0.00833333 0.0111111
0 0.451042 0.317593 0.00625 0.0111111
0 0.338281 0.507407 0.00677083 0.012963
0 0.557031 0.77037 0.00572917 0.012963
0 0.646875 0.696759 0.00729167 0.0138889
0 0.475 0.616667 0.00729167 0.012963
0 0.557813 0.691204 0.00520833 0.012037
0 0.607292 0.469444 0.00625 0.0111111
0 0.59974 0.693056 0.0078125 0.0138889
0 0.39974 0.515741 0.0078125 0.012963
0 0.459896 0.4375 0.00625 0.012037
0 0.468229 0.530556 0.00729167 0.012963
0 0.59974 0.546759 0.0078125 0.012037
0 0.644792 0.769907 0.00833333 0.0138889
0 0.598698 0.62037 0.0078125 0.012963
0 0.465365 0.700463 0.00572917 0.0138889
0 0.340104 0.609259 0.0125 0.0148148
0 0.507552 0.325463 0.00677083 0.012037
0 0.557292 0.456019 0.00729167 0.0138889
0 0.336979 0.408333 0.00729167 0.0148148
0 0.601302 0.763889 0.00989583 0.0166667
0 0.508073 0.453704 0.00677083 0.012963
0 0.515885 0.688426 0.00885417 0.0175926
0 0.465885 0.787963 0.00572917 0.0166667
0 0.333073 0.203241 0.00677083 0.012037
0 0.659115 0.483796 0.0078125 0.012037
0 0.401823 0.70787 0.00989583 0.0157407
0 0.609375 0.342593 0.00729167 0.0148148
0 0.6625 0.369907 0.009375 0.0138889
0 0.554167 0.5375 0.009375 0.0157407
0 0.393229 0.204167 0.00729167 0.012037
0 0.452344 0.211574 0.0078125 0.0138889
0 0.39375 0.311111 0.00833333 0.0148148
0 0.560417 0.341204 0.00729167 0.0175926
0 0.657812 0.235185 0.00729167 0.0148148
0 0.514844 0.77963 0.00885417 0.0222222
0 0.514844 0.545833 0.0119792 0.0175926
0 0.614323 0.235648 0.00885417 0.0194444
0 0.397656 0.411111 0.00989583 0.0185185
0 0.333594 0.303704 0.00989583 0.0185185
0 0.404687 0.805093 0.0114583 0.0175926
0 0.507031 0.216204 0.0078125 0.0138889
0 0.647656 0.627315 0.0130208 0.0175926
0 0.560677 0.222685 0.0119792 0.0194444
