0 0.572656 0.376852 0.0078125 0.0111111
0 0.568229 0.734722 0.00729167 0.012037
0 0.657292 0.918981 0.00625 0.0101852
0 0.620573 0.4875 0.0078125 0.012037
0 0.672135 0.410185 0.00885417 0.012963
0 0.66224 0.751389 0.00677083 0.012037
0 0.566406 0.556481 0.00677083 0.0111111
0 0.660417 0.837037 0.00625 0.0111111
0 0.610677 0.913889 0.00572917 0.0111111
0 0.565365 0.818056 0.00677083 0.012037
0 0.624219 0.403241 0.00885417 0.012037
0 0.516927 0.810185 0.00677083 0.0111111
0 0.470573 0.885648 0.00677083 0.012037
0 0.56224 0.903704 0.00677083 0.0111111
0 0.70599 0.930556 0.00677083 0.0111111
0 0.569792 0.650926 0.00729167 0.012963
0 0.521615 0.728241 0.00677083 0.012037
0 0.714844 0.590278 0.00677083 0.0101852
0 0.516406 0.89537 0.0078125 0.012963
0 0.754948 0.939352 0.0078125 0.012037
0 0.717708 0.503704 0.00729167 0.0111111
0 0.478125 0.639352 0.00729167 0.0138889
0 0.569531 0.464352 0.00885417 0.012037
0 0.475781 0.721296 0.0078125 0.012963
0 0.708333 0.844444 0.00625 0.0111111
0 0.514844 0.551389 0.00677083 0.012037
0 0.472917 0.801389 0.00729167 0.012037
0 0.464583 0.54213 0.00729167 0.012037
0 0.713802 0.673148 0.0078125 0.012963
0 0.523958 0.643981 0.00729167 0.0138889
0 0.757552 0.855556 0.00677083 0.0111111
0 0.710417 0.760648 0.00729167 0.012037
0 0.721094 0.41713 0.0078125 0.012037
0 0.764323 0.599074 0.00677083 0.0111111
0 0.45651 0.439352 0.0078125 0.012037
0 0.509896 0.443519 0.00833333 0.012963
0 0.761979 0.681944 0.00833333 0.012037
0 0.513281 0.351389 0.00885417 0.012037
0 0.767708 0.510648 0.00833333 0.012037
0 0.459375 0.343056 0.00833333 0.0138889
0 0.759635 0.768519 0.0078125 0.012963
0 0.770312 0.425926 0.009375 0.012963
