0 0.625781 0.913889 0.00572917 0.0111111
0 0.716927 0.731481 0.00677083 0.0111111
0 0.573698 0.749074 0.00677083 0.012963
0 0.670833 0.823611 0.00625 0.012037
0 0.71901 0.815741 0.00572917 0.0111111
0 0.482812 0.843518 0.00625 0.0111111
0 0.479427 0.681944 0.00677083 0.0138889
0 0.768229 0.8125 0.00729167 0.012037
0 0.661198 0.394444 0.0078125 0.012963
0 0.461458 0.587963 0.00729167 0.0148148
0 0.511198 0.581944 0.00677083 0.012037
0 0.713542 0.560648 0.00729167 0.012037
0 0.446875 0.393981 0.00729167 0.0138889
0 0.500521 0.385648 0.00729167 0.0138889
0 0.7625 0.556019 0.00625 0.012037
0 0.765365 0.725463 0.00677083 0.012037
0 0.448438 0.489352 0.00729167 0.0138889
0 0.48151 0.762037 0.0078125 0.012963
0 0.710417 0.389352 0.00729167 0.0138889
0 0.715365 0.644907 0.00677083 0.012037
0 0.760677 0.468519 0.0078125 0.012963
0 0.764583 0.639352 0.00729167 0.0138889
0 0.759375 0.383333 0.00833333 0.0148148
