0 0.333333 0.798611 0.00833333 0.012037
0 0.646094 0.55787 0.00677083 0.012037
0 0.336198 0.709259 0.0109375 0.012963
0 0.400781 0.515278 0.0078125 0.0138889
0 0.451823 0.318056 0.00677083 0.012037
0 0.392448 0.310185 0.00885417 0.0166667
0 0.598437 0.621296 0.00729167 0.012963
0 0.332812 0.202315 0.00729167 0.012037
0 0.338542 0.507407 0.00833333 0.0148148
0 0.607031 0.468519 0.00572917 0.0111111
0 0.393229 0.203704 0.00729167 0.012963
0 0.47474 0.61713 0.0078125 0.012037
0 0.66276 0.369444 0.00989583 0.0148148
0 0.646615 0.695833 0.0078125 0.0138889
0 0.341406 0.608333 0.0130208 0.0166667
0 0.400781 0.707407 0.00885417 0.0166667
0 0.558594 0.691204 0.00677083 0.012037
0 0.508073 0.325 0.00677083 0.012963
0 0.659375 0.484722 0.00729167 0.012037
0 0.615104 0.236111 0.00833333 0.0185185
0 0.3375 0.409259 0.00729167 0.0148148
0 0.460156 0.4375 0.00677083 0.012037
0 0.557552 0.77037 0.00677083 0.0148148
0 0.60026 0.547222 0.0078125 0.012963
0 0.657552 0.235648 0.0078125 0.0157407
0 0.609896 0.343519 0.00729167 0.0148148
0 0.467969 0.530556 0.0078125 0.012963
0 0.644792 0.769907 0.00833333 0.0157407
0 0.452344 0.2125 0.0078125 0.0157407
0 0.557552 0.456019 0.00677083 0.0138889
0 0.508594 0.453704 0.00677083 0.012963
0 0.334375 0.306019 0.009375 0.0175926
0 0.60026 0.693519 0.0078125 0.0166667
0 0.554167 0.537037 0.00833333 0.0148148
0 0.465365 0.700463 0.00677083 0.0157407
0 0.397396 0.4125 0.009375 0.0194444
0 0.515104 0.544907 0.0125 0.0194444
0 0.507292 0.216667 0.00729167 0.0148148
0 0.560938 0.341667 0.00833333 0.0185185
0 0.404427 0.805556 0.00989583 0.0185185
0 0.465885 0.788426 0.00677083 0.0194444
0 0.561198 0.222685 0.0109375 0.0194444
0 0.516146 0.688889 0.00833333 0.0185185
0 0.601562 0.763426 0.0104167 0.0194444
0 0.515625 0.77963 0.009375 0.0222222
0 0.647656 0.626852 0.0130208 0.0185185
