0 0.469792 0.902778 0.00625 0.0111111
0 0.705469 0.919907 0.00572917 0.0101852
0 0.713021 0.6625 0.00729167 0.012037
0 0.514844 0.906018 0.00677083 0.012037
0 0.514323 0.563426 0.00677083 0.0101852
0 0.464323 0.559722 0.00677083 0.012037
0 0.478125 0.655093 0.00625 0.012037
0 0.47474 0.7375 0.00677083 0.012037
0 0.707812 0.833796 0.00625 0.0101852
0 0.671615 0.405093 0.0078125 0.012037
0 0.753385 0.923148 0.00677083 0.0111111
0 0.709375 0.748148 0.00625 0.0111111
0 0.521615 0.738426 0.0078125 0.012037
0 0.471875 0.819444 0.00625 0.0111111
0 0.761979 0.666204 0.00729167 0.012037
0 0.757031 0.839352 0.00677083 0.012037
0 0.510156 0.457407 0.0078125 0.0111111
0 0.765104 0.584259 0.00729167 0.0111111
0 0.513802 0.364352 0.0078125 0.012037
0 0.759375 0.751852 0.00729167 0.0111111
0 0.456771 0.459259 0.009375 0.012963
0 0.721875 0.405556 0.00833333 0.012963
0 0.767187 0.494907 0.00833333 0.012037
0 0.459635 0.362963 0.0078125 0.012963
0 0.770312 0.40787 0.00833333 0.0138889
