0 0.58125 0.25787 0.00729167 0.012037
0 0.548958 0.709722 0.00833333 0.0157407
0 0.673958 0.256019 0.00625 0.0101852
0 0.622917 0.166204 0.00625 0.0101852
0 0.672396 0.166667 0.00625 0.0111111
0 0.627083 0.435648 0.00625 0.0101852
0 0.53724 0.347222 0.0078125 0.0111111
0 0.628646 0.34537 0.00729167 0.0111111
0 0.35651 0.143056 0.0078125 0.0138889
0 0.63099 0.520833 0.00677083 0.0101852
0 0.584635 0.437037 0.00677083 0.0111111
0 0.484115 0.239815 0.00885417 0.012963
0 0.633333 0.705093 0.00625 0.0101852
0 0.54349 0.171759 0.00677083 0.012037
0 0.583333 0.168056 0.00729167 0.012037
0 0.63151 0.615278 0.00677083 0.0101852
0 0.357812 0.347222 0.009375 0.012963
0 0.429948 0.138426 0.0078125 0.0138889
0 0.359375 0.54537 0.0104167 0.0148148
0 0.540625 0.438889 0.00729167 0.0111111
0 0.425781 0.2375 0.00885417 0.0138889
0 0.677604 0.431019 0.00729167 0.0101852
0 0.364323 0.748148 0.0109375 0.0148148
0 0.586458 0.527315 0.00729167 0.012037
0 0.53724 0.263426 0.0078125 0.012037
0 0.58776 0.617593 0.0078125 0.012963
0 0.546354 0.618056 0.009375 0.0138889
0 0.491927 0.152315 0.0078125 0.012037
0 0.542188 0.529167 0.00729167 0.012037
0 0.35625 0.448148 0.0114583 0.012963
0 0.360677 0.646759 0.0078125 0.012037
0 0.483333 0.343056 0.00729167 0.012037
0 0.678646 0.522685 0.00833333 0.012037
0 0.590885 0.710648 0.0078125 0.0138889
0 0.677344 0.344907 0.00885417 0.0138889
0 0.491927 0.536111 0.0078125 0.012963
0 0.435677 0.64537 0.0078125 0.0111111
0 0.485938 0.44213 0.00833333 0.012037
0 0.426823 0.339815 0.00989583 0.0148148
0 0.68125 0.706481 0.00833333 0.012963
0 0.357292 0.24213 0.0104167 0.0157407
0 0.438281 0.743056 0.0119792 0.0138889
0 0.49375 0.633796 0.00833333 0.0138889
0 0.507552 0.723148 0.00677083 0.012963
0 0.43099 0.540278 0.00989583 0.0138889
0 0.428906 0.443981 0.00885417 0.0138889
0 0.683073 0.618056 0.00989583 0.0138889
