0 0.597917 0.969444 0.00625 0.0111111
0 0.486458 0.849074 0.00625 0.0111111
0 0.611198 0.651389 0.00677083 0.012037
0 0.666927 0.661111 0.00677083 0.0111111
0 0.602604 0.857407 0.00729167 0.012963
0 0.658854 0.865741 0.00625 0.0111111
0 0.479427 0.959722 0.00677083 0.0101852
0 0.673698 0.550926 0.00677083 0.012963
0 0.54349 0.851389 0.00885417 0.0138889
0 0.615625 0.54537 0.00729167 0.012963
0 0.554948 0.650463 0.00677083 0.0138889
0 0.732031 0.559722 0.00677083 0.0138889
0 0.748177 0.331944 0.0078125 0.012037
0 0.55651 0.541204 0.0078125 0.0138889
0 0.494531 0.746759 0.00677083 0.012037
0 0.713021 0.980556 0.00833333 0.0148148
0 0.625521 0.323148 0.00833333 0.012963
0 0.683854 0.43287 0.00729167 0.012037
0 0.68776 0.326389 0.0078125 0.012037
0 0.791927 0.564352 0.0078125 0.012037
0 0.777344 0.670833 0.00677083 0.012037
0 0.564062 0.316667 0.00833333 0.012963
0 0.745313 0.435648 0.009375 0.0138889
0 0.719531 0.76713 0.0078125 0.0138889
0 0.770573 0.986574 0.00885417 0.0138889
0 0.722135 0.666204 0.0078125 0.0138889
0 0.5 0.64537 0.00729167 0.012963
0 0.620573 0.427778 0.0078125 0.012963
0 0.504167 0.311574 0.00833333 0.012037
0 0.44349 0.640278 0.0078125 0.0138889
0 0.428125 0.844444 0.00833333 0.012963
0 0.497135 0.531482 0.0078125 0.012963
0 0.55 0.750926 0.00729167 0.0148148
0 0.774479 0.769907 0.009375 0.012037
0 0.420833 0.957407 0.00833333 0.012963
0 0.439583 0.526852 0.00729167 0.012963
0 0.435937 0.741667 0.00729167 0.012963
0 0.557813 0.420833 0.00833333 0.012037
0 0.808073 0.339352 0.00885417 0.0138889
0 0.436979 0.409259 0.00833333 0.0148148
0 0.773438 0.873611 0.00833333 0.012037
0 0.497656 0.4125 0.00989583 0.0138889
0 0.444531 0.309722 0.00885417 0.0138889
0 0.807292 0.444907 0.0145833 0.0212963
0 0.716667 0.869907 0.0114583 0.0175926
