0 0.467708 0.364352 0.00833333 0.0157407
0 0.727344 0.475 0.00677083 0.0111111
0 0.681771 0.481944 0.00625 0.0101852
0 0.63724 0.655556 0.0078125 0.0111111
0 0.472135 0.475463 0.0109375 0.0194444
0 0.728385 0.735648 0.00677083 0.0101852
0 0.728906 0.563889 0.00677083 0.0111111
0 0.589583 0.375463 0.00833333 0.0138889
0 0.682292 0.569444 0.00625 0.00925926
0 0.727604 0.647222 0.00729167 0.0111111
0 0.729427 0.821759 0.00677083 0.0101852
0 0.683073 0.737963 0.0078125 0.0111111
0 0.683333 0.82037 0.00729167 0.0111111
0 0.58724 0.746296 0.00677083 0.0111111
0 0.634896 0.572685 0.00625 0.0101852
0 0.776302 0.904167 0.0078125 0.012037
0 0.539323 0.744444 0.00677083 0.0111111
0 0.727083 0.387963 0.00625 0.012963
0 0.538542 0.822222 0.00729167 0.0111111
0 0.636719 0.822222 0.00677083 0.0111111
0 0.491406 0.897685 0.00677083 0.012037
0 0.776042 0.475463 0.00729167 0.012037
0 0.731771 0.906482 0.00625 0.0111111
0 0.490365 0.750463 0.00885417 0.0138889
0 0.491406 0.823611 0.00677083 0.012037
0 0.579427 0.569907 0.00677083 0.012037
0 0.634635 0.485185 0.00677083 0.0111111
0 0.522656 0.471296 0.00989583 0.0166667
0 0.588802 0.829167 0.0078125 0.012037
0 0.529948 0.366667 0.00885417 0.0166667
0 0.63776 0.906018 0.00677083 0.012037
0 0.683333 0.652315 0.00833333 0.012037
0 0.539583 0.904167 0.00729167 0.012037
0 0.776563 0.649074 0.00833333 0.012963
0 0.684115 0.90787 0.00677083 0.012037
0 0.775781 0.565278 0.00989583 0.0138889
0 0.53724 0.665741 0.00885417 0.0148148
0 0.588802 0.910648 0.00677083 0.012037
0 0.777865 0.831481 0.00885417 0.012963
0 0.773958 0.391667 0.00729167 0.012963
0 0.635156 0.74213 0.00885417 0.012037
0 0.582552 0.475926 0.00885417 0.0148148
0 0.777083 0.738426 0.0104167 0.0138889
0 0.680729 0.386111 0.00729167 0.0148148
0 0.636719 0.394907 0.0078125 0.0157407
