0 0.607552 0.354167 0.00677083 0.0101852
0 0.563021 0.61713 0.00729167 0.0101852
0 0.607552 0.527778 0.00572917 0.00925926
0 0.40625 0.326389 0.0114583 0.0231481
0 0.607813 0.443981 0.00625 0.0101852
0 0.60651 0.616204 0.00677083 0.0101852
0 0.409115 0.318981 0.0119792 0.0212963
0 0.657292 0.35463 0.00625 0.0111111
0 0.563021 0.361574 0.00625 0.0101852
0 0.656771 0.528241 0.00833333 0.012037
0 0.56276 0.449074 0.00677083 0.0111111
0 0.561979 0.702315 0.00729167 0.012037
0 0.607813 0.701852 0.00729167 0.0111111
0 0.410937 0.248611 0.009375 0.0157407
0 0.65599 0.783796 0.0078125 0.012037
0 0.657031 0.711111 0.0078125 0.012963
0 0.65625 0.443981 0.00833333 0.012037
0 0.563281 0.532407 0.0078125 0.0111111
0 0.468229 0.627778 0.00729167 0.0111111
0 0.370573 0.553704 0.00989583 0.0166667
0 0.655208 0.271296 0.00729167 0.012963
0 0.464844 0.35787 0.0078125 0.0138889
0 0.608333 0.268056 0.00625 0.012037
0 0.41875 0.706019 0.00729167 0.012037
0 0.609635 0.786111 0.00677083 0.0111111
0 0.657031 0.618981 0.0109375 0.0138889
0 0.56276 0.786111 0.00677083 0.012963
0 0.516146 0.705093 0.00729167 0.012037
0 0.41849 0.624537 0.00677083 0.012037
0 0.370833 0.706019 0.00729167 0.012037
0 0.515365 0.366204 0.00677083 0.012037
0 0.516927 0.786111 0.00677083 0.012963
0 0.466406 0.546759 0.00677083 0.012037
0 0.369792 0.778241 0.00729167 0.012037
0 0.408854 0.455556 0.00833333 0.0148148
0 0.516667 0.537037 0.009375 0.012963
0 0.467448 0.790741 0.00677083 0.012963
0 0.514844 0.623148 0.00885417 0.012963
0 0.5625 0.26713 0.00729167 0.0138889
0 0.46875 0.710648 0.00729167 0.012037
0 0.460938 0.450463 0.00625 0.012037
0 0.451562 0.289352 0.0104167 0.0194444
0 0.416667 0.546296 0.00729167 0.012963
0 0.515365 0.452315 0.0078125 0.012037
0 0.417969 0.786111 0.0078125 0.012963
0 0.369792 0.631481 0.009375 0.0166667
0 0.517708 0.275926 0.00833333 0.0166667
