0 0.465365 0.356944 0.0078125 0.0138889
0 0.469271 0.258796 0.00833333 0.0175926
0 0.369271 0.554167 0.0104167 0.0175926
0 0.607813 0.527778 0.00625 0.00925926
0 0.563021 0.617593 0.00729167 0.0111111
0 0.606771 0.616204 0.00729167 0.0101852
0 0.657031 0.354167 0.00572917 0.0101852
0 0.607552 0.35463 0.00677083 0.0111111
0 0.56276 0.702315 0.00677083 0.012037
0 0.607813 0.443981 0.00625 0.0101852
0 0.657031 0.527778 0.0078125 0.0111111
0 0.608594 0.702778 0.00677083 0.0111111
0 0.411198 0.248148 0.00989583 0.0166667
0 0.466667 0.547222 0.00625 0.0111111
0 0.56276 0.450463 0.00677083 0.0101852
0 0.655729 0.443519 0.00729167 0.0111111
0 0.563281 0.361574 0.00677083 0.012037
0 0.418229 0.705093 0.00729167 0.012037
0 0.65599 0.783796 0.0078125 0.012037
0 0.563021 0.533333 0.00729167 0.0111111
0 0.419271 0.624074 0.00729167 0.0111111
0 0.370833 0.705556 0.00729167 0.012963
0 0.515625 0.705556 0.00729167 0.012963
0 0.657031 0.710648 0.0078125 0.012037
0 0.467708 0.627315 0.00729167 0.012037
0 0.416927 0.546759 0.0078125 0.0138889
0 0.655469 0.27037 0.00677083 0.012963
0 0.610417 0.786574 0.00729167 0.012037
0 0.56276 0.786111 0.00677083 0.012963
0 0.515365 0.365278 0.00677083 0.012037
0 0.370052 0.777778 0.0078125 0.0111111
0 0.460417 0.451852 0.00625 0.012963
0 0.657292 0.618056 0.0104167 0.0138889
0 0.468229 0.709722 0.00729167 0.012037
0 0.370313 0.631019 0.00833333 0.0157407
0 0.516927 0.786111 0.00677083 0.012963
0 0.466927 0.790278 0.00677083 0.0138889
0 0.608073 0.267593 0.00677083 0.012963
0 0.515104 0.452778 0.00833333 0.012963
0 0.417969 0.785648 0.0078125 0.012037
0 0.5625 0.266204 0.00729167 0.0138889
0 0.516406 0.537037 0.00885417 0.012963
0 0.513542 0.623148 0.00833333 0.012963
0 0.517708 0.275 0.00833333 0.0166667
