0 0.747656 0.412963 0.00677083 0.0111111
0 0.703646 0.402778 0.00833333 0.012963
0 0.75 0.500463 0.00729167 0.012037
0 0.665885 0.838426 0.00885417 0.0157407
0 0.704687 0.579167 0.00729167 0.012037
0 0.659115 0.476852 0.00677083 0.0111111
0 0.747656 0.325 0.0078125 0.012963
0 0.797396 0.338889 0.00729167 0.0111111
0 0.659896 0.56713 0.00729167 0.012037
0 0.479688 0.323611 0.009375 0.0157407
0 0.478385 0.425926 0.00885417 0.012963
0 0.748177 0.590278 0.00677083 0.012037
0 0.480729 0.226389 0.00833333 0.0138889
0 0.750781 0.769907 0.0078125 0.012037
0 0.60599 0.358796 0.00885417 0.0157407
0 0.798437 0.6 0.00729167 0.0111111
0 0.797135 0.425463 0.00677083 0.0101852
0 0.752083 0.677315 0.00833333 0.012037
0 0.661979 0.659259 0.00625 0.012963
0 0.479167 0.727778 0.00729167 0.0111111
0 0.546875 0.439815 0.00833333 0.0148148
0 0.707031 0.312963 0.0078125 0.012963
0 0.666927 0.305556 0.0078125 0.012963
0 0.750521 0.860185 0.00833333 0.0148148
0 0.553906 0.238426 0.00885417 0.0138889
0 0.478125 0.624074 0.009375 0.012963
0 0.798177 0.690278 0.00885417 0.012037
0 0.70651 0.668981 0.00885417 0.0138889
0 0.603646 0.458333 0.00833333 0.0148148
0 0.659635 0.394907 0.0078125 0.0138889
0 0.799219 0.514352 0.00885417 0.0138889
0 0.552865 0.744444 0.0078125 0.0111111
0 0.477604 0.524074 0.0104167 0.0148148
0 0.70625 0.75787 0.009375 0.0157407
0 0.548177 0.544907 0.00989583 0.0157407
0 0.615625 0.27037 0.00833333 0.0148148
0 0.550781 0.641667 0.0119792 0.0148148
0 0.611458 0.651389 0.009375 0.0138889
0 0.798177 0.874537 0.00885417 0.0138889
0 0.624219 0.841667 0.0078125 0.0148148
0 0.605469 0.556481 0.00885417 0.0148148
0 0.548177 0.343981 0.00989583 0.0157407
0 0.800781 0.786574 0.0109375 0.0157407
0 0.611458 0.749074 0.00833333 0.0148148
0 0.708333 0.852315 0.009375 0.0157407
0 0.663802 0.748148 0.00989583 0.0185185
0 0.479948 0.826389 0.0130208 0.0175926
0 0.555208 0.843056 0.0125 0.0175926
