0 0.590885 0.572222 0.00572917 0.0111111
0 0.510677 0.381944 0.00572917 0.0101852
0 0.617708 0.831019 0.00729167 0.012037
0 0.757031 0.798148 0.00885417 0.012963
0 0.632812 0.469444 0.00625 0.0111111
0 0.566406 0.866667 0.00677083 0.012963
0 0.703385 0.722222 0.00885417 0.012963
0 0.416146 0.610185 0.00520833 0.0111111
0 0.686458 0.554167 0.00625 0.0101852
0 0.449219 0.915278 0.0078125 0.012037
0 0.497656 0.803704 0.00885417 0.012963
0 0.738281 0.628241 0.0078125 0.0138889
0 0.684375 0.462037 0.00729167 0.0111111
0 0.669792 0.261111 0.00729167 0.0111111
0 0.405208 0.507407 0.00625 0.0111111
0 0.615885 0.26713 0.0078125 0.012037
0 0.453125 0.391667 0.00729167 0.0111111
0 0.49974 0.281481 0.00677083 0.0111111
0 0.569531 0.371296 0.00677083 0.0111111
0 0.438542 0.814352 0.00625 0.012037
0 0.44375 0.292593 0.00729167 0.0111111
0 0.427083 0.714352 0.00625 0.012037
0 0.680469 0.356481 0.0078125 0.0111111
0 0.388021 0.306944 0.00833333 0.012037
0 0.625521 0.362963 0.00833333 0.012963
0 0.558854 0.273148 0.009375 0.012963
0 0.395833 0.403241 0.00729167 0.012037
0 0.73125 0.544444 0.00729167 0.012963
0 0.722396 0.256481 0.00833333 0.0111111
0 0.733854 0.452778 0.009375 0.012963
0 0.733594 0.348611 0.00989583 0.0138889
