0 0.375781 0.341667 0.0151042 0.0185185
0 0.397135 0.408796 0.00677083 0.012037
0 0.535677 0.703704 0.00677083 0.0111111
0 0.582812 0.625 0.00729167 0.0111111
0 0.649479 0.248148 0.00833333 0.0166667
0 0.582031 0.70463 0.00677083 0.0111111
0 0.340104 0.628704 0.00833333 0.0111111
0 0.48724 0.624074 0.0078125 0.0111111
0 0.436719 0.545833 0.00885417 0.012037
0 0.321094 0.230093 0.0078125 0.0138889
0 0.390365 0.62963 0.0078125 0.0111111
0 0.377344 0.232407 0.0078125 0.0148148
0 0.535677 0.623611 0.0078125 0.0101852
0 0.390365 0.547685 0.0078125 0.012037
0 0.434115 0.459722 0.00572917 0.012037
0 0.534115 0.78287 0.00677083 0.0101852
0 0.486979 0.782407 0.00729167 0.0111111
0 0.628385 0.704167 0.0078125 0.012037
0 0.540625 0.362963 0.00833333 0.0185185
0 0.340365 0.782407 0.00885417 0.0111111
0 0.340885 0.704167 0.0078125 0.012037
0 0.439063 0.703241 0.00833333 0.012037
0 0.589063 0.462037 0.00729167 0.0111111
0 0.378646 0.451389 0.00729167 0.012037
0 0.436979 0.783796 0.00729167 0.012037
0 0.582031 0.55 0.0078125 0.0111111
0 0.339583 0.550926 0.00833333 0.012963
0 0.48776 0.703704 0.0078125 0.0111111
0 0.580208 0.783333 0.00729167 0.0111111
0 0.485677 0.543056 0.0078125 0.012037
0 0.628125 0.782407 0.00833333 0.0111111
0 0.391146 0.70463 0.00833333 0.012963
0 0.484375 0.2375 0.009375 0.0194444
0 0.535677 0.545833 0.00989583 0.0138889
0 0.629167 0.630093 0.00833333 0.012037
0 0.432031 0.350463 0.0130208 0.0194444
0 0.430469 0.237963 0.00885417 0.0166667
0 0.538802 0.461574 0.0078125 0.012037
0 0.388802 0.781482 0.0078125 0.012963
0 0.596354 0.24213 0.00833333 0.0157407
0 0.486719 0.462037 0.0078125 0.012963
0 0.486198 0.354167 0.00885417 0.0138889
0 0.628385 0.558796 0.00885417 0.0138889
0 0.542188 0.241667 0.00833333 0.0148148
0 0.636979 0.469907 0.00729167 0.0138889
0 0.316667 0.337037 0.0114583 0.0203704
0 0.648958 0.357407 0.009375 0.0185185
0 0.328646 0.452778 0.0104167 0.0185185
0 0.596615 0.35463 0.0130208 0.0240741
