0 0.496354 0.960648 0.00625 0.0101852
0 0.615885 0.969907 0.00677083 0.012037
0 0.674219 0.971759 0.00677083 0.012037
0 0.614844 0.754167 0.0078125 0.012037
0 0.498958 0.849537 0.00729167 0.012037
0 0.615104 0.856944 0.00729167 0.012037
0 0.672656 0.8625 0.0078125 0.012037
0 0.61224 0.545833 0.00677083 0.012037
0 0.671875 0.55 0.00729167 0.0111111
0 0.552604 0.541204 0.00729167 0.012037
0 0.671615 0.759722 0.0078125 0.012037
0 0.55625 0.850463 0.00833333 0.012037
0 0.673177 0.326852 0.0078125 0.0111111
0 0.557552 0.650463 0.00677083 0.012037
0 0.669792 0.659722 0.00729167 0.012037
0 0.494271 0.533796 0.00833333 0.012037
0 0.439323 0.846296 0.0078125 0.012963
0 0.729167 0.556019 0.00729167 0.012037
0 0.61224 0.322685 0.0078125 0.012037
0 0.501562 0.748611 0.00729167 0.012037
0 0.488281 0.312963 0.0078125 0.0111111
0 0.733594 0.978241 0.0078125 0.0138889
0 0.790625 0.98287 0.009375 0.0138889
0 0.727604 0.763426 0.00729167 0.012037
0 0.43776 0.958333 0.0078125 0.012963
0 0.734115 0.330556 0.0078125 0.0111111
0 0.502083 0.647222 0.00729167 0.012963
0 0.547396 0.421759 0.00833333 0.012037
0 0.548437 0.318056 0.00833333 0.012037
0 0.61276 0.651389 0.0078125 0.0138889
0 0.735937 0.431481 0.009375 0.012963
0 0.67526 0.430093 0.00885417 0.012037
0 0.790625 0.559722 0.00833333 0.012037
0 0.78776 0.870833 0.0078125 0.012037
0 0.48776 0.415278 0.00885417 0.012037
0 0.442969 0.743981 0.00677083 0.012037
0 0.730208 0.866667 0.00833333 0.0148148
0 0.725 0.664815 0.00729167 0.012963
0 0.557292 0.751389 0.00729167 0.0138889
0 0.780729 0.667593 0.00729167 0.012963
0 0.434635 0.528704 0.00677083 0.012963
0 0.428646 0.314352 0.009375 0.012037
0 0.6125 0.426852 0.00833333 0.012963
0 0.445052 0.64213 0.0078125 0.0138889
0 0.427083 0.413426 0.00833333 0.0138889
0 0.783333 0.765741 0.009375 0.012963
0 0.794792 0.335648 0.00833333 0.012037
0 0.799479 0.441667 0.0145833 0.0222222
