0 0.37526 0.34213 0.0161458 0.0194444
0 0.48724 0.624074 0.0078125 0.0111111
0 0.390625 0.62963 0.00833333 0.0111111
0 0.340365 0.628241 0.0078125 0.012037
0 0.649479 0.248148 0.00833333 0.0166667
0 0.582812 0.625 0.00729167 0.0111111
0 0.486719 0.78287 0.00677083 0.0101852
0 0.533854 0.783333 0.00729167 0.0111111
0 0.377344 0.233333 0.0078125 0.0148148
0 0.535937 0.624074 0.00833333 0.0111111
0 0.582292 0.703241 0.00729167 0.012037
0 0.535937 0.703241 0.00729167 0.012037
0 0.434115 0.459722 0.00572917 0.012037
0 0.439583 0.703704 0.00833333 0.012963
0 0.390365 0.548148 0.0078125 0.0111111
0 0.340104 0.781944 0.009375 0.012037
0 0.436979 0.546296 0.00833333 0.012963
0 0.321094 0.22963 0.0078125 0.0148148
0 0.540625 0.362963 0.00833333 0.0185185
0 0.340625 0.704167 0.00729167 0.012037
0 0.378906 0.451389 0.0078125 0.012037
0 0.436979 0.784722 0.00729167 0.012037
0 0.589063 0.462037 0.00729167 0.0111111
0 0.628385 0.704167 0.0078125 0.012037
0 0.391146 0.70463 0.00833333 0.012963
0 0.339583 0.552778 0.00833333 0.012963
0 0.582031 0.55 0.0078125 0.0111111
0 0.579948 0.783796 0.0078125 0.012037
0 0.48776 0.704167 0.0078125 0.012037
0 0.627865 0.781944 0.00885417 0.012037
0 0.388281 0.781944 0.0078125 0.0138889
0 0.430208 0.238426 0.00833333 0.0157407
0 0.538802 0.461574 0.0078125 0.012037
0 0.485938 0.543056 0.00833333 0.012037
0 0.432292 0.350463 0.0135417 0.0194444
0 0.629167 0.630093 0.00833333 0.012037
0 0.535677 0.546759 0.00989583 0.0138889
0 0.484635 0.238426 0.00989583 0.0194444
0 0.486979 0.462037 0.00833333 0.012963
0 0.485938 0.353704 0.009375 0.0148148
0 0.636979 0.469907 0.00729167 0.0138889
0 0.628385 0.558796 0.00885417 0.0138889
0 0.596354 0.242593 0.00833333 0.0166667
0 0.316927 0.336574 0.0119792 0.0212963
0 0.542188 0.242593 0.00833333 0.0166667
0 0.328646 0.453241 0.0104167 0.0194444
0 0.648958 0.356944 0.009375 0.0194444
0 0.596875 0.354167 0.0125 0.0231481
