0 0.724479 0.544444 0.00833333 0.012963
0 0.809375 0.966667 0.00833333 0.012963
0 0.454427 0.864815 0.00572917 0.012963
0 0.789323 0.749537 0.00885417 0.0138889
0 0.663542 0.424537 0.00729167 0.012037
0 0.538542 0.427315 0.00729167 0.012037
0 0.534115 0.322685 0.0078125 0.012037
0 0.473437 0.324074 0.00625 0.0111111
0 0.601302 0.427315 0.0078125 0.012037
0 0.477344 0.427315 0.00677083 0.012037
0 0.431771 0.547222 0.00625 0.012963
0 0.784896 0.54213 0.00729167 0.012037
0 0.447656 0.659259 0.00677083 0.0148148
0 0.723958 0.419444 0.00833333 0.012963
0 0.417708 0.430556 0.00625 0.012963
0 0.65599 0.319907 0.0078125 0.012037
0 0.595573 0.322222 0.00677083 0.0111111
0 0.717188 0.318056 0.00729167 0.012037
0 0.7875 0.422685 0.0135417 0.0194444
0 0.414583 0.32963 0.00729167 0.012963
0 0.777344 0.318056 0.00885417 0.012037
