0 0.528906 0.473611 0.0119792 0.0194444
0 0.501562 0.671759 0.0114583 0.0175926
0 0.529167 0.575 0.009375 0.0148148
0 0.586719 0.666667 0.00677083 0.0111111
0 0.728385 0.644907 0.00677083 0.0101852
0 0.728906 0.561574 0.00677083 0.0101852
0 0.728385 0.472222 0.00677083 0.0111111
0 0.47474 0.480556 0.0130208 0.0203704
0 0.533073 0.366204 0.00989583 0.0175926
0 0.635677 0.822222 0.00677083 0.0111111
0 0.728125 0.733796 0.00729167 0.0101852
0 0.490104 0.900463 0.00729167 0.012037
0 0.729688 0.903241 0.00625 0.012037
0 0.728385 0.82037 0.00677083 0.0111111
0 0.683854 0.480093 0.00625 0.0101852
0 0.729427 0.384722 0.00677083 0.0138889
0 0.683333 0.567593 0.00729167 0.0111111
0 0.490625 0.752778 0.009375 0.0148148
0 0.638021 0.655093 0.00833333 0.012037
0 0.581771 0.569907 0.00625 0.012037
0 0.636458 0.90463 0.00625 0.0111111
0 0.682813 0.737037 0.009375 0.012963
0 0.539062 0.74537 0.00729167 0.012963
0 0.588021 0.747222 0.00833333 0.012963
0 0.636198 0.571759 0.00677083 0.012037
0 0.777865 0.470833 0.0078125 0.012037
0 0.682813 0.818519 0.00833333 0.012963
0 0.490625 0.826852 0.00833333 0.012963
0 0.5375 0.905556 0.00729167 0.012963
0 0.639063 0.394444 0.00729167 0.0166667
0 0.588021 0.829167 0.009375 0.0138889
0 0.536458 0.667593 0.009375 0.0166667
0 0.776823 0.643981 0.0078125 0.0138889
0 0.586719 0.910185 0.00677083 0.0148148
0 0.590625 0.376389 0.00833333 0.0157407
0 0.636979 0.485648 0.00729167 0.0138889
0 0.538281 0.824074 0.00885417 0.012963
0 0.776823 0.560185 0.00989583 0.0148148
0 0.777083 0.3875 0.00833333 0.0157407
0 0.683333 0.905093 0.00729167 0.0138889
0 0.775521 0.898611 0.009375 0.0138889
0 0.684375 0.650926 0.0114583 0.0148148
0 0.683594 0.385185 0.0078125 0.0166667
0 0.635156 0.741667 0.00885417 0.012963
0 0.777604 0.827315 0.0104167 0.0157407
0 0.583594 0.476389 0.00989583 0.0175926
0 0.776563 0.734259 0.0114583 0.0166667
