0 0.728125 0.736111 0.00833333 0.0148148
0 0.557813 0.764815 0.00729167 0.012963
0 0.797396 0.396759 0.0135417 0.0212963
0 0.789062 0.828241 0.00729167 0.012037
0 0.502604 0.674537 0.00729167 0.0138889
0 0.73151 0.837963 0.0119792 0.0203704
0 0.442187 0.887963 0.00729167 0.0148148
0 0.734115 0.948611 0.0078125 0.0138889
0 0.732031 0.303241 0.00677083 0.012037
0 0.791667 0.293519 0.00833333 0.012963
0 0.445312 0.682407 0.00729167 0.0148148
0 0.792708 0.938426 0.00729167 0.012037
0 0.426042 0.459259 0.00729167 0.0148148
0 0.784115 0.725926 0.0078125 0.012963
0 0.44401 0.786111 0.00677083 0.012963
0 0.434635 0.573611 0.00677083 0.012037
0 0.427865 0.360185 0.0078125 0.012963
