0 0.55026 0.350463 0.00989583 0.0175926
0 0.545833 0.425926 0.0135417 0.0222222
0 0.582812 0.659722 0.00729167 0.012037
0 0.606771 0.369907 0.009375 0.0212963
0 0.532031 0.558333 0.00885417 0.0148148
0 0.484896 0.44537 0.0125 0.0222222
0 0.625 0.744444 0.009375 0.0148148
0 0.736979 0.497685 0.00729167 0.012037
0 0.529688 0.726852 0.00729167 0.012963
0 0.72474 0.669907 0.0078125 0.012037
0 0.523698 0.806019 0.00885417 0.0138889
0 0.6625 0.918981 0.00729167 0.012037
0 0.583854 0.5625 0.00625 0.012037
0 0.71849 0.756019 0.0078125 0.012037
0 0.732031 0.587037 0.00677083 0.0111111
0 0.621094 0.825 0.0078125 0.012963
0 0.673698 0.750926 0.00885417 0.012963
0 0.691406 0.49537 0.00677083 0.012963
0 0.577344 0.739352 0.00885417 0.0138889
0 0.616146 0.908333 0.00729167 0.012963
0 0.668229 0.832407 0.00833333 0.012963
0 0.708854 0.927315 0.00729167 0.012037
0 0.713281 0.843518 0.0078125 0.012963
0 0.684896 0.581019 0.00729167 0.012037
0 0.476042 0.797222 0.00833333 0.0148148
0 0.567187 0.902315 0.00729167 0.0138889
0 0.634635 0.658796 0.00885417 0.012037
0 0.48125 0.723148 0.0104167 0.0166667
0 0.592708 0.471759 0.0114583 0.0175926
0 0.785417 0.506944 0.00729167 0.012037
0 0.679948 0.665741 0.00885417 0.012963
0 0.754687 0.933333 0.00833333 0.012963
0 0.573177 0.820833 0.00885417 0.0138889
0 0.517708 0.887037 0.00833333 0.012963
0 0.638281 0.575926 0.0078125 0.012963
0 0.645052 0.490278 0.0078125 0.0138889
0 0.470573 0.869907 0.00885417 0.0138889
0 0.772917 0.679167 0.009375 0.0157407
0 0.533594 0.650463 0.00989583 0.0175926
0 0.761458 0.861574 0.00833333 0.0138889
0 0.778125 0.59537 0.009375 0.0148148
0 0.74375 0.411111 0.00833333 0.0166667
0 0.790104 0.423611 0.00833333 0.0157407
0 0.766406 0.769444 0.0109375 0.0166667
0 0.698438 0.400463 0.00833333 0.0175926
0 0.652865 0.400463 0.00885417 0.0194444
