0 0.496354 0.74537 0.00520833 0.0111111
0 0.659375 0.497685 0.00625 0.012037
0 0.714583 0.659259 0.00520833 0.0111111
0 0.427604 0.451389 0.00520833 0.012037
0 0.444792 0.862037 0.00625 0.0111111
0 0.665885 0.761574 0.00572917 0.012037
0 0.653646 0.322222 0.00729167 0.012963
0 0.757552 0.472685 0.00572917 0.012037
0 0.751042 0.297685 0.00625 0.012037
0 0.426562 0.348611 0.00520833 0.012037
0 0.43151 0.555093 0.00572917 0.012037
0 0.698177 0.223611 0.0078125 0.0138889
0 0.559115 0.714815 0.00572917 0.0111111
0 0.555729 0.618981 0.00625 0.0101852
0 0.765625 0.646296 0.00625 0.0111111
0 0.701302 0.310185 0.00677083 0.012963
0 0.768229 0.737037 0.00625 0.0111111
0 0.70599 0.395833 0.0078125 0.0138889
0 0.706771 0.484722 0.00625 0.012037
0 0.5625 0.808796 0.00625 0.012037
0 0.435156 0.653704 0.00572917 0.0111111
0 0.754167 0.385185 0.00729167 0.012963
0 0.438021 0.759722 0.00625 0.012037
0 0.716927 0.747222 0.00572917 0.0111111
0 0.655729 0.407407 0.0114583 0.0185185
