0 0.597917 0.772685 0.00520833 0.0101852
0 0.636979 0.331019 0.00625 0.012037
0 0.477865 0.789352 0.00572917 0.00833333
0 0.643229 0.238889 0.00729167 0.0111111
0 0.684115 0.340741 0.00572917 0.0111111
0 0.670833 0.51713 0.00520833 0.0101852
0 0.55026 0.685185 0.00572917 0.0111111
0 0.573438 0.394907 0.00625 0.0101852
0 0.503906 0.480556 0.00572917 0.0111111
0 0.58151 0.301852 0.00677083 0.0111111
0 0.690625 0.255093 0.00625 0.0101852
0 0.486198 0.688426 0.00572917 0.0101852
0 0.71849 0.525926 0.00572917 0.0111111
0 0.53151 0.171759 0.00677083 0.0101852
0 0.739844 0.264352 0.00677083 0.012037
0 0.542708 0.781018 0.00625 0.0101852
0 0.748438 0.80463 0.00520833 0.0111111
0 0.564844 0.49213 0.00572917 0.0101852
0 0.770052 0.538426 0.00677083 0.012037
0 0.520573 0.275926 0.00677083 0.0111111
0 0.558594 0.588889 0.00677083 0.0111111
0 0.789323 0.276389 0.00677083 0.012037
0 0.757552 0.713889 0.00677083 0.0111111
0 0.705208 0.702315 0.00729167 0.012037
0 0.765365 0.625 0.0078125 0.012963
0 0.647396 0.781482 0.00625 0.0111111
0 0.732813 0.352315 0.00729167 0.012037
0 0.727344 0.438426 0.0078125 0.0138889
0 0.423177 0.778704 0.0078125 0.0111111
0 0.697135 0.791667 0.00677083 0.012963
0 0.77526 0.450926 0.00677083 0.012963
0 0.473698 0.164815 0.0078125 0.0111111
0 0.454688 0.365741 0.00625 0.012963
0 0.428906 0.675463 0.00572917 0.012037
0 0.43724 0.570833 0.00677083 0.012037
0 0.445312 0.469907 0.00729167 0.0138889
0 0.464323 0.265278 0.00677083 0.012037
0 0.677344 0.426852 0.0109375 0.0166667
0 0.782031 0.3625 0.00677083 0.0138889
