0 0.476823 0.95 0.00885417 0.012963
0 0.521354 0.647222 0.00833333 0.012963
0 0.769792 0.653704 0.00729167 0.012963
0 0.726562 0.724537 0.00833333 0.0138889
0 0.684375 0.725926 0.00625 0.0111111
0 0.49401 0.343056 0.0078125 0.0138889
0 0.615885 0.44537 0.00677083 0.012963
0 0.460156 0.653241 0.0078125 0.0138889
0 0.558333 0.447685 0.00729167 0.012037
0 0.778385 0.790278 0.0078125 0.012037
0 0.590625 0.654167 0.00729167 0.012037
0 0.576563 0.564352 0.00729167 0.012037
0 0.772396 0.459722 0.009375 0.0175926
0 0.723958 0.570833 0.00625 0.012037
0 0.602865 0.740278 0.00885417 0.0138889
0 0.451823 0.556019 0.00677083 0.0138889
0 0.690365 0.801852 0.00677083 0.0148148
0 0.782552 0.862037 0.00989583 0.0166667
0 0.624479 0.571296 0.00625 0.012963
0 0.715885 0.336574 0.00989583 0.0212963
0 0.722656 0.647685 0.00885417 0.0138889
0 0.695833 0.880093 0.00729167 0.0157407
0 0.432552 0.351852 0.0078125 0.012963
0 0.466927 0.755093 0.0130208 0.0157407
0 0.470313 0.854167 0.0125 0.0157407
0 0.777604 0.577315 0.00729167 0.0138889
0 0.528906 0.738426 0.00885417 0.0157407
0 0.545052 0.941204 0.0109375 0.0157407
0 0.733073 0.796296 0.00885417 0.0166667
0 0.673437 0.564815 0.00729167 0.0148148
0 0.719271 0.444444 0.00729167 0.0148148
0 0.536719 0.84213 0.0109375 0.0157407
0 0.599479 0.825926 0.00729167 0.0148148
0 0.502865 0.450463 0.00885417 0.0175926
0 0.648698 0.804167 0.00885417 0.0157407
0 0.759115 0.32963 0.0078125 0.0166667
0 0.653125 0.894907 0.00833333 0.0194444
0 0.440365 0.452778 0.00989583 0.0185185
0 0.552344 0.338889 0.00885417 0.0166667
0 0.66875 0.450926 0.00833333 0.0185185
0 0.605729 0.912037 0.00729167 0.0185185
0 0.638802 0.660185 0.0119792 0.0185185
0 0.51224 0.549537 0.00885417 0.0194444
0 0.739062 0.866204 0.0104167 0.0212963
0 0.677083 0.646759 0.0104167 0.0194444
0 0.607813 0.335185 0.00833333 0.0166667
0 0.660937 0.33287 0.0104167 0.0194444
0 0.77526 0.721296 0.0130208 0.0203704
