0 0.526042 0.673148 0.00625 0.0111111
0 0.613802 0.489352 0.00677083 0.012037
0 0.489323 0.927778 0.00572917 0.00925926
0 0.713281 0.563426 0.00572917 0.0101852
0 0.772656 0.896759 0.0078125 0.012037
0 0.575521 0.749537 0.00729167 0.012037
0 0.58099 0.918519 0.00572917 0.0111111
0 0.725521 0.903241 0.00625 0.0101852
0 0.534896 0.923148 0.00625 0.0111111
0 0.616406 0.572685 0.00677083 0.012037
0 0.721875 0.81713 0.00625 0.0101852
0 0.577604 0.833796 0.00625 0.012037
0 0.629948 0.914815 0.00572917 0.0111111
0 0.609896 0.403241 0.00729167 0.012037
0 0.768229 0.727778 0.00729167 0.0111111
0 0.558073 0.39213 0.00677083 0.012037
0 0.510938 0.582407 0.00625 0.0111111
0 0.772135 0.814815 0.0078125 0.012963
0 0.483594 0.761574 0.0078125 0.012037
0 0.76224 0.557407 0.00677083 0.0111111
0 0.480469 0.680093 0.00677083 0.0138889
0 0.485938 0.843518 0.00625 0.0111111
0 0.499479 0.478241 0.00729167 0.012037
0 0.715885 0.647222 0.0078125 0.0111111
0 0.658854 0.395833 0.00833333 0.0138889
0 0.461719 0.587037 0.00677083 0.0111111
0 0.764844 0.639815 0.0078125 0.012963
0 0.708333 0.390741 0.00729167 0.012963
0 0.759375 0.469907 0.00729167 0.012037
0 0.497135 0.384259 0.0078125 0.012963
0 0.44349 0.39213 0.0078125 0.0138889
0 0.755208 0.385648 0.00729167 0.0138889
0 0.445573 0.488426 0.00885417 0.0138889
