0 0.625781 0.828241 0.00572917 0.0101852
0 0.667708 0.650926 0.00625 0.0111111
0 0.48776 0.932407 0.00677083 0.0111111
0 0.529167 0.759259 0.00625 0.0111111
0 0.676562 0.906018 0.00520833 0.0101852
0 0.673177 0.821759 0.00572917 0.0101852
0 0.664844 0.56713 0.00572917 0.0101852
0 0.534115 0.925463 0.00572917 0.0101852
0 0.615625 0.573611 0.00625 0.012037
0 0.574479 0.750463 0.00729167 0.012037
0 0.525 0.676389 0.00625 0.012037
0 0.610677 0.403241 0.0078125 0.012037
0 0.577083 0.835185 0.00625 0.0111111
0 0.724219 0.899074 0.00572917 0.0111111
0 0.772917 0.893056 0.00729167 0.012037
0 0.5625 0.575926 0.00625 0.0111111
0 0.560938 0.48287 0.00625 0.0101852
0 0.721615 0.812963 0.00677083 0.0111111
0 0.628906 0.913889 0.00572917 0.0111111
0 0.710677 0.473148 0.00572917 0.0111111
0 0.580208 0.919444 0.00625 0.0111111
0 0.485938 0.848611 0.00625 0.0101852
0 0.479688 0.686111 0.00729167 0.012963
0 0.713542 0.558796 0.00729167 0.012037
0 0.483854 0.767593 0.00833333 0.012963
0 0.770833 0.809722 0.00833333 0.012037
0 0.71901 0.729167 0.0078125 0.012037
0 0.767708 0.721759 0.00729167 0.012037
0 0.558854 0.394444 0.00729167 0.0111111
0 0.761719 0.551389 0.00677083 0.012037
0 0.659115 0.394907 0.0078125 0.012037
0 0.461719 0.593056 0.00677083 0.012037
0 0.765104 0.636111 0.00729167 0.012963
0 0.759115 0.465278 0.00677083 0.0101852
0 0.510156 0.585648 0.0078125 0.012037
0 0.716406 0.64213 0.00885417 0.012037
0 0.709115 0.386111 0.0078125 0.012963
0 0.5 0.481944 0.00729167 0.012037
0 0.75651 0.37963 0.0078125 0.012963
0 0.446875 0.494444 0.00833333 0.012963
0 0.497135 0.388889 0.0078125 0.012963
0 0.44375 0.397685 0.00729167 0.0138889
