0 0.76901 0.308333 0.00677083 0.0111111
0 0.758854 0.487037 0.00729167 0.012963
0 0.707812 0.568056 0.00625 0.0101852
0 0.667708 0.471296 0.00625 0.0111111
0 0.664062 0.561111 0.00625 0.0111111
0 0.741927 0.755556 0.00677083 0.0111111
0 0.751042 0.574537 0.00625 0.012037
0 0.719531 0.39213 0.0078125 0.0138889
0 0.470052 0.743519 0.00677083 0.0111111
0 0.658854 0.653241 0.00625 0.012037
0 0.811979 0.405093 0.00625 0.012037
0 0.653125 0.831481 0.009375 0.0148148
0 0.580469 0.244907 0.00677083 0.012037
0 0.500521 0.339352 0.0114583 0.0157407
0 0.734115 0.844907 0.0078125 0.0138889
0 0.818229 0.31713 0.00729167 0.012037
0 0.728646 0.303241 0.00833333 0.0138889
0 0.48099 0.543519 0.0078125 0.012963
0 0.689844 0.299537 0.00677083 0.012037
0 0.491927 0.441667 0.00885417 0.012963
0 0.802344 0.581019 0.0078125 0.0138889
0 0.47526 0.638889 0.00885417 0.012963
0 0.674219 0.389815 0.00677083 0.012963
0 0.748177 0.661574 0.0078125 0.012037
0 0.697396 0.749537 0.00833333 0.0157407
0 0.623438 0.359259 0.009375 0.0166667
0 0.639063 0.270833 0.00833333 0.0138889
0 0.782812 0.854167 0.00833333 0.0138889
0 0.795313 0.67037 0.00833333 0.012963
0 0.507292 0.240741 0.00729167 0.012963
0 0.54349 0.752778 0.00885417 0.0111111
0 0.608333 0.652778 0.009375 0.0148148
0 0.691927 0.843518 0.00885417 0.0166667
0 0.703385 0.658796 0.0078125 0.012037
0 0.615625 0.459722 0.00833333 0.0138889
0 0.559896 0.447222 0.00729167 0.012963
0 0.609115 0.84213 0.0078125 0.0138889
0 0.602083 0.750926 0.00833333 0.0148148
0 0.654688 0.743056 0.0104167 0.0175926
0 0.791146 0.765741 0.009375 0.0148148
0 0.549479 0.649074 0.0114583 0.0148148
0 0.808333 0.494907 0.009375 0.0157407
0 0.566667 0.346296 0.009375 0.0148148
0 0.553906 0.55 0.00989583 0.0166667
0 0.464323 0.842593 0.0119792 0.0166667
0 0.609896 0.556944 0.0104167 0.0157407
0 0.540104 0.851852 0.0135417 0.0166667
