0 0.444792 0.949074 0.00833333 0.012963
0 0.672396 0.726852 0.00625 0.0111111
0 0.577344 0.448611 0.00677083 0.012037
0 0.764844 0.65463 0.00677083 0.012963
0 0.459375 0.655093 0.00729167 0.012037
0 0.715365 0.724074 0.0078125 0.012963
0 0.58776 0.655093 0.0078125 0.012037
0 0.519271 0.650463 0.00729167 0.012037
0 0.717448 0.648611 0.00885417 0.0138889
0 0.517187 0.741204 0.00833333 0.0138889
0 0.582552 0.564352 0.00677083 0.012037
0 0.670573 0.801852 0.00677083 0.012963
0 0.632812 0.445833 0.00625 0.012037
0 0.754948 0.863426 0.00885417 0.0157407
0 0.629167 0.571759 0.00625 0.012037
0 0.590365 0.740741 0.00885417 0.012963
0 0.666146 0.880556 0.00625 0.0148148
0 0.758854 0.791667 0.00729167 0.012963
0 0.728646 0.57037 0.00729167 0.012963
0 0.459375 0.556019 0.00729167 0.012037
0 0.578125 0.826852 0.00729167 0.0148148
0 0.714323 0.79537 0.0078125 0.0166667
0 0.513021 0.843982 0.00833333 0.0157407
0 0.786979 0.460648 0.009375 0.0157407
0 0.779948 0.577315 0.00677083 0.0138889
0 0.735937 0.444444 0.00729167 0.0148148
0 0.448438 0.850463 0.0104167 0.0138889
0 0.522917 0.343519 0.00833333 0.012963
0 0.513542 0.940741 0.0104167 0.0166667
0 0.4625 0.350926 0.00729167 0.012963
0 0.678646 0.565741 0.00729167 0.0148148
0 0.520573 0.451389 0.00885417 0.0157407
0 0.454948 0.755556 0.0130208 0.0166667
0 0.575781 0.913426 0.0078125 0.0194444
0 0.786979 0.328704 0.00729167 0.0166667
0 0.582292 0.340741 0.00833333 0.0148148
0 0.628125 0.80463 0.009375 0.0185185
0 0.685417 0.450463 0.00833333 0.0194444
0 0.742708 0.336574 0.009375 0.0194444
0 0.636458 0.334722 0.00729167 0.0157407
0 0.634375 0.662963 0.0125 0.0185185
0 0.673437 0.647222 0.0104167 0.0185185
0 0.625 0.89537 0.00833333 0.0203704
0 0.520833 0.549537 0.009375 0.0194444
0 0.459375 0.453241 0.0104167 0.0194444
0 0.7125 0.867593 0.0104167 0.0203704
0 0.690365 0.333333 0.0109375 0.0203704
0 0.7625 0.72037 0.0135417 0.0203704
