0 0.608854 0.754167 0.00625 0.0101852
0 0.668229 0.650926 0.00625 0.0111111
0 0.54375 0.973611 0.00729167 0.012037
0 0.672917 0.541667 0.00625 0.0111111
0 0.6625 0.9625 0.00625 0.0101852
0 0.614844 0.546296 0.00677083 0.0111111
0 0.664844 0.85463 0.00677083 0.0111111
0 0.555729 0.551852 0.00729167 0.0111111
0 0.603646 0.968056 0.00729167 0.012037
0 0.496615 0.765741 0.00677083 0.0111111
0 0.55599 0.659259 0.00677083 0.0111111
0 0.61224 0.65 0.0078125 0.0111111
0 0.548177 0.860185 0.0078125 0.0111111
0 0.425521 0.984722 0.00729167 0.012037
0 0.607031 0.856481 0.0078125 0.0111111
0 0.682552 0.318519 0.00677083 0.0111111
0 0.721094 0.960648 0.00677083 0.012037
0 0.496615 0.552778 0.00677083 0.0111111
0 0.500521 0.663426 0.00625 0.012037
0 0.680729 0.422222 0.00729167 0.0111111
0 0.74375 0.313889 0.00729167 0.0111111
0 0.732552 0.540741 0.00677083 0.012963
0 0.621354 0.324074 0.00729167 0.0111111
0 0.723958 0.647685 0.00625 0.012037
0 0.779688 0.643519 0.00625 0.0111111
0 0.558854 0.326389 0.00625 0.0101852
0 0.552865 0.761574 0.00677083 0.012037
0 0.778906 0.95787 0.00885417 0.0138889
0 0.742969 0.414815 0.00885417 0.012963
0 0.43776 0.769907 0.00677083 0.012037
0 0.61849 0.428704 0.00677083 0.0111111
0 0.494792 0.434722 0.00729167 0.012037
0 0.792188 0.534259 0.00625 0.0111111
0 0.779427 0.844907 0.0078125 0.012037
0 0.555208 0.43287 0.00729167 0.012037
0 0.431771 0.873148 0.00729167 0.012963
0 0.778125 0.742593 0.00833333 0.012963
0 0.722656 0.748148 0.0078125 0.012963
0 0.499219 0.333333 0.00677083 0.0111111
0 0.44349 0.668981 0.0078125 0.0138889
0 0.721875 0.849074 0.00833333 0.0148148
0 0.436719 0.556481 0.0078125 0.012963
0 0.438542 0.341667 0.00729167 0.012963
0 0.804427 0.310648 0.0078125 0.012037
0 0.433073 0.441667 0.0078125 0.0148148
0 0.805208 0.414352 0.0114583 0.0175926
