0 0.783073 0.337037 0.0078125 0.0166667
0 0.452865 0.938889 0.00885417 0.0111111
0 0.671354 0.885185 0.00729167 0.0148148
0 0.572917 0.44537 0.00833333 0.0148148
0 0.580469 0.5625 0.0078125 0.0138889
0 0.628906 0.896759 0.00989583 0.0194444
0 0.631771 0.3375 0.00833333 0.0157407
0 0.576302 0.338889 0.00885417 0.0166667
0 0.581771 0.825 0.00833333 0.0148148
0 0.717188 0.872222 0.009375 0.0166667
0 0.717448 0.654167 0.00885417 0.0138889
0 0.682292 0.455093 0.009375 0.0194444
0 0.459115 0.647685 0.0078125 0.0138889
0 0.673958 0.806481 0.00729167 0.0148148
0 0.580469 0.911574 0.0078125 0.0175926
0 0.716667 0.800926 0.009375 0.0185185
0 0.685938 0.337963 0.0114583 0.0222222
0 0.733333 0.450926 0.00833333 0.0166667
0 0.778906 0.586111 0.00885417 0.0148148
0 0.519531 0.648611 0.00885417 0.0157407
0 0.763802 0.730093 0.0161458 0.0231481
0 0.63151 0.805093 0.0109375 0.0194444
0 0.51849 0.338889 0.0078125 0.012963
0 0.519271 0.837963 0.0114583 0.0185185
0 0.45651 0.749074 0.0140625 0.0185185
0 0.458594 0.548611 0.0078125 0.0138889
0 0.633854 0.663426 0.0135417 0.0212963
0 0.516667 0.443981 0.00833333 0.0157407
0 0.519271 0.543981 0.0104167 0.0194444
0 0.51849 0.936574 0.0130208 0.0194444
0 0.452083 0.85 0.0114583 0.0166667
0 0.457292 0.343981 0.00729167 0.0138889
0 0.673437 0.650926 0.0104167 0.0203704
0 0.455729 0.444444 0.009375 0.0185185
