0 0.617188 0.755093 0.00729167 0.0101852
0 0.563802 0.971296 0.00677083 0.0111111
0 0.503906 0.8625 0.00677083 0.012037
0 0.670313 0.653704 0.00625 0.0111111
0 0.676823 0.857407 0.00677083 0.0111111
0 0.669531 0.543519 0.00677083 0.0111111
0 0.623438 0.968982 0.00729167 0.012037
0 0.504167 0.973148 0.00729167 0.0111111
0 0.611198 0.54537 0.00677083 0.0111111
0 0.666146 0.321296 0.00729167 0.0111111
0 0.551823 0.549537 0.0078125 0.012037
0 0.727865 0.318519 0.00677083 0.0111111
0 0.739583 0.964352 0.00729167 0.012037
0 0.620313 0.85787 0.00729167 0.012037
0 0.558594 0.657407 0.00677083 0.012963
0 0.613802 0.651389 0.0078125 0.012037
0 0.561719 0.858796 0.0078125 0.012037
0 0.504427 0.761574 0.00677083 0.012037
0 0.727604 0.545833 0.00729167 0.0138889
0 0.797917 0.962963 0.00833333 0.012963
0 0.731771 0.419444 0.00833333 0.012963
0 0.492188 0.548148 0.00729167 0.0111111
0 0.54349 0.325 0.0078125 0.0111111
0 0.605469 0.324074 0.0078125 0.0111111
0 0.545052 0.429167 0.0078125 0.012037
0 0.781771 0.650926 0.00729167 0.0111111
0 0.72526 0.653241 0.00677083 0.012037
0 0.671094 0.425 0.0078125 0.0111111
0 0.503385 0.659722 0.00677083 0.012037
0 0.788542 0.541204 0.00729167 0.012037
0 0.792969 0.850926 0.0078125 0.012963
0 0.484635 0.429167 0.0078125 0.012037
0 0.446875 0.978241 0.00729167 0.012037
0 0.608333 0.427778 0.00729167 0.0111111
0 0.785937 0.748148 0.009375 0.012963
0 0.445833 0.866204 0.00729167 0.012037
0 0.559635 0.757407 0.00677083 0.012963
0 0.483333 0.326389 0.00729167 0.0101852
0 0.433594 0.549537 0.00677083 0.012037
0 0.446354 0.7625 0.00625 0.012037
0 0.730469 0.752778 0.0078125 0.012963
0 0.422917 0.434259 0.00729167 0.0148148
0 0.788021 0.317593 0.00833333 0.012963
0 0.423177 0.333796 0.00677083 0.012037
0 0.445573 0.661111 0.00677083 0.0148148
0 0.735417 0.854167 0.0104167 0.0175926
0 0.795052 0.422685 0.0130208 0.0212963
