0 0.483854 0.701852 0.009375 0.0166667
0 0.733073 0.514815 0.00677083 0.0111111
0 0.474479 0.42963 0.015625 0.0259259
0 0.583594 0.653241 0.00885417 0.0138889
0 0.533854 0.712963 0.00833333 0.012963
0 0.671354 0.924074 0.00729167 0.012963
0 0.582812 0.556019 0.00625 0.012037
0 0.479167 0.849074 0.00729167 0.012963
0 0.730208 0.602315 0.00729167 0.012037
0 0.582031 0.732407 0.0078125 0.012963
0 0.71875 0.939352 0.00729167 0.012037
0 0.597656 0.371296 0.0109375 0.0185185
0 0.625 0.906482 0.00625 0.012963
0 0.534635 0.636574 0.0078125 0.0138889
0 0.579948 0.813426 0.0078125 0.012037
0 0.530208 0.791667 0.00833333 0.012963
0 0.482292 0.777315 0.00729167 0.012037
0 0.721875 0.77037 0.00729167 0.012963
0 0.627865 0.825463 0.0078125 0.012037
0 0.68724 0.505093 0.00677083 0.012037
0 0.726042 0.684259 0.00729167 0.0111111
0 0.736979 0.429167 0.00729167 0.0138889
0 0.673958 0.838889 0.00833333 0.012963
0 0.635677 0.660185 0.0078125 0.012963
0 0.575521 0.893056 0.00833333 0.0138889
0 0.539062 0.338889 0.0104167 0.0166667
0 0.684115 0.590741 0.0078125 0.012963
0 0.777865 0.618056 0.00885417 0.0138889
0 0.640104 0.494444 0.00729167 0.012963
0 0.782292 0.531018 0.00729167 0.012037
0 0.676562 0.756944 0.0104167 0.0138889
0 0.68125 0.672222 0.0104167 0.0148148
0 0.719531 0.856944 0.0078125 0.012037
0 0.636458 0.578241 0.00833333 0.0138889
0 0.775 0.701389 0.00833333 0.0138889
0 0.589583 0.46713 0.0114583 0.0212963
0 0.529427 0.543981 0.00885417 0.0157407
0 0.629167 0.74537 0.0104167 0.0148148
0 0.784896 0.449074 0.00833333 0.0166667
0 0.690625 0.412963 0.009375 0.0203704
0 0.526563 0.870833 0.00833333 0.0157407
0 0.646354 0.406481 0.009375 0.0203704
0 0.771615 0.789352 0.0109375 0.0157407
0 0.76901 0.881019 0.00885417 0.0138889
0 0.765104 0.951852 0.009375 0.0148148
