0 0.710417 0.254167 0.00729167 0.012037
0 0.733854 0.429167 0.00833333 0.0138889
0 0.720573 0.342593 0.00677083 0.0111111
0 0.686719 0.808333 0.00989583 0.0166667
0 0.759115 0.241204 0.00677083 0.012037
0 0.641146 0.456481 0.00729167 0.0111111
0 0.522656 0.383796 0.00885417 0.0138889
0 0.495573 0.806944 0.0078125 0.0138889
0 0.455469 0.402778 0.0109375 0.0148148
0 0.652604 0.544444 0.00729167 0.012963
0 0.798177 0.588889 0.0078125 0.012963
0 0.673958 0.722222 0.0114583 0.0185185
0 0.515625 0.279167 0.00729167 0.0138889
0 0.663542 0.635648 0.00729167 0.0138889
0 0.671094 0.26713 0.0078125 0.0138889
0 0.464583 0.501389 0.009375 0.0138889
0 0.76901 0.326852 0.00677083 0.0111111
0 0.579687 0.279167 0.00833333 0.0138889
0 0.676302 0.356481 0.0078125 0.012963
0 0.56901 0.781018 0.0078125 0.012037
0 0.739844 0.518056 0.00677083 0.012037
0 0.788802 0.499537 0.0078125 0.0138889
0 0.752083 0.601852 0.00833333 0.012963
0 0.447396 0.310185 0.00833333 0.0148148
0 0.696094 0.531018 0.00677083 0.012037
0 0.715885 0.708796 0.00989583 0.0157407
0 0.555469 0.680093 0.0119792 0.0157407
0 0.63099 0.28287 0.0078125 0.0138889
0 0.633854 0.374074 0.00729167 0.012963
0 0.472135 0.608796 0.00989583 0.0157407
0 0.615104 0.656944 0.0114583 0.0157407
0 0.484635 0.703241 0.00989583 0.0157407
0 0.588021 0.469444 0.00833333 0.012963
0 0.531771 0.481019 0.00833333 0.0138889
0 0.579948 0.368519 0.00989583 0.0166667
0 0.707552 0.619907 0.00885417 0.0138889
0 0.599219 0.564815 0.00885417 0.0148148
0 0.580469 0.877778 0.0140625 0.0185185
0 0.780729 0.416667 0.009375 0.0148148
0 0.759896 0.694444 0.00833333 0.012963
0 0.727604 0.801389 0.009375 0.0157407
0 0.624479 0.753241 0.0104167 0.0175926
0 0.769271 0.782407 0.00833333 0.0148148
0 0.543229 0.584722 0.009375 0.0157407
0 0.506771 0.902778 0.0135417 0.0203704
0 0.646615 0.8375 0.00885417 0.0157407
0 0.817448 0.771296 0.00885417 0.0148148
0 0.810417 0.681019 0.0104167 0.0138889
