0 0.427083 0.846296 0.00833333 0.0148148
0 0.739062 0.581944 0.00833333 0.0138889
0 0.471615 0.340741 0.0078125 0.012963
0 0.698698 0.827315 0.00885417 0.0138889
0 0.601823 0.73287 0.0078125 0.0138889
0 0.529427 0.351389 0.00677083 0.012037
0 0.545573 0.742593 0.00885417 0.012963
0 0.415104 0.437963 0.00729167 0.012963
0 0.413281 0.333333 0.00677083 0.0111111
0 0.648958 0.739815 0.00833333 0.012963
0 0.652083 0.825463 0.00729167 0.0138889
0 0.417969 0.54213 0.00677083 0.012037
0 0.592448 0.467593 0.0078125 0.012963
0 0.645312 0.568981 0.00833333 0.0138889
0 0.744531 0.837037 0.0109375 0.0166667
0 0.470052 0.241204 0.0078125 0.0138889
0 0.645833 0.477315 0.00833333 0.0138889
0 0.41276 0.2375 0.00677083 0.012037
0 0.595573 0.561574 0.0078125 0.0138889
0 0.589063 0.359259 0.00833333 0.0148148
0 0.421615 0.646296 0.0078125 0.012963
0 0.425 0.747222 0.009375 0.0148148
0 0.54974 0.840278 0.0078125 0.0157407
0 0.751823 0.297222 0.0078125 0.012963
0 0.602344 0.822685 0.0078125 0.0138889
0 0.697656 0.485648 0.00885417 0.0138889
0 0.527344 0.249537 0.0078125 0.0157407
0 0.58776 0.261111 0.00989583 0.0185185
0 0.646615 0.371759 0.0078125 0.0138889
0 0.64401 0.274074 0.00989583 0.0166667
0 0.483854 0.756944 0.0114583 0.0157407
0 0.699219 0.284722 0.00885417 0.0138889
0 0.748958 0.493981 0.009375 0.0138889
0 0.755469 0.391204 0.0109375 0.0157407
0 0.701823 0.382407 0.00989583 0.0148148
