0 0.490365 0.346296 0.00677083 0.0111111
0 0.638542 0.739815 0.00625 0.0111111
0 0.534375 0.74537 0.00729167 0.0111111
0 0.415625 0.651389 0.00625 0.0101852
0 0.48776 0.45 0.00677083 0.0111111
0 0.647917 0.569907 0.00625 0.0101852
0 0.591146 0.734259 0.00625 0.0111111
0 0.732292 0.749074 0.00729167 0.0111111
0 0.598698 0.563889 0.00677083 0.0111111
0 0.654167 0.478704 0.00729167 0.0111111
0 0.411458 0.753704 0.00625 0.0111111
0 0.669792 0.275463 0.00729167 0.0101852
0 0.602604 0.470833 0.00729167 0.012037
0 0.421875 0.548148 0.00625 0.0111111
0 0.664844 0.371759 0.00677083 0.0101852
0 0.634635 0.826852 0.00677083 0.0111111
0 0.530469 0.843982 0.00677083 0.0101852
0 0.775 0.296296 0.00729167 0.0111111
0 0.432292 0.339352 0.00625 0.0101852
0 0.425781 0.443981 0.00572917 0.0101852
0 0.740365 0.581481 0.00677083 0.0111111
0 0.71875 0.381944 0.00729167 0.0101852
0 0.496094 0.247222 0.00677083 0.0111111
0 0.707031 0.486111 0.00677083 0.0111111
0 0.734896 0.664352 0.00729167 0.012037
0 0.555208 0.253704 0.00729167 0.0111111
0 0.548437 0.353241 0.00729167 0.012037
0 0.682031 0.827778 0.0078125 0.0111111
0 0.726562 0.834722 0.00833333 0.012037
0 0.608073 0.362037 0.0078125 0.0111111
0 0.613802 0.263426 0.0078125 0.012037
0 0.471615 0.761111 0.0078125 0.0111111
0 0.75625 0.493519 0.00729167 0.0111111
0 0.586458 0.824537 0.00729167 0.012037
0 0.772135 0.389815 0.0078125 0.0111111
