0 0.465625 0.835648 0.00833333 0.0138889
0 0.607552 0.663889 0.00885417 0.012963
0 0.558594 0.669444 0.00885417 0.0148148
0 0.447135 0.582407 0.0119792 0.0203704
0 0.661458 0.899074 0.00729167 0.012963
0 0.611719 0.74537 0.0109375 0.0148148
0 0.517969 0.831019 0.0109375 0.0157407
0 0.605469 0.581481 0.00885417 0.0166667
0 0.615625 0.902315 0.00729167 0.012037
0 0.653906 0.359259 0.00885417 0.0203704
0 0.661719 0.818981 0.0078125 0.012037
0 0.565104 0.906018 0.00729167 0.0138889
0 0.614323 0.823611 0.00885417 0.012037
0 0.752604 0.740278 0.00729167 0.0138889
0 0.496615 0.475926 0.0213542 0.0277778
0 0.517187 0.909259 0.00729167 0.0148148
0 0.708333 0.817593 0.00729167 0.0111111
0 0.757292 0.893056 0.00729167 0.0138889
0 0.659115 0.74213 0.00989583 0.0138889
0 0.703125 0.663889 0.00729167 0.012963
0 0.708073 0.897222 0.00677083 0.0111111
0 0.70625 0.739352 0.00729167 0.012037
0 0.750781 0.67037 0.0078125 0.0148148
0 0.505729 0.482407 0.0197917 0.0259259
