0 0.683854 0.718982 0.00729167 0.012037
0 0.456771 0.976852 0.00833333 0.012963
0 0.776563 0.773148 0.0104167 0.0148148
0 0.616406 0.446296 0.00677083 0.012963
0 0.69349 0.871296 0.00572917 0.0148148
0 0.779948 0.846296 0.00885417 0.0148148
0 0.772917 0.44537 0.009375 0.0166667
0 0.72526 0.711574 0.0078125 0.0138889
0 0.730469 0.781018 0.00677083 0.0157407
0 0.777604 0.559259 0.00729167 0.012963
0 0.723958 0.558796 0.00625 0.012037
0 0.689583 0.793056 0.00625 0.0138889
0 0.475521 0.962037 0.00833333 0.012963
0 0.735937 0.852315 0.00729167 0.0175926
0 0.559635 0.453704 0.00677083 0.0111111
0 0.651823 0.891667 0.0078125 0.0203704
0 0.604167 0.913426 0.00729167 0.0157407
0 0.772396 0.704167 0.0145833 0.0194444
0 0.460938 0.673611 0.009375 0.0138889
0 0.720052 0.431944 0.00677083 0.0157407
0 0.62474 0.57037 0.00677083 0.012963
0 0.601823 0.741204 0.00885417 0.0138889
0 0.598698 0.828241 0.00677083 0.0138889
0 0.647135 0.800926 0.00885417 0.0166667
0 0.721354 0.636574 0.00833333 0.0138889
0 0.590365 0.658333 0.0078125 0.012963
0 0.521615 0.660648 0.0078125 0.0138889
0 0.673698 0.559259 0.0078125 0.0148148
0 0.670052 0.444907 0.00885417 0.0175926
0 0.759896 0.3125 0.009375 0.0175926
0 0.576042 0.569444 0.00729167 0.012963
0 0.676823 0.639352 0.00989583 0.0175926
0 0.639063 0.656944 0.0125 0.0194444
0 0.527604 0.750926 0.009375 0.0148148
0 0.715104 0.323611 0.009375 0.0194444
0 0.470313 0.869444 0.0114583 0.0148148
0 0.554427 0.347685 0.00885417 0.0157407
0 0.536198 0.848611 0.00989583 0.0157407
0 0.609635 0.336574 0.00885417 0.0157407
0 0.66224 0.328704 0.00989583 0.0203704
0 0.54375 0.949074 0.0114583 0.0166667
0 0.495573 0.35787 0.0078125 0.0138889
0 0.502865 0.461574 0.00885417 0.0175926
0 0.466146 0.769907 0.0125 0.0175926
0 0.452344 0.573148 0.00885417 0.0148148
0 0.434375 0.374074 0.00833333 0.0148148
0 0.441927 0.471296 0.00989583 0.0185185
0 0.513802 0.560648 0.00885417 0.0175926
