0 0.648177 0.369907 0.0078125 0.0101852
0 0.754687 0.286111 0.00729167 0.0111111
0 0.473698 0.25463 0.00572917 0.0111111
0 0.740885 0.742593 0.0078125 0.0111111
0 0.69349 0.825 0.00677083 0.0111111
0 0.474219 0.35463 0.0078125 0.0111111
0 0.646354 0.825926 0.00729167 0.0111111
0 0.531771 0.256944 0.00625 0.0101852
0 0.75 0.483796 0.00833333 0.012037
0 0.417969 0.254167 0.0078125 0.0101852
0 0.59349 0.56713 0.00885417 0.0157407
0 0.590885 0.362037 0.0078125 0.0111111
0 0.757552 0.381019 0.00885417 0.012037
0 0.591667 0.264815 0.00833333 0.0111111
0 0.598958 0.826852 0.00729167 0.0111111
0 0.417969 0.559259 0.00572917 0.0111111
0 0.422135 0.766667 0.0078125 0.0111111
0 0.544792 0.85 0.00729167 0.0111111
0 0.415625 0.351389 0.00625 0.0101852
0 0.480208 0.770833 0.00833333 0.012037
0 0.415885 0.455556 0.00677083 0.0111111
0 0.41875 0.663889 0.00625 0.0111111
0 0.740104 0.828704 0.009375 0.012963
