0 0.664062 0.968056 0.00625 0.0101852
0 0.545833 0.968982 0.00729167 0.012037
0 0.610156 0.755093 0.00677083 0.0101852
0 0.605729 0.969444 0.00729167 0.0111111
0 0.486979 0.969907 0.00625 0.0101852
0 0.668229 0.655556 0.00625 0.0111111
0 0.492188 0.858333 0.00625 0.0111111
0 0.672656 0.545833 0.00677083 0.012037
0 0.548698 0.855556 0.0078125 0.012963
0 0.665365 0.859722 0.00677083 0.012037
0 0.61224 0.650926 0.0078125 0.012963
0 0.614583 0.545833 0.00625 0.012037
0 0.608073 0.85787 0.0078125 0.012037
0 0.555208 0.546759 0.00729167 0.012037
0 0.501042 0.656018 0.00625 0.012037
0 0.68125 0.323148 0.00729167 0.0111111
0 0.742708 0.322222 0.00729167 0.0111111
0 0.497917 0.756481 0.00625 0.0111111
0 0.428646 0.969907 0.00729167 0.012037
0 0.742188 0.423611 0.00833333 0.012037
0 0.55599 0.655556 0.00677083 0.012963
0 0.731771 0.548148 0.00729167 0.012963
0 0.496094 0.543519 0.00677083 0.0111111
0 0.558073 0.322222 0.0078125 0.0111111
0 0.779948 0.656018 0.00677083 0.0101852
0 0.620052 0.323148 0.0078125 0.0111111
0 0.78099 0.97037 0.0078125 0.012963
0 0.679948 0.427315 0.0078125 0.012037
0 0.723698 0.656944 0.00677083 0.012037
0 0.722656 0.968982 0.0078125 0.0138889
0 0.553906 0.427778 0.0078125 0.0111111
0 0.791406 0.547685 0.0078125 0.012037
0 0.49349 0.424537 0.0078125 0.012037
0 0.497656 0.321759 0.00677083 0.0101852
0 0.617188 0.427315 0.00729167 0.012037
0 0.433073 0.859722 0.00677083 0.012037
0 0.43724 0.542593 0.00677083 0.012963
0 0.779948 0.85787 0.0078125 0.012037
0 0.438542 0.756481 0.00625 0.012963
0 0.553125 0.756019 0.00729167 0.0138889
0 0.778646 0.755093 0.00833333 0.012037
0 0.44349 0.655556 0.0078125 0.0148148
0 0.802604 0.323611 0.00729167 0.012037
0 0.43776 0.326389 0.00677083 0.012037
0 0.723958 0.756481 0.00729167 0.012963
0 0.723177 0.859259 0.00885417 0.0148148
0 0.432552 0.427315 0.0078125 0.0138889
0 0.804688 0.429167 0.0135417 0.0212963
