0 0.403125 0.660648 0.009375 0.0157407
0 0.558594 0.618056 0.00677083 0.012037
0 0.645573 0.558796 0.00677083 0.012037
0 0.400521 0.516667 0.00833333 0.0148148
0 0.392188 0.309259 0.00833333 0.0166667
0 0.333333 0.798148 0.00833333 0.012963
0 0.646875 0.695833 0.00729167 0.0138889
0 0.335677 0.708796 0.0109375 0.0138889
0 0.451823 0.318056 0.00677083 0.012037
0 0.645052 0.768519 0.0078125 0.0148148
0 0.332552 0.202315 0.0078125 0.012037
0 0.663021 0.369444 0.009375 0.0148148
0 0.338281 0.50787 0.00885417 0.0138889
0 0.400781 0.708333 0.00885417 0.0185185
0 0.607292 0.468519 0.00625 0.0111111
0 0.393229 0.204167 0.00729167 0.0138889
0 0.339844 0.607407 0.0130208 0.0166667
0 0.599219 0.621759 0.0078125 0.012037
0 0.614583 0.235648 0.009375 0.0194444
0 0.659896 0.484259 0.00729167 0.012963
0 0.508073 0.325463 0.00677083 0.0138889
0 0.47474 0.616667 0.00885417 0.012963
0 0.558594 0.691667 0.00677083 0.012963
0 0.460156 0.437963 0.00677083 0.012963
0 0.3375 0.408796 0.00729167 0.0157407
0 0.333854 0.305556 0.009375 0.0185185
0 0.557292 0.77037 0.00729167 0.0148148
0 0.657552 0.235648 0.0078125 0.0157407
0 0.508333 0.453704 0.00729167 0.012963
0 0.467708 0.530556 0.00729167 0.012963
0 0.609896 0.343519 0.00729167 0.0148148
0 0.452344 0.2125 0.0078125 0.0175926
0 0.60026 0.548148 0.00885417 0.012963
0 0.557292 0.455093 0.00729167 0.0138889
0 0.465365 0.701389 0.00677083 0.0157407
0 0.600521 0.693519 0.00833333 0.0166667
0 0.507552 0.216204 0.0078125 0.0157407
0 0.397656 0.4125 0.00989583 0.0194444
0 0.404687 0.80463 0.009375 0.0185185
0 0.515104 0.545833 0.0125 0.0212963
0 0.553906 0.536574 0.00885417 0.0157407
0 0.561198 0.341204 0.00885417 0.0194444
0 0.515885 0.688426 0.00885417 0.0194444
0 0.560677 0.222222 0.0109375 0.0203704
0 0.465625 0.788889 0.00729167 0.0203704
0 0.515365 0.780093 0.00989583 0.0231481
0 0.647656 0.626389 0.0130208 0.0212963
0 0.601302 0.762963 0.00989583 0.0203704
