0 0.561979 0.833333 0.00833333 0.0111111
0 0.559896 0.75463 0.00729167 0.0111111
0 0.514844 0.84537 0.00989583 0.0148148
0 0.509115 0.688889 0.0078125 0.0111111
0 0.515365 0.923611 0.0078125 0.0138889
0 0.552344 0.591667 0.0078125 0.0111111
0 0.51224 0.773148 0.00885417 0.012963
0 0.490104 0.377315 0.00729167 0.0138889
0 0.460677 0.70463 0.0078125 0.012963
0 0.705469 0.884722 0.0078125 0.012037
0 0.465104 0.935185 0.00729167 0.012963
0 0.752865 0.794444 0.0078125 0.012963
0 0.558073 0.677778 0.00885417 0.012963
0 0.613021 0.904167 0.00833333 0.012037
0 0.613021 0.824537 0.009375 0.012037
0 0.607031 0.665741 0.00885417 0.012963
0 0.434375 0.386574 0.00729167 0.0138889
0 0.659375 0.893056 0.00729167 0.012037
0 0.497396 0.596759 0.00729167 0.012037
0 0.659896 0.813426 0.00833333 0.012037
0 0.464844 0.857407 0.00885417 0.0148148
0 0.70651 0.805093 0.0078125 0.012037
0 0.753906 0.873148 0.00885417 0.012963
0 0.563281 0.913889 0.00885417 0.012963
0 0.659896 0.470833 0.00833333 0.0157407
0 0.46276 0.781944 0.0078125 0.0138889
0 0.658333 0.571759 0.00833333 0.0138889
0 0.447656 0.608333 0.0119792 0.0203704
0 0.602604 0.476852 0.0104167 0.0166667
0 0.704687 0.728241 0.00729167 0.012037
0 0.75599 0.561111 0.0078125 0.0148148
0 0.752604 0.720833 0.00833333 0.0138889
0 0.546094 0.487037 0.0151042 0.0203704
0 0.610417 0.748611 0.0104167 0.0138889
0 0.702865 0.65 0.0078125 0.012963
0 0.545833 0.371296 0.00833333 0.0166667
0 0.708333 0.563426 0.00729167 0.012037
0 0.65625 0.657407 0.0114583 0.0148148
0 0.605729 0.583796 0.00833333 0.0157407
0 0.76276 0.336574 0.00885417 0.0175926
0 0.658854 0.736574 0.0104167 0.0138889
0 0.488281 0.490741 0.0182292 0.0240741
0 0.710156 0.344444 0.00885417 0.0203704
0 0.601042 0.360185 0.0114583 0.0222222
0 0.75026 0.650926 0.00885417 0.0166667
0 0.656771 0.354167 0.00833333 0.0175926
0 0.713021 0.451389 0.0135417 0.025
0 0.434375 0.497685 0.0135417 0.025
0 0.765885 0.443981 0.00989583 0.0212963
