0 0.376631 0.018559 0.006212 0.010378
0 0.362040 0.115620 0.005853 0.014400
0 0.347068 0.213463 0.006227 0.013734
0 0.333464 0.316711 0.006861 0.014862
0 0.321583 0.415490 0.005837 0.011044
0 0.307604 0.517612 0.005204 0.009917
0 0.297415 0.619556 0.006846 0.011505
0 0.434226 0.036787 0.006342 0.011275
0 0.418417 0.138549 0.006082 0.009481
0 0.405275 0.236751 0.003315 0.009890
0 0.391858 0.340564 0.004065 0.008558
0 0.377837 0.437408 0.003805 0.006765
0 0.364730 0.542796 0.005204 0.009917
0 0.351335 0.640882 0.007466 0.009277
0 0.489238 0.085862 0.005318 0.007458
0 0.476695 0.176211 0.005448 0.008353
0 0.465153 0.268931 0.004325 0.010352
0 0.451269 0.362969 0.004829 0.010582
0 0.440851 0.459070 0.005204 0.009917
0 0.427910 0.554018 0.005578 0.009250
0 0.415807 0.645047 0.004829 0.010582
0 0.540677 0.128044 0.006197 0.007023
0 0.587952 0.152545 0.006472 0.012171
0 0.635820 0.171102 0.007611 0.013530
0 0.684242 0.193259 0.005334 0.010813
0 0.530922 0.215845 0.006602 0.013068
0 0.577644 0.236745 0.005448 0.008353
0 0.624178 0.257083 0.005967 0.011940
0 0.674055 0.278472 0.005334 0.010813
0 0.519280 0.301825 0.003430 0.007430
0 0.507372 0.391509 0.002552 0.007866
0 0.496998 0.476158 0.003186 0.008993
0 0.486047 0.562934 0.002926 0.007200
0 0.473447 0.651822 0.004699 0.009686
0 0.566384 0.321945 0.011661 0.018733
0 0.554735 0.409835 0.004699 0.009686
0 0.615260 0.340964 0.008245 0.014658
0 0.661787 0.363210 0.006472 0.012171
0 0.602667 0.427944 0.004959 0.011479
0 0.651341 0.450216 0.004195 0.009455
0 0.543792 0.494702 0.005952 0.008584
0 0.592416 0.513605 0.006846 0.011506
0 0.642870 0.532868 0.008115 0.013761
0 0.532020 0.581580 0.003560 0.008327
0 0.519240 0.667996 0.006472 0.012171
0 0.581336 0.601277 0.005837 0.011044
0 0.569629 0.687707 0.005593 0.012607
0 0.632344 0.624140 0.004959 0.011479
0 0.619312 0.710441 0.005578 0.009250
