0 0.478906 0.544907 0.00572917 0.0101852
0 0.597396 0.647222 0.00625 0.0111111
0 0.541927 0.552778 0.00677083 0.0111111
0 0.69349 0.581944 0.00677083 0.012037
0 0.691146 0.75 0.00729167 0.0111111
0 0.646354 0.571296 0.00625 0.0111111
0 0.642969 0.741204 0.00677083 0.012037
0 0.480469 0.439815 0.00677083 0.0111111
0 0.422917 0.231481 0.00729167 0.0111111
0 0.596615 0.732407 0.00677083 0.0111111
0 0.596354 0.561574 0.00729167 0.012037
0 0.649479 0.480093 0.00729167 0.012037
0 0.48151 0.2375 0.00677083 0.012037
0 0.417448 0.739352 0.00572917 0.0101852
0 0.479688 0.3375 0.00729167 0.012037
0 0.689583 0.832407 0.00729167 0.0111111
0 0.736719 0.756481 0.0078125 0.012963
0 0.655208 0.276852 0.00729167 0.0111111
0 0.596094 0.468519 0.00677083 0.0111111
0 0.540365 0.837963 0.0078125 0.0111111
0 0.420573 0.326852 0.00677083 0.0111111
0 0.539062 0.249074 0.00729167 0.0111111
0 0.419271 0.535185 0.00625 0.0111111
0 0.700781 0.49213 0.0078125 0.012037
0 0.594271 0.822222 0.00729167 0.0111111
0 0.739323 0.588426 0.00677083 0.012037
0 0.477344 0.750463 0.00885417 0.012037
0 0.419271 0.430556 0.00625 0.0111111
0 0.416927 0.638426 0.00677083 0.012037
0 0.642969 0.828241 0.0078125 0.012037
0 0.654427 0.373611 0.0078125 0.012037
0 0.597135 0.360185 0.0078125 0.012963
0 0.709635 0.387963 0.0078125 0.0111111
0 0.7625 0.306944 0.00729167 0.012037
0 0.736198 0.672685 0.0078125 0.0138889
0 0.751302 0.502315 0.0078125 0.012037
0 0.709896 0.291667 0.00729167 0.0111111
0 0.735417 0.842593 0.00833333 0.012963
0 0.599479 0.261574 0.0104167 0.0138889
0 0.76224 0.400926 0.0078125 0.012963
