0 0.510156 0.75 0.0078125 0.0111111
0 0.557552 0.743981 0.0078125 0.0101852
0 0.749479 0.901389 0.00833333 0.0138889
0 0.661198 0.479167 0.0078125 0.0138889
0 0.701823 0.902778 0.0078125 0.012963
0 0.559115 0.822685 0.00885417 0.012037
0 0.495833 0.350926 0.00729167 0.0148148
0 0.557813 0.902778 0.00833333 0.012963
0 0.461458 0.902778 0.00833333 0.012963
0 0.460156 0.748611 0.0078125 0.012037
0 0.60651 0.6625 0.00885417 0.012037
0 0.438802 0.347222 0.0078125 0.012963
0 0.767448 0.366204 0.0078125 0.0157407
0 0.508854 0.665741 0.00729167 0.0111111
0 0.509635 0.900463 0.0078125 0.0138889
0 0.511198 0.821759 0.00989583 0.0138889
0 0.702865 0.745833 0.0078125 0.012037
0 0.609115 0.823148 0.00885417 0.0111111
0 0.653906 0.903241 0.0078125 0.012037
0 0.65651 0.822685 0.00885417 0.012037
0 0.553646 0.577315 0.00729167 0.012037
0 0.551042 0.35787 0.00833333 0.0157407
0 0.498437 0.57037 0.00729167 0.012963
0 0.459115 0.669444 0.0078125 0.012963
0 0.74974 0.750463 0.0078125 0.0138889
0 0.550781 0.470833 0.0119792 0.0194444
0 0.703125 0.823611 0.00833333 0.012037
0 0.608333 0.902778 0.00833333 0.012963
0 0.557552 0.665278 0.00885417 0.012037
0 0.709635 0.581944 0.00677083 0.012037
0 0.605208 0.356019 0.009375 0.0194444
0 0.701823 0.67037 0.0078125 0.012963
0 0.659115 0.57963 0.0078125 0.012963
0 0.748958 0.680556 0.009375 0.0166667
0 0.60651 0.580556 0.0078125 0.0148148
0 0.448698 0.572222 0.00989583 0.0185185
0 0.461458 0.823611 0.009375 0.0138889
0 0.749479 0.824537 0.00833333 0.0138889
0 0.607813 0.74537 0.0114583 0.0148148
0 0.65599 0.74537 0.0109375 0.012963
0 0.716406 0.3625 0.00885417 0.0194444
0 0.756771 0.591667 0.00729167 0.0166667
0 0.65599 0.666204 0.00989583 0.0138889
0 0.495052 0.462037 0.0161458 0.0259259
0 0.4375 0.45787 0.0114583 0.0212963
0 0.768229 0.475463 0.009375 0.0194444
0 0.604427 0.472685 0.00989583 0.0157407
0 0.661198 0.361111 0.0078125 0.0185185
0 0.715365 0.472222 0.0130208 0.0240741
