0 0.605729 0.472222 0.0125 0.0166667
0 0.663802 0.480093 0.00885417 0.0157407
0 0.701042 0.666667 0.00729167 0.012963
0 0.697135 0.900463 0.00885417 0.012037
0 0.553646 0.358333 0.009375 0.0148148
0 0.747656 0.747685 0.0078125 0.0138889
0 0.700521 0.743056 0.00729167 0.012037
0 0.709375 0.580556 0.00729167 0.012963
0 0.609115 0.355093 0.0109375 0.0194444
0 0.757292 0.587963 0.00729167 0.0148148
0 0.770573 0.362037 0.0078125 0.0148148
0 0.748438 0.676852 0.00833333 0.0166667
0 0.717448 0.47037 0.0130208 0.0240741
0 0.665104 0.360648 0.00833333 0.0175926
0 0.771615 0.468981 0.00885417 0.0194444
0 0.719271 0.359722 0.009375 0.0194444
0 0.745313 0.899074 0.00729167 0.012963
