0 0.627865 0.57037 0.00677083 0.012963
0 0.58125 0.821296 0.00729167 0.0148148
0 0.726302 0.57963 0.0078125 0.0148148
0 0.5875 0.650463 0.00833333 0.0138889
0 0.628906 0.443981 0.0078125 0.0138889
0 0.677083 0.569444 0.00729167 0.0148148
0 0.672917 0.806481 0.00625 0.012963
0 0.759375 0.875463 0.00833333 0.0157407
0 0.761458 0.804167 0.009375 0.0157407
0 0.716667 0.874074 0.00833333 0.0166667
0 0.715885 0.803704 0.00885417 0.0166667
0 0.580729 0.909722 0.00729167 0.0194444
0 0.671354 0.885648 0.00625 0.0138889
0 0.516927 0.731944 0.0078125 0.0138889
0 0.716146 0.655093 0.00833333 0.0138889
0 0.451042 0.839815 0.0125 0.0148148
0 0.451302 0.931481 0.00885417 0.012963
0 0.457812 0.640278 0.00729167 0.0138889
0 0.736719 0.343981 0.00989583 0.0194444
0 0.628646 0.89537 0.009375 0.0203704
0 0.630469 0.334259 0.0078125 0.0148148
0 0.778385 0.589815 0.0078125 0.0148148
0 0.78151 0.339352 0.0078125 0.0175926
0 0.51875 0.641204 0.00833333 0.0138889
0 0.457812 0.540278 0.00729167 0.0138889
0 0.630729 0.80463 0.0104167 0.0185185
0 0.732031 0.451389 0.0078125 0.0157407
0 0.51901 0.833333 0.0109375 0.0166667
0 0.518229 0.930556 0.0135417 0.0185185
0 0.782292 0.474074 0.009375 0.0166667
0 0.57474 0.333796 0.00885417 0.0157407
0 0.68125 0.453704 0.009375 0.0185185
0 0.684896 0.336111 0.0114583 0.0203704
0 0.455469 0.741204 0.0130208 0.0175926
0 0.516406 0.438426 0.0078125 0.0157407
0 0.763542 0.733333 0.0145833 0.0222222
0 0.517448 0.331481 0.00677083 0.012963
0 0.51901 0.538426 0.00989583 0.0175926
0 0.456771 0.334722 0.00625 0.0138889
0 0.633854 0.661574 0.0125 0.0194444
0 0.672917 0.650463 0.0104167 0.0194444
0 0.454948 0.435648 0.00989583 0.0194444
