0 0.647656 0.377778 0.00677083 0.0111111
0 0.752604 0.625463 0.00625 0.0101852
0 0.613021 0.655556 0.00833333 0.012963
0 0.791406 0.443056 0.0078125 0.012037
0 0.710677 0.725463 0.00885417 0.0138889
0 0.755729 0.718056 0.00729167 0.012037
0 0.676042 0.818981 0.009375 0.0157407
0 0.651042 0.285648 0.00625 0.012037
0 0.593229 0.364815 0.00833333 0.012963
0 0.617188 0.752315 0.00833333 0.0138889
0 0.603385 0.5625 0.0078125 0.0138889
0 0.667969 0.72963 0.00989583 0.0166667
0 0.596615 0.464352 0.0078125 0.012037
0 0.795313 0.528241 0.00729167 0.012037
0 0.759635 0.80787 0.0078125 0.0138889
0 0.798177 0.618981 0.0078125 0.012037
0 0.805208 0.715278 0.0104167 0.0157407
0 0.716667 0.818519 0.00833333 0.0148148
0 0.536719 0.265741 0.00677083 0.0111111
0 0.471354 0.379167 0.009375 0.0138889
0 0.553385 0.669444 0.00989583 0.0148148
0 0.473958 0.481019 0.00833333 0.012037
0 0.808073 0.803704 0.0078125 0.0148148
0 0.485938 0.783796 0.00625 0.012037
0 0.536198 0.369444 0.0078125 0.012963
0 0.560156 0.770833 0.0078125 0.012037
0 0.540885 0.46713 0.00677083 0.012037
0 0.480729 0.679167 0.00833333 0.0138889
0 0.545833 0.571296 0.00729167 0.012963
0 0.466406 0.281019 0.0078125 0.0138889
0 0.599479 0.272685 0.00729167 0.0138889
0 0.634635 0.841204 0.00885417 0.0138889
0 0.566667 0.869907 0.0125 0.0157407
0 0.473698 0.583796 0.0078125 0.0138889
0 0.492188 0.882407 0.0104167 0.0166667
