0 0.324101 0.819997 0.006735 0.011128
0 0.317178 0.719756 0.005783 0.012820
0 0.320486 0.604016 0.007865 0.013136
0 0.324728 0.491387 0.008430 0.014141
0 0.317175 0.388919 0.006215 0.011048
0 0.309903 0.286872 0.007777 0.011286
0 0.303403 0.179132 0.008385 0.013215
0 0.383200 0.815175 0.007211 0.010280
0 0.378287 0.713235 0.009338 0.011522
0 0.377501 0.593936 0.006868 0.013903
0 0.380728 0.481927 0.006170 0.010122
0 0.375666 0.382331 0.005649 0.010044
0 0.367267 0.278597 0.004000 0.007956
0 0.361309 0.171240 0.006735 0.011128
0 0.443634 0.805504 0.006647 0.009276
0 0.437896 0.702760 0.007211 0.010280
0 0.435703 0.581353 0.007479 0.015833
0 0.437180 0.471003 0.007256 0.011207
0 0.431169 0.373412 0.006824 0.012978
0 0.425070 0.273974 0.008296 0.011364
0 0.419555 0.159579 0.007256 0.011207
0 0.505579 0.794674 0.006170 0.010123
0 0.501139 0.691731 0.006304 0.012899
0 0.495469 0.574106 0.006170 0.010122
0 0.492565 0.470464 0.008340 0.012290
0 0.489290 0.364557 0.007598 0.007584
0 0.482819 0.262853 0.005738 0.011895
0 0.479039 0.151911 0.004520 0.008034
0 0.567205 0.788073 0.007732 0.010360
0 0.563219 0.683668 0.005649 0.010044
0 0.553849 0.565212 0.006691 0.010201
0 0.548995 0.459081 0.004000 0.007956
0 0.544533 0.355676 0.005040 0.008113
0 0.542169 0.252417 0.005084 0.009039
0 0.535581 0.142832 0.003434 0.006951
0 0.627572 0.777018 0.006170 0.010123
0 0.624912 0.678451 0.008385 0.013215
0 0.612096 0.553551 0.007479 0.015833
0 0.603417 0.449396 0.004222 0.012583
0 0.602113 0.346440 0.007434 0.014908
0 0.598993 0.243761 0.011256 0.019163
0 0.594760 0.134281 0.006779 0.012053
0 0.687035 0.768889 0.008861 0.012368
0 0.687414 0.662889 0.013902 0.020484
0 0.671624 0.546806 0.004654 0.010811
0 0.658986 0.441860 0.007256 0.011207
0 0.655934 0.340564 0.007821 0.012211
0 0.656728 0.237753 0.006735 0.011128
0 0.654438 0.125190 0.005827 0.013745
