0 0.706268 0.296235 0.008464 0.014317
0 0.650263 0.277082 0.008053 0.015046
0 0.595853 0.265094 0.008974 0.014496
0 0.542759 0.246017 0.011724 0.021572
0 0.486254 0.233767 0.009679 0.020855
0 0.433520 0.216231 0.009679 0.020855
0 0.382013 0.199598 0.008665 0.016134
0 0.369919 0.303891 0.009270 0.021584
0 0.368372 0.425563 0.008255 0.016863
0 0.367542 0.514456 0.009377 0.018130
0 0.359530 0.584317 0.008464 0.014317
0 0.352850 0.656532 0.007751 0.012321
0 0.342551 0.732668 0.007341 0.013050
0 0.420868 0.323160 0.015905 0.028275
0 0.473923 0.349773 0.009377 0.018130
0 0.530683 0.362113 0.011933 0.019025
0 0.584284 0.379008 0.017956 0.024628
0 0.640174 0.389627 0.019993 0.029708
0 0.695609 0.404334 0.013148 0.025563
0 0.673256 0.512581 0.012235 0.021751
0 0.624096 0.493939 0.006930 0.013779
0 0.569480 0.481406 0.007441 0.013959
0 0.517160 0.467320 0.008456 0.018680
0 0.466517 0.447686 0.008565 0.015225
0 0.416137 0.432863 0.006318 0.012692
0 0.652565 0.605839 0.007751 0.012321
0 0.643237 0.682789 0.006621 0.015417
0 0.635539 0.757006 0.009787 0.017400
0 0.626567 0.833136 0.009586 0.015583
0 0.604009 0.581746 0.007542 0.014867
0 0.556183 0.567818 0.010810 0.017758
0 0.508807 0.547443 0.008053 0.015046
0 0.460064 0.534608 0.012753 0.017566
0 0.414845 0.521122 0.007341 0.013050
0 0.406280 0.595980 0.006930 0.013779
0 0.397920 0.671381 0.006527 0.010145
0 0.390740 0.750498 0.008672 0.011770
0 0.437698 0.765065 0.009384 0.013766
0 0.442377 0.686959 0.009996 0.014854
0 0.452011 0.609645 0.011321 0.017938
0 0.481748 0.781917 0.007751 0.012321
0 0.490055 0.704610 0.007039 0.010324
0 0.498004 0.628121 0.011731 0.017208
0 0.548791 0.641671 0.006427 0.009237
0 0.538445 0.720623 0.008571 0.010862
0 0.531010 0.799651 0.006318 0.012692
0 0.595865 0.664773 0.009384 0.013766
0 0.583316 0.739649 0.012033 0.019934
0 0.579401 0.815664 0.009478 0.019038
