0 0.46901 0.258796 0.00885417 0.0194444
0 0.608333 0.527778 0.00625 0.0111111
0 0.657292 0.353704 0.00625 0.0111111
0 0.608073 0.354167 0.00677083 0.012037
0 0.563021 0.61713 0.00729167 0.012037
0 0.417708 0.705556 0.00729167 0.012963
0 0.371354 0.555093 0.009375 0.0157407
0 0.411198 0.248611 0.00989583 0.0175926
0 0.563802 0.7 0.0078125 0.012963
0 0.516406 0.705556 0.00677083 0.012963
0 0.608594 0.444444 0.00677083 0.0111111
0 0.657031 0.526852 0.0078125 0.0111111
0 0.563021 0.531944 0.00729167 0.012037
0 0.607552 0.615741 0.0078125 0.0111111
0 0.56276 0.45 0.00677083 0.0111111
0 0.371354 0.706019 0.00729167 0.012037
0 0.466146 0.547222 0.00729167 0.012963
0 0.609635 0.702315 0.00677083 0.012037
0 0.41901 0.624074 0.0078125 0.012963
0 0.417188 0.546759 0.00729167 0.0138889
0 0.563281 0.361574 0.00677083 0.012037
0 0.655208 0.443519 0.00729167 0.0111111
0 0.515365 0.365278 0.00677083 0.012037
0 0.563281 0.786574 0.00677083 0.0138889
0 0.466927 0.626852 0.0078125 0.012963
0 0.467969 0.710185 0.00677083 0.012963
0 0.657292 0.709722 0.00729167 0.012037
0 0.65625 0.78287 0.00833333 0.012037
0 0.460156 0.451852 0.00677083 0.012963
0 0.370052 0.778704 0.0078125 0.012963
0 0.514844 0.452315 0.0078125 0.0138889
0 0.655729 0.270833 0.00729167 0.0138889
0 0.516927 0.786574 0.00677083 0.0138889
0 0.466927 0.789815 0.00677083 0.0148148
0 0.417969 0.786111 0.0078125 0.012963
0 0.610937 0.786111 0.00729167 0.012963
0 0.516406 0.536111 0.0078125 0.0148148
0 0.513542 0.623148 0.00729167 0.012963
0 0.370573 0.631944 0.00885417 0.0175926
0 0.657552 0.617593 0.00989583 0.0148148
0 0.608594 0.26713 0.00677083 0.0138889
0 0.517708 0.274537 0.00833333 0.0157407
0 0.56224 0.266204 0.0078125 0.0157407
