0 0.733594 0.449074 0.00677083 0.0111111
0 0.634635 0.378241 0.00677083 0.0101852
0 0.760677 0.264815 0.00677083 0.0111111
0 0.770312 0.80787 0.009375 0.0157407
0 0.696875 0.544444 0.00625 0.0111111
0 0.740885 0.538889 0.00572917 0.0111111
0 0.716146 0.724537 0.00833333 0.0138889
0 0.670833 0.277315 0.00833333 0.012037
0 0.58099 0.3625 0.0078125 0.0138889
0 0.752604 0.624074 0.00729167 0.0111111
0 0.51901 0.264815 0.0078125 0.012963
0 0.789323 0.527315 0.0078125 0.012037
0 0.664323 0.64213 0.00677083 0.0138889
0 0.760417 0.718056 0.00729167 0.012037
0 0.588281 0.463889 0.00677083 0.0111111
0 0.45651 0.377315 0.00989583 0.0138889
0 0.708333 0.635185 0.00833333 0.012963
0 0.522396 0.368981 0.00833333 0.012037
0 0.60026 0.5625 0.0078125 0.012037
0 0.780729 0.441667 0.00833333 0.012963
0 0.632812 0.286574 0.00729167 0.012037
0 0.614583 0.65463 0.00833333 0.012963
0 0.496354 0.787037 0.00729167 0.0111111
0 0.817187 0.803241 0.009375 0.0157407
0 0.56875 0.77037 0.00729167 0.0111111
0 0.58099 0.273148 0.0078125 0.012963
0 0.797656 0.618056 0.00885417 0.012037
0 0.465104 0.478704 0.00833333 0.012963
0 0.62474 0.752778 0.00885417 0.0148148
0 0.809896 0.713426 0.0104167 0.0138889
0 0.484635 0.681944 0.00989583 0.0138889
0 0.448177 0.281019 0.0078125 0.0138889
0 0.555729 0.668519 0.0104167 0.012963
0 0.674479 0.730093 0.0104167 0.0175926
0 0.728125 0.81713 0.0104167 0.0175926
0 0.471875 0.586111 0.0104167 0.012963
0 0.532552 0.468056 0.00885417 0.0138889
0 0.54375 0.572222 0.00833333 0.0148148
0 0.647135 0.841667 0.00885417 0.0166667
0 0.580469 0.87037 0.0119792 0.0148148
0 0.507812 0.883333 0.0125 0.0166667
