0 0.723437 0.511574 0.00833333 0.0157407
0 0.726562 0.618519 0.00729167 0.012963
0 0.475521 0.471759 0.00729167 0.012037
0 0.54974 0.569907 0.0078125 0.0138889
0 0.615365 0.651852 0.0078125 0.012963
0 0.791146 0.697222 0.00833333 0.0148148
0 0.410156 0.394444 0.0078125 0.0111111
0 0.623698 0.75463 0.0078125 0.012963
0 0.638802 0.964352 0.00572917 0.0101852
0 0.735937 0.71713 0.00833333 0.0157407
0 0.688281 0.838426 0.00677083 0.012037
0 0.696875 0.943519 0.00625 0.0111111
0 0.415365 0.493519 0.0078125 0.012963
0 0.802865 0.798148 0.0078125 0.012963
0 0.560156 0.673148 0.0078125 0.0148148
0 0.630208 0.855093 0.00729167 0.012037
0 0.43151 0.605556 0.0078125 0.012963
0 0.754948 0.925463 0.00677083 0.012037
0 0.505469 0.693981 0.0078125 0.0138889
0 0.516146 0.894907 0.00729167 0.012037
0 0.489583 0.586574 0.00729167 0.0138889
0 0.814062 0.906018 0.00729167 0.0138889
0 0.745833 0.816667 0.0114583 0.0185185
0 0.566667 0.774074 0.00729167 0.012963
0 0.454167 0.812963 0.00729167 0.012963
0 0.511458 0.793519 0.00729167 0.012963
0 0.448438 0.711574 0.00833333 0.0157407
0 0.459115 0.916204 0.00885417 0.0138889
0 0.579687 0.984722 0.00833333 0.0138889
0 0.572396 0.874537 0.009375 0.0157407
