0 0.451562 0.399537 0.00833333 0.0157407
0 0.461458 0.510648 0.0125 0.0194444
0 0.728646 0.625463 0.00729167 0.0101852
0 0.552083 0.837963 0.00729167 0.0111111
0 0.735156 0.712037 0.00677083 0.0111111
0 0.794531 0.869444 0.0078125 0.012963
0 0.626042 0.48287 0.00729167 0.012037
0 0.596094 0.752778 0.0078125 0.0111111
0 0.678125 0.556019 0.00729167 0.012037
0 0.589063 0.672685 0.00729167 0.0138889
0 0.632031 0.57037 0.00677083 0.0111111
0 0.484375 0.685648 0.009375 0.0157407
0 0.724219 0.543981 0.0078125 0.012037
0 0.639583 0.652315 0.00729167 0.012037
0 0.716667 0.45463 0.00729167 0.012963
0 0.766406 0.44537 0.00677083 0.0111111
0 0.547656 0.759259 0.0078125 0.0148148
0 0.703125 0.892593 0.00729167 0.012963
0 0.672135 0.468981 0.00677083 0.012037
0 0.555208 0.418519 0.0114583 0.0203704
0 0.75 0.88287 0.00729167 0.012037
0 0.685417 0.638426 0.00833333 0.012037
0 0.510677 0.922222 0.0078125 0.012963
0 0.50599 0.847685 0.0078125 0.0138889
0 0.690625 0.724537 0.00833333 0.0138889
0 0.742969 0.798611 0.0078125 0.0138889
0 0.697396 0.806481 0.00729167 0.012963
0 0.577344 0.580556 0.0078125 0.0148148
0 0.602344 0.834259 0.0078125 0.012963
0 0.777865 0.616667 0.00885417 0.012963
0 0.790625 0.799074 0.00833333 0.012963
0 0.656771 0.900463 0.00729167 0.0138889
0 0.558854 0.918056 0.00729167 0.0138889
0 0.500521 0.775 0.009375 0.0166667
0 0.710677 0.368519 0.0078125 0.0148148
0 0.607552 0.914352 0.00677083 0.0138889
0 0.65026 0.818981 0.0078125 0.0138889
0 0.642969 0.739352 0.00989583 0.0138889
0 0.772135 0.534259 0.00989583 0.0148148
0 0.540625 0.683333 0.009375 0.0185185
0 0.665625 0.375463 0.00833333 0.0157407
0 0.784896 0.706944 0.0104167 0.0138889
0 0.757552 0.3625 0.0078125 0.0138889
0 0.514323 0.386111 0.00989583 0.0185185
0 0.621875 0.392593 0.00833333 0.0166667
