0 0.644792 0.626389 0.00625 0.0101852
0 0.359635 0.790741 0.00572917 0.00925926
0 0.645052 0.714352 0.00677083 0.0101852
0 0.392448 0.45 0.00572917 0.0111111
0 0.644792 0.540278 0.00625 0.0101852
0 0.358594 0.544907 0.0078125 0.0157407
0 0.446354 0.264352 0.00729167 0.0101852
0 0.596094 0.538889 0.0078125 0.0111111
0 0.64375 0.456019 0.00625 0.0101852
0 0.359115 0.624074 0.00885417 0.012963
0 0.64349 0.368056 0.00677083 0.0101852
0 0.343229 0.449074 0.00625 0.0111111
0 0.359115 0.706944 0.00572917 0.0101852
0 0.385156 0.343519 0.00677083 0.0111111
0 0.595833 0.79537 0.00729167 0.0111111
0 0.332292 0.347222 0.00729167 0.0111111
0 0.546094 0.283333 0.0078125 0.012963
0 0.595312 0.282407 0.00729167 0.012963
0 0.332031 0.250463 0.00677083 0.012037
0 0.386198 0.250463 0.0078125 0.012037
0 0.64349 0.281944 0.0078125 0.0138889
