0 0.66224 0.566667 0.00572917 0.0111111
0 0.639323 0.829167 0.00572917 0.0101852
0 0.789844 0.890278 0.00572917 0.0101852
0 0.591927 0.837963 0.00572917 0.0111111
0 0.648438 0.913889 0.00520833 0.0111111
0 0.742969 0.896759 0.00572917 0.0101852
0 0.600781 0.919444 0.00572917 0.0111111
0 0.554688 0.927315 0.00520833 0.0101852
0 0.501042 0.851389 0.00625 0.012037
0 0.630469 0.743056 0.00677083 0.012037
0 0.508854 0.934722 0.00625 0.0101852
0 0.700521 0.471759 0.00625 0.012037
0 0.49375 0.769907 0.00729167 0.0138889
0 0.544531 0.844907 0.00572917 0.0101852
0 0.583854 0.751389 0.00729167 0.012037
0 0.595833 0.404167 0.00833333 0.0138889
0 0.773698 0.718518 0.0078125 0.0111111
0 0.551042 0.483796 0.00729167 0.012037
0 0.708333 0.557407 0.00625 0.0111111
0 0.529167 0.676852 0.00729167 0.0148148
0 0.559115 0.577315 0.00677083 0.012037
0 0.765365 0.633333 0.00677083 0.012963
0 0.747917 0.462037 0.00729167 0.0111111
0 0.508854 0.588889 0.00729167 0.012963
0 0.757292 0.549537 0.00625 0.012037
0 0.538281 0.760185 0.0078125 0.012963
0 0.460938 0.59537 0.00729167 0.0148148
0 0.784375 0.80463 0.00833333 0.012963
0 0.491667 0.484722 0.00729167 0.012037
0 0.485417 0.686574 0.00729167 0.0157407
0 0.717188 0.640278 0.00833333 0.012037
0 0.542708 0.395833 0.00833333 0.012037
0 0.483073 0.391667 0.0078125 0.012963
0 0.439583 0.498148 0.00833333 0.0148148
0 0.645052 0.393981 0.00885417 0.0138889
0 0.692969 0.385648 0.0078125 0.0138889
0 0.429167 0.401852 0.00833333 0.0148148
0 0.739844 0.376852 0.0078125 0.0148148
