0 0.503906 0.456481 0.0151042 0.0203704
0 0.551823 0.739815 0.00677083 0.0111111
0 0.502604 0.746296 0.00833333 0.0111111
0 0.501302 0.565278 0.00677083 0.012037
0 0.549219 0.819907 0.00885417 0.0138889
0 0.604688 0.661574 0.00833333 0.012037
0 0.555208 0.664352 0.00833333 0.012037
0 0.555729 0.574074 0.00625 0.012963
0 0.50651 0.662963 0.0078125 0.0111111
0 0.597656 0.822222 0.0078125 0.0111111
0 0.452344 0.743981 0.0078125 0.012037
0 0.445573 0.897222 0.0078125 0.012963
0 0.454688 0.341667 0.00729167 0.0148148
0 0.457031 0.665278 0.0078125 0.012037
0 0.638802 0.903704 0.0078125 0.0111111
0 0.670313 0.479167 0.00729167 0.0138889
0 0.542448 0.900463 0.0078125 0.0138889
0 0.645312 0.822685 0.00833333 0.012037
0 0.685938 0.906018 0.00729167 0.012037
0 0.733073 0.906018 0.0078125 0.012037
0 0.510156 0.344907 0.0078125 0.0138889
0 0.696094 0.748611 0.00885417 0.012037
0 0.500521 0.818981 0.009375 0.0157407
0 0.601042 0.743981 0.0104167 0.0138889
0 0.592969 0.903241 0.0078125 0.0138889
0 0.649479 0.745833 0.0104167 0.0138889
0 0.565885 0.354167 0.00885417 0.0157407
0 0.690885 0.825463 0.0078125 0.012037
0 0.558854 0.469444 0.0125 0.0203704
0 0.49401 0.898148 0.0078125 0.012963
0 0.710938 0.584722 0.00625 0.012037
0 0.449479 0.819444 0.00833333 0.0148148
0 0.736719 0.828241 0.0078125 0.012037
0 0.620833 0.355093 0.009375 0.0212963
0 0.741146 0.753704 0.00833333 0.012963
0 0.779948 0.370833 0.0078125 0.0157407
0 0.729688 0.365278 0.00833333 0.0175926
0 0.69974 0.671759 0.0078125 0.0138889
0 0.660677 0.580556 0.0078125 0.012963
0 0.451302 0.565278 0.0109375 0.0194444
0 0.745052 0.684259 0.00885417 0.0148148
0 0.652865 0.667593 0.00989583 0.0148148
0 0.614323 0.472222 0.00989583 0.0166667
0 0.609635 0.579167 0.0078125 0.0138889
0 0.67474 0.3625 0.0078125 0.0175926
0 0.757552 0.59537 0.0078125 0.0166667
0 0.446615 0.453704 0.0119792 0.0203704
0 0.777604 0.476852 0.0104167 0.0203704
0 0.72474 0.472685 0.0130208 0.025
