0 0.746875 0.548611 0.00625 0.0101852
0 0.657552 0.381019 0.00677083 0.0101852
0 0.55 0.259259 0.00729167 0.012963
0 0.797656 0.54537 0.00677083 0.0111111
0 0.707031 0.732407 0.0078125 0.012963
0 0.751823 0.730093 0.00677083 0.0101852
0 0.751823 0.636574 0.00677083 0.0101852
0 0.70599 0.641667 0.00677083 0.0111111
0 0.66901 0.825 0.00885417 0.0166667
0 0.797135 0.460185 0.0078125 0.0111111
0 0.602083 0.462037 0.00833333 0.0111111
0 0.753385 0.819444 0.0078125 0.012963
0 0.661719 0.644907 0.00572917 0.012037
0 0.798698 0.636111 0.00885417 0.0111111
0 0.663281 0.290741 0.00677083 0.0111111
0 0.802344 0.730556 0.00989583 0.012963
0 0.800521 0.821296 0.00833333 0.012963
0 0.477604 0.468056 0.00833333 0.012037
0 0.605469 0.560185 0.0078125 0.0111111
0 0.546094 0.460185 0.00885417 0.012963
0 0.611458 0.653241 0.00833333 0.0138889
0 0.477865 0.364815 0.00989583 0.012963
0 0.61276 0.272222 0.0078125 0.012963
0 0.479167 0.268981 0.00833333 0.0138889
0 0.603906 0.360185 0.00989583 0.0148148
0 0.709896 0.826389 0.00833333 0.0157407
0 0.546615 0.3625 0.0078125 0.012037
0 0.552344 0.6625 0.0119792 0.0138889
0 0.626302 0.841667 0.0078125 0.0148148
0 0.478385 0.66713 0.00885417 0.012037
0 0.480729 0.77037 0.00729167 0.0111111
0 0.664583 0.734259 0.009375 0.0166667
0 0.476562 0.569444 0.0104167 0.012963
0 0.548437 0.564352 0.00833333 0.0138889
0 0.554948 0.766204 0.0078125 0.012037
0 0.61224 0.752315 0.00885417 0.0157407
0 0.482552 0.870833 0.0119792 0.0157407
0 0.557552 0.864352 0.0119792 0.0157407
