0 0.578646 0.442593 0.00625 0.0111111
0 0.671875 0.72963 0.00625 0.0111111
0 0.763021 0.665278 0.00625 0.012037
0 0.786719 0.475 0.00885417 0.0148148
0 0.51901 0.642593 0.0078125 0.012963
0 0.458594 0.643056 0.00677083 0.012037
0 0.66875 0.807407 0.00625 0.012963
0 0.515625 0.735185 0.00833333 0.012963
0 0.713802 0.731481 0.0078125 0.012963
0 0.715885 0.656482 0.0078125 0.012963
0 0.629427 0.571296 0.00677083 0.0111111
0 0.582292 0.561574 0.00625 0.012037
0 0.465365 0.336574 0.00677083 0.012037
0 0.633594 0.444907 0.00677083 0.012037
0 0.460677 0.54213 0.00677083 0.0138889
0 0.711198 0.802778 0.0078125 0.0166667
0 0.589323 0.738889 0.00885417 0.012963
0 0.447135 0.84213 0.0109375 0.0138889
0 0.727604 0.580093 0.00729167 0.012037
0 0.757292 0.802778 0.00729167 0.012963
0 0.779427 0.589815 0.00677083 0.012963
0 0.752604 0.876852 0.00833333 0.0148148
0 0.51276 0.8375 0.00885417 0.0157407
0 0.58776 0.652315 0.0078125 0.0138889
0 0.735937 0.452315 0.00729167 0.0138889
0 0.664323 0.885185 0.00677083 0.0148148
0 0.576823 0.824074 0.00677083 0.0148148
0 0.744271 0.342593 0.009375 0.0185185
0 0.678125 0.569907 0.00729167 0.0138889
0 0.788281 0.339815 0.0078125 0.0166667
0 0.454167 0.744907 0.0125 0.0157407
0 0.522917 0.439352 0.00833333 0.0138889
0 0.525 0.333796 0.00729167 0.0138889
0 0.573698 0.910648 0.0078125 0.0194444
0 0.685938 0.45463 0.00833333 0.0185185
0 0.638281 0.333796 0.0078125 0.0157407
0 0.510938 0.933333 0.0114583 0.0166667
0 0.627083 0.807407 0.009375 0.0185185
0 0.521615 0.540741 0.00885417 0.0166667
0 0.633594 0.663889 0.0119792 0.0185185
0 0.460677 0.437963 0.00989583 0.0185185
0 0.710417 0.874537 0.009375 0.0194444
0 0.622656 0.895833 0.00885417 0.0212963
0 0.583854 0.334722 0.00833333 0.0157407
0 0.672396 0.651389 0.0104167 0.0194444
0 0.691927 0.335185 0.0109375 0.0185185
0 0.761198 0.733333 0.0140625 0.0203704
