0 0.459115 0.903241 0.00885417 0.0138889
0 0.508854 0.750926 0.00729167 0.0111111
0 0.557552 0.742593 0.00677083 0.0111111
0 0.438281 0.457407 0.0130208 0.0240741
0 0.458594 0.749074 0.00677083 0.0111111
0 0.440365 0.346296 0.0078125 0.012963
0 0.44974 0.571759 0.0119792 0.0212963
0 0.555729 0.902315 0.00729167 0.012037
0 0.459635 0.825463 0.0078125 0.0138889
0 0.558073 0.822222 0.0078125 0.0111111
0 0.458854 0.670833 0.00625 0.012037
0 0.497135 0.348148 0.0078125 0.012963
0 0.508333 0.902778 0.00833333 0.0148148
0 0.511198 0.824074 0.0109375 0.0148148
0 0.498958 0.466667 0.0197917 0.0259259
0 0.508594 0.665741 0.00677083 0.0111111
0 0.499219 0.57037 0.00677083 0.012963
0 0.553906 0.577315 0.00677083 0.012037
0 0.60625 0.661574 0.00833333 0.012037
0 0.552083 0.356019 0.00833333 0.0138889
0 0.608073 0.822685 0.0078125 0.012037
0 0.557552 0.665278 0.00885417 0.0138889
0 0.60651 0.902315 0.0078125 0.012037
0 0.700781 0.901852 0.0078125 0.0111111
0 0.655729 0.821759 0.00833333 0.012037
0 0.550521 0.471296 0.0145833 0.0203704
0 0.66276 0.480093 0.00885417 0.0157407
0 0.654167 0.901852 0.00833333 0.012963
0 0.607292 0.744907 0.0114583 0.0138889
0 0.76849 0.362963 0.0078125 0.0148148
0 0.607031 0.580093 0.0078125 0.0157407
0 0.604688 0.471296 0.0114583 0.0166667
0 0.748698 0.9 0.0078125 0.012963
0 0.659115 0.578704 0.0078125 0.012963
0 0.701563 0.822685 0.00729167 0.0101852
0 0.607552 0.353704 0.00989583 0.0185185
0 0.655208 0.743981 0.009375 0.0138889
0 0.661719 0.360185 0.0078125 0.0185185
0 0.702344 0.74537 0.00677083 0.012963
0 0.701823 0.668519 0.0078125 0.012963
0 0.655208 0.665278 0.0104167 0.0157407
0 0.748958 0.823611 0.00729167 0.0138889
0 0.749219 0.748611 0.0078125 0.0138889
0 0.749219 0.678704 0.00885417 0.0166667
0 0.770052 0.469444 0.00885417 0.0203704
0 0.709635 0.581481 0.00677083 0.012963
0 0.717969 0.361574 0.00885417 0.0194444
0 0.757812 0.589352 0.00729167 0.0157407
0 0.716146 0.471296 0.0145833 0.0240741
