0 0.283665 0.130837 0.007266 0.008607
0 0.280517 0.219496 0.003876 0.008607
0 0.278093 0.316332 0.003876 0.009468
0 0.279063 0.415320 0.005814 0.009468
0 0.277367 0.510436 0.004360 0.008608
0 0.278093 0.604690 0.005814 0.009468
0 0.275671 0.698083 0.005814 0.006886
0 0.335504 0.128254 0.004360 0.010329
0 0.334778 0.221648 0.005814 0.007747
0 0.335504 0.317623 0.007266 0.006886
0 0.334778 0.415320 0.003876 0.007747
0 0.333568 0.511727 0.006299 0.004304
0 0.333083 0.608563 0.009205 0.008608
0 0.331872 0.702818 0.002907 0.006025
0 0.389040 0.131267 0.004845 0.007747
0 0.388798 0.223370 0.004360 0.004304
0 0.392432 0.323218 0.002907 0.004304
0 0.391947 0.415320 0.005814 0.007747
0 0.392673 0.503550 0.002422 0.005165
0 0.390977 0.588765 0.004845 0.006886
0 0.390494 0.680868 0.005814 0.010329
0 0.446452 0.135570 0.008236 0.009468
0 0.443302 0.228103 0.004845 0.008607
0 0.443786 0.327952 0.005814 0.010329
0 0.442818 0.416181 0.005814 0.011190
0 0.444756 0.495802 0.004845 0.010329
0 0.443786 0.573702 0.005814 0.011190
0 0.441849 0.659348 0.004845 0.010329
0 0.497080 0.143318 0.003876 0.011190
0 0.495869 0.232408 0.006299 0.008607
0 0.493203 0.332256 0.004845 0.006886
0 0.488844 0.418333 0.005814 0.010329
0 0.488844 0.494081 0.003876 0.006886
0 0.486422 0.574563 0.003876 0.007747
0 0.486906 0.657196 0.005814 0.006025
0 0.547951 0.148482 0.006783 0.006025
0 0.547951 0.236712 0.004845 0.008607
0 0.540199 0.336990 0.005814 0.007747
0 0.533900 0.420055 0.005814 0.006886
0 0.530267 0.496233 0.003392 0.007747
0 0.531721 0.578005 0.007267 0.009468
0 0.530752 0.654615 0.004360 0.009468
0 0.597126 0.154508 0.006299 0.007747
0 0.597368 0.241015 0.006783 0.008607
0 0.586467 0.338282 0.005330 0.010329
0 0.575808 0.419194 0.005330 0.008607
0 0.573144 0.497094 0.006783 0.011190
0 0.576536 0.576714 0.004845 0.008607
0 0.573144 0.658057 0.006783 0.009468
