0 0.554948 0.388889 0.00677083 0.0111111
0 0.576302 0.747685 0.00677083 0.012037
0 0.584115 0.916204 0.00572917 0.0101852
0 0.558854 0.477778 0.00625 0.0111111
0 0.580469 0.831481 0.00572917 0.0111111
0 0.615625 0.573611 0.00625 0.012037
0 0.770052 0.734259 0.00677083 0.0111111
0 0.48125 0.674074 0.00729167 0.0148148
0 0.776563 0.906018 0.00625 0.0101852
0 0.607813 0.403704 0.00729167 0.0111111
0 0.509896 0.576852 0.00625 0.0111111
0 0.530469 0.751389 0.00677083 0.012037
0 0.765365 0.647222 0.00677083 0.0111111
0 0.774219 0.821296 0.0078125 0.0111111
0 0.633594 0.914815 0.00572917 0.0111111
0 0.761719 0.563426 0.00677083 0.0101852
0 0.716146 0.649537 0.00729167 0.0101852
0 0.497917 0.472222 0.00625 0.0111111
0 0.488802 0.837963 0.00572917 0.0111111
0 0.538021 0.918981 0.00625 0.0101852
0 0.757812 0.474537 0.00625 0.012037
0 0.460938 0.580093 0.00729167 0.012037
0 0.484896 0.754167 0.00729167 0.012037
0 0.445052 0.47963 0.00677083 0.0111111
0 0.494531 0.378704 0.00677083 0.0111111
0 0.65625 0.399074 0.00729167 0.012963
0 0.440365 0.383333 0.00677083 0.0111111
0 0.704948 0.394444 0.00677083 0.012963
0 0.752604 0.389815 0.00729167 0.012963
