0 0.504948 0.815278 0.0109375 0.0157407
0 0.553385 0.817593 0.00885417 0.012963
0 0.49974 0.893981 0.00885417 0.0157407
0 0.607552 0.57963 0.00885417 0.0166667
0 0.598958 0.900926 0.00833333 0.012963
0 0.651563 0.746296 0.009375 0.0148148
0 0.602604 0.821759 0.00833333 0.012037
0 0.604167 0.744444 0.0125 0.0166667
0 0.649479 0.824074 0.00833333 0.012963
0 0.659115 0.582407 0.0078125 0.0148148
0 0.513802 0.464815 0.0213542 0.0277778
0 0.653646 0.668056 0.0104167 0.0157407
0 0.758073 0.600463 0.00677083 0.0157407
0 0.646094 0.903704 0.0078125 0.012963
0 0.691667 0.907407 0.009375 0.012963
0 0.710417 0.588426 0.00729167 0.0138889
0 0.698698 0.751852 0.0078125 0.0148148
0 0.746615 0.687963 0.00885417 0.0166667
0 0.70026 0.674537 0.00885417 0.0157407
0 0.696094 0.828704 0.0078125 0.012963
0 0.745573 0.758796 0.0078125 0.0138889
0 0.742969 0.83287 0.0078125 0.0138889
0 0.740885 0.910185 0.00885417 0.0148148
