0 0.748438 0.545833 0.00625 0.0101852
0 0.708073 0.283333 0.00677083 0.0111111
0 0.558854 0.261574 0.00833333 0.0138889
0 0.660677 0.380093 0.00677083 0.0101852
0 0.705729 0.72963 0.00833333 0.012963
0 0.79974 0.454167 0.0078125 0.012037
0 0.75026 0.726389 0.0078125 0.0101852
0 0.705469 0.639352 0.00677083 0.0101852
0 0.668229 0.288889 0.00625 0.0111111
0 0.604948 0.463426 0.0078125 0.012037
0 0.549479 0.365741 0.00833333 0.012963
0 0.661719 0.643519 0.00572917 0.0111111
0 0.608594 0.362963 0.00885417 0.0148148
0 0.749219 0.815278 0.00885417 0.0138889
0 0.751562 0.633333 0.00729167 0.0111111
0 0.60625 0.561111 0.00729167 0.0111111
0 0.799219 0.539815 0.0078125 0.0111111
0 0.478125 0.670833 0.0104167 0.0138889
0 0.548958 0.462963 0.00833333 0.012963
0 0.797917 0.631019 0.00833333 0.012037
0 0.485417 0.272222 0.00833333 0.0148148
0 0.54974 0.566204 0.00885417 0.0138889
0 0.61875 0.272222 0.00729167 0.012963
0 0.479688 0.47037 0.00833333 0.012963
0 0.797656 0.815741 0.00885417 0.012963
0 0.478125 0.775463 0.00729167 0.012037
0 0.610937 0.653241 0.00833333 0.0138889
0 0.79974 0.724537 0.0109375 0.0138889
0 0.551042 0.663426 0.0114583 0.0138889
0 0.482292 0.368981 0.009375 0.0138889
0 0.66276 0.73287 0.00989583 0.0157407
0 0.552344 0.767593 0.0078125 0.0111111
0 0.70599 0.824074 0.00989583 0.0166667
0 0.478646 0.574074 0.0104167 0.012963
0 0.622656 0.840741 0.0078125 0.0148148
0 0.610937 0.751852 0.009375 0.0148148
0 0.479167 0.874074 0.0114583 0.0166667
0 0.553906 0.866667 0.0119792 0.0166667
