0 0.728646 0.3625 0.0104167 0.0194444
0 0.767708 0.6875 0.00833333 0.0138889
0 0.68099 0.736111 0.00677083 0.0111111
0 0.464323 0.912037 0.0078125 0.012963
0 0.564844 0.437037 0.00677083 0.0111111
0 0.723177 0.745833 0.0078125 0.012037
0 0.720833 0.667593 0.00729167 0.012963
0 0.621615 0.444444 0.00677083 0.012963
0 0.725781 0.593982 0.00677083 0.012037
0 0.519531 0.627778 0.0078125 0.0148148
0 0.626302 0.572685 0.00677083 0.012037
0 0.771875 0.822222 0.00833333 0.0148148
0 0.523177 0.719907 0.0078125 0.0138889
0 0.459115 0.620833 0.00885417 0.0138889
0 0.577865 0.556019 0.00677083 0.012037
0 0.778385 0.610185 0.00677083 0.012963
0 0.683854 0.813889 0.00625 0.012963
0 0.772396 0.89537 0.00729167 0.012963
0 0.463281 0.719907 0.0119792 0.0175926
0 0.589323 0.649074 0.0078125 0.012963
0 0.778385 0.496296 0.00885417 0.0166667
0 0.442708 0.315741 0.00729167 0.0148148
0 0.726302 0.818519 0.0078125 0.0148148
0 0.453646 0.52037 0.00729167 0.012963
0 0.725521 0.468519 0.00729167 0.0148148
0 0.503646 0.318056 0.00729167 0.0138889
0 0.4625 0.822222 0.0104167 0.0148148
0 0.598177 0.733796 0.00885417 0.0138889
0 0.675521 0.578241 0.00729167 0.0138889
0 0.768229 0.3625 0.00729167 0.0157407
0 0.636198 0.666667 0.0119792 0.0185185
0 0.685156 0.891667 0.00677083 0.0148148
0 0.534375 0.921296 0.0114583 0.0166667
0 0.507031 0.426852 0.00885417 0.0148148
0 0.591927 0.819444 0.0078125 0.0148148
0 0.617708 0.335648 0.00729167 0.0138889
0 0.561979 0.327778 0.00833333 0.0148148
0 0.446094 0.415741 0.00885417 0.0166667
0 0.675521 0.659722 0.009375 0.0157407
0 0.529167 0.823611 0.009375 0.0157407
0 0.595833 0.906482 0.00729167 0.0185185
0 0.729167 0.889352 0.00833333 0.0175926
0 0.514844 0.525926 0.00989583 0.0185185
0 0.675 0.463889 0.00729167 0.0185185
0 0.641406 0.80787 0.00885417 0.0194444
0 0.643229 0.898611 0.00833333 0.0212963
0 0.770573 0.752778 0.0130208 0.0203704
0 0.671875 0.34537 0.0104167 0.0203704
