0 0.478906 0.459259 0.00677083 0.0111111
0 0.486979 0.5625 0.00625 0.0101852
0 0.665625 0.665741 0.00520833 0.0111111
0 0.563542 0.725463 0.00520833 0.0101852
0 0.547656 0.535648 0.00572917 0.012037
0 0.534115 0.348611 0.00677083 0.0101852
0 0.591927 0.340741 0.00572917 0.0111111
0 0.470313 0.362037 0.00729167 0.0111111
0 0.625 0.774537 0.00625 0.012037
0 0.583333 0.250926 0.00729167 0.0111111
0 0.751823 0.451852 0.00572917 0.0111111
0 0.640625 0.321759 0.00625 0.012037
0 0.453906 0.889352 0.0078125 0.012037
0 0.570052 0.817593 0.00572917 0.0111111
0 0.660156 0.577778 0.00677083 0.0111111
0 0.652865 0.493056 0.0078125 0.0138889
0 0.502344 0.76713 0.00572917 0.012037
0 0.632292 0.2375 0.00833333 0.0138889
0 0.716406 0.643519 0.00677083 0.012963
0 0.44401 0.789815 0.00677083 0.0111111
0 0.767969 0.623148 0.00677083 0.012963
0 0.555469 0.630093 0.00677083 0.012037
0 0.465365 0.25787 0.0078125 0.012037
0 0.688021 0.300463 0.00729167 0.012037
0 0.772917 0.709259 0.00729167 0.012963
0 0.701302 0.47037 0.00677083 0.012963
0 0.435677 0.687037 0.00677083 0.0111111
0 0.722135 0.730093 0.0078125 0.0138889
0 0.420573 0.486574 0.00677083 0.012037
0 0.672135 0.751852 0.00677083 0.012963
0 0.73125 0.19537 0.00729167 0.012963
0 0.427344 0.590278 0.00677083 0.0138889
0 0.408594 0.288889 0.0078125 0.0111111
0 0.414844 0.387963 0.00677083 0.0111111
0 0.710156 0.556944 0.0078125 0.012037
0 0.696615 0.383333 0.00989583 0.0166667
0 0.738021 0.281019 0.00729167 0.0138889
0 0.745313 0.366204 0.00729167 0.0138889
0 0.647396 0.405093 0.0104167 0.0157407
0 0.681771 0.215278 0.009375 0.0157407
0 0.760417 0.534259 0.00729167 0.0148148
