0 0.764583 0.398611 0.00625 0.012037
0 0.765885 0.223611 0.00677083 0.0138889
0 0.552604 0.806019 0.00625 0.012037
0 0.716667 0.230093 0.00625 0.012037
0 0.554688 0.711111 0.00520833 0.0111111
0 0.763802 0.483796 0.00572917 0.012037
0 0.765104 0.309722 0.00625 0.012037
0 0.715104 0.31713 0.00625 0.012037
0 0.433073 0.849074 0.00572917 0.0111111
0 0.503385 0.217593 0.00677083 0.0111111
0 0.710156 0.669444 0.00572917 0.0111111
0 0.434635 0.639815 0.00572917 0.0111111
0 0.715104 0.403241 0.00729167 0.0138889
0 0.7625 0.660185 0.00625 0.0111111
0 0.432552 0.746296 0.00572917 0.0111111
0 0.438542 0.434722 0.00520833 0.012037
0 0.759896 0.750463 0.00520833 0.0101852
0 0.435937 0.540741 0.00625 0.012963
0 0.708594 0.757407 0.00572917 0.0111111
0 0.444792 0.23287 0.00625 0.012037
0 0.441406 0.333333 0.00572917 0.012963
