0 0.551562 0.636574 0.00625 0.0101852
0 0.379167 0.739352 0.00625 0.0101852
0 0.382292 0.6375 0.00625 0.012037
0 0.553646 0.849074 0.00625 0.0111111
0 0.495833 0.85 0.00625 0.0111111
0 0.54974 0.533796 0.00677083 0.012037
0 0.552865 0.203241 0.00677083 0.0101852
0 0.492969 0.425463 0.00677083 0.012037
0 0.495052 0.738426 0.00677083 0.0101852
0 0.43776 0.533796 0.00677083 0.012037
0 0.434115 0.426389 0.00677083 0.012037
0 0.491667 0.203241 0.00729167 0.0101852
0 0.429688 0.203241 0.00729167 0.0101852
0 0.551042 0.426389 0.00729167 0.012037
0 0.369531 0.203241 0.00677083 0.0101852
0 0.377344 0.848148 0.00677083 0.0111111
0 0.49349 0.530093 0.0078125 0.012037
0 0.552865 0.740278 0.00677083 0.012037
0 0.613542 0.203704 0.00729167 0.0111111
0 0.373177 0.422685 0.00677083 0.012037
0 0.438021 0.634722 0.00729167 0.012037
0 0.554427 0.306944 0.0078125 0.012037
0 0.367708 0.305556 0.00729167 0.0111111
0 0.382292 0.535648 0.00729167 0.012037
0 0.492708 0.306944 0.00729167 0.012037
0 0.322917 0.637037 0.00625 0.0111111
0 0.616406 0.30463 0.00885417 0.012963
0 0.428906 0.306944 0.0078125 0.012037
0 0.669792 0.426852 0.00729167 0.0111111
0 0.609896 0.428241 0.00729167 0.012037
0 0.605208 0.535185 0.00625 0.012963
0 0.436979 0.737037 0.00833333 0.012963
0 0.315104 0.423611 0.00729167 0.012037
0 0.673177 0.203241 0.0078125 0.012037
0 0.609375 0.635648 0.00729167 0.0138889
0 0.661719 0.534259 0.00677083 0.012963
0 0.66901 0.737963 0.0078125 0.012963
0 0.435937 0.850463 0.00833333 0.012037
0 0.308594 0.208796 0.0078125 0.012037
0 0.61276 0.848611 0.0078125 0.0138889
0 0.32526 0.536574 0.0078125 0.0138889
0 0.319792 0.850463 0.00833333 0.012037
0 0.664323 0.633796 0.00885417 0.0138889
0 0.321615 0.739815 0.00885417 0.012963
0 0.307031 0.306944 0.0078125 0.0138889
0 0.671094 0.848148 0.0078125 0.012963
0 0.678646 0.308333 0.0135417 0.0203704
0 0.611979 0.737963 0.0104167 0.0185185
