0 0.585417 0.963889 0.00520833 0.00925926
0 0.603906 0.750463 0.0078125 0.012037
0 0.525521 0.946759 0.00625 0.0101852
0 0.701563 0.993981 0.00833333 0.012037
0 0.479427 0.821296 0.00677083 0.0111111
0 0.665625 0.668519 0.00625 0.012963
0 0.636979 0.322685 0.00729167 0.0101852
0 0.46901 0.929167 0.00677083 0.0101852
0 0.776823 0.699537 0.0078125 0.012037
0 0.610677 0.649074 0.00677083 0.012963
0 0.650781 0.872222 0.0078125 0.012963
0 0.594792 0.854167 0.00729167 0.0138889
0 0.490625 0.721296 0.00625 0.012963
0 0.676302 0.561111 0.00677083 0.012963
0 0.764323 0.902778 0.00885417 0.012963
0 0.515885 0.288426 0.0078125 0.0101852
0 0.554427 0.636111 0.0078125 0.0148148
0 0.61849 0.543981 0.00677083 0.0138889
0 0.575781 0.30463 0.0078125 0.0111111
0 0.410417 0.913426 0.00833333 0.012037
0 0.715625 0.784259 0.00833333 0.0148148
0 0.690104 0.443981 0.00729167 0.012037
0 0.794271 0.594444 0.00729167 0.012963
0 0.565365 0.408796 0.0078125 0.012037
0 0.560156 0.528241 0.00677083 0.0138889
0 0.535417 0.8375 0.00833333 0.0138889
0 0.628385 0.427315 0.00677083 0.0138889
0 0.49974 0.621296 0.0078125 0.012963
0 0.770052 0.799537 0.00885417 0.0138889
0 0.697396 0.339815 0.00833333 0.0111111
0 0.545833 0.735648 0.00729167 0.0138889
0 0.758594 0.356944 0.0078125 0.0101852
0 0.50026 0.506481 0.0078125 0.012963
0 0.720833 0.683333 0.00729167 0.0148148
0 0.455469 0.275926 0.00885417 0.012963
0 0.505469 0.388889 0.0078125 0.012963
0 0.420833 0.806944 0.009375 0.0138889
0 0.442708 0.60463 0.00833333 0.0148148
0 0.817708 0.373611 0.00833333 0.012037
0 0.734896 0.57963 0.00833333 0.0166667
0 0.442969 0.490741 0.0078125 0.0148148
0 0.751042 0.458796 0.009375 0.0157407
0 0.432292 0.706019 0.00729167 0.0138889
0 0.709896 0.888889 0.0114583 0.0185185
0 0.445052 0.373148 0.00885417 0.0148148
0 0.813542 0.480093 0.0135417 0.0212963
