0 0.566927 0.760185 0.0078125 0.0111111
0 0.71901 0.876389 0.0078125 0.012037
0 0.575 0.837963 0.009375 0.012963
0 0.594531 0.480093 0.0109375 0.0157407
0 0.485938 0.5 0.0177083 0.0240741
0 0.513281 0.696296 0.0078125 0.012963
0 0.478646 0.388426 0.00833333 0.0157407
0 0.651302 0.470833 0.00885417 0.0175926
0 0.520052 0.779167 0.00885417 0.0138889
0 0.48125 0.944907 0.00833333 0.0138889
0 0.530208 0.931944 0.00833333 0.0138889
0 0.470833 0.793519 0.00833333 0.012963
0 0.716146 0.797222 0.00729167 0.0111111
0 0.551042 0.597222 0.00729167 0.012963
0 0.560417 0.68287 0.009375 0.0138889
0 0.577865 0.919444 0.00885417 0.012963
0 0.422135 0.403241 0.0078125 0.0157407
0 0.609896 0.666667 0.00833333 0.012963
0 0.526563 0.851852 0.0104167 0.0166667
0 0.496094 0.605556 0.0078125 0.012963
0 0.626562 0.90463 0.00833333 0.012963
0 0.540625 0.492593 0.0125 0.0203704
0 0.674219 0.889815 0.0078125 0.012963
0 0.623177 0.824537 0.00885417 0.012037
0 0.655208 0.568056 0.00833333 0.0138889
0 0.710417 0.720833 0.00729167 0.012037
0 0.464583 0.716204 0.00833333 0.0138889
0 0.475781 0.86713 0.00885417 0.0138889
0 0.704687 0.64537 0.00729167 0.012963
0 0.766667 0.861574 0.00833333 0.0138889
0 0.603906 0.584259 0.00885417 0.0148148
0 0.446615 0.621759 0.0109375 0.0194444
0 0.705729 0.557407 0.00729167 0.012963
0 0.670313 0.809722 0.009375 0.0138889
0 0.752604 0.64213 0.009375 0.0175926
0 0.757292 0.711574 0.00833333 0.0157407
0 0.753646 0.552315 0.00833333 0.0175926
0 0.698958 0.339815 0.009375 0.0203704
0 0.658594 0.655556 0.0119792 0.0166667
0 0.616406 0.748148 0.0109375 0.0148148
0 0.7625 0.784722 0.009375 0.0138889
0 0.75026 0.326389 0.00885417 0.0175926
0 0.533073 0.37963 0.00885417 0.0166667
0 0.642187 0.352778 0.00833333 0.0185185
0 0.588281 0.363426 0.00989583 0.0212963
0 0.705208 0.446296 0.0135417 0.0259259
0 0.664062 0.733333 0.0114583 0.0148148
0 0.427865 0.511574 0.0119792 0.0231481
0 0.759635 0.431019 0.00989583 0.0212963
