0 0.405208 0.340278 0.0114583 0.025
0 0.607552 0.354167 0.00677083 0.0101852
0 0.608073 0.444444 0.00572917 0.00925926
0 0.607813 0.527778 0.00625 0.00925926
0 0.563021 0.617593 0.00729167 0.0111111
0 0.402083 0.352315 0.009375 0.0157407
0 0.410417 0.248611 0.009375 0.0157407
0 0.607031 0.615278 0.00677083 0.0101852
0 0.563021 0.361574 0.00625 0.0101852
0 0.657292 0.35463 0.00625 0.0111111
0 0.563281 0.702315 0.0078125 0.012037
0 0.56276 0.449537 0.00677083 0.0101852
0 0.657031 0.527778 0.0078125 0.0111111
0 0.463542 0.35787 0.00833333 0.0138889
0 0.608594 0.701852 0.00677083 0.0111111
0 0.468229 0.627778 0.00729167 0.0111111
0 0.41849 0.706019 0.00677083 0.012037
0 0.65599 0.783796 0.0078125 0.012037
0 0.65599 0.443056 0.0078125 0.012037
0 0.656771 0.710648 0.00729167 0.012037
0 0.516406 0.706019 0.00677083 0.012037
0 0.655208 0.271296 0.00729167 0.012963
0 0.608333 0.268056 0.00625 0.012037
0 0.563542 0.53287 0.00833333 0.012037
0 0.370573 0.55463 0.00989583 0.0166667
0 0.56276 0.786574 0.00677083 0.0138889
0 0.409375 0.456019 0.00833333 0.0138889
0 0.370833 0.706019 0.00729167 0.012037
0 0.610156 0.786574 0.00677083 0.012037
0 0.517187 0.786574 0.00625 0.012037
0 0.418229 0.624537 0.00729167 0.012037
0 0.466406 0.547685 0.00677083 0.012037
0 0.46875 0.710648 0.00729167 0.012037
0 0.370052 0.778241 0.0078125 0.012037
0 0.515625 0.366204 0.00729167 0.012037
0 0.467187 0.790741 0.00729167 0.012963
0 0.657031 0.618981 0.00989583 0.0138889
0 0.460938 0.450926 0.00625 0.012963
0 0.416927 0.547222 0.0078125 0.012963
0 0.517187 0.537037 0.009375 0.012963
0 0.5625 0.26713 0.00729167 0.0138889
0 0.515365 0.452778 0.0078125 0.012963
0 0.514583 0.623148 0.009375 0.012963
0 0.451302 0.289815 0.0109375 0.0203704
0 0.417969 0.786111 0.0078125 0.012963
0 0.370313 0.631944 0.009375 0.0175926
0 0.517969 0.275926 0.00885417 0.0166667
