0 0.661979 0.371296 0.0104167 0.0166667
0 0.658073 0.483333 0.0078125 0.0148148
0 0.513802 0.77963 0.00989583 0.0203704
0 0.451562 0.212037 0.00833333 0.0148148
0 0.4 0.514815 0.00833333 0.012963
0 0.507031 0.217593 0.0078125 0.0148148
0 0.401563 0.706944 0.0104167 0.0175926
0 0.338281 0.506944 0.0078125 0.0138889
0 0.39375 0.20463 0.00729167 0.012963
0 0.394271 0.309259 0.00729167 0.0148148
0 0.466146 0.7875 0.00729167 0.0175926
0 0.560938 0.224074 0.0114583 0.0222222
0 0.332812 0.202778 0.00625 0.012963
0 0.336979 0.407407 0.00729167 0.0148148
0 0.397396 0.411111 0.0104167 0.0166667
0 0.332292 0.302315 0.009375 0.0175926
0 0.404948 0.805093 0.0130208 0.0212963
