0 0.676562 0.738889 0.00833333 0.012963
0 0.58125 0.744907 0.00729167 0.012037
0 0.686719 0.48287 0.00677083 0.012037
0 0.483854 0.746759 0.009375 0.0157407
0 0.588281 0.474537 0.00885417 0.0157407
0 0.530208 0.821296 0.00833333 0.012963
0 0.721615 0.738889 0.00677083 0.0111111
0 0.626302 0.823611 0.0078125 0.012037
0 0.624479 0.905556 0.00729167 0.0111111
0 0.478906 0.893519 0.00677083 0.0111111
0 0.533333 0.741204 0.00729167 0.012037
0 0.577604 0.407407 0.0114583 0.0203704
0 0.57474 0.908333 0.0078125 0.0148148
0 0.481771 0.819907 0.00729167 0.012037
0 0.534115 0.662963 0.0078125 0.012963
0 0.671354 0.90787 0.00833333 0.0138889
0 0.639323 0.486574 0.0078125 0.0138889
0 0.763802 0.907407 0.0078125 0.012963
0 0.526302 0.901852 0.00885417 0.0148148
0 0.736198 0.39213 0.00677083 0.0138889
0 0.690625 0.388889 0.00833333 0.0166667
0 0.529427 0.569907 0.00885417 0.0157407
0 0.782552 0.480556 0.0078125 0.012963
0 0.645573 0.395833 0.00885417 0.0157407
0 0.76849 0.837037 0.00885417 0.0148148
0 0.628906 0.742593 0.0119792 0.0166667
0 0.783854 0.396759 0.00833333 0.0138889
0 0.777865 0.569444 0.00885417 0.012963
0 0.775 0.652315 0.00729167 0.0138889
0 0.771875 0.743056 0.0114583 0.0157407
