0 0.683073 0.726389 0.00677083 0.012037
0 0.720312 0.336111 0.009375 0.0185185
0 0.723958 0.725 0.00833333 0.0148148
0 0.767969 0.65463 0.00677083 0.012963
0 0.775 0.792593 0.00729167 0.012963
0 0.520312 0.648611 0.00833333 0.0138889
0 0.61875 0.44537 0.00729167 0.012963
0 0.56224 0.448148 0.0078125 0.012963
0 0.5 0.343056 0.00833333 0.0138889
0 0.439583 0.350926 0.00729167 0.012963
0 0.460156 0.652778 0.0078125 0.012963
0 0.590104 0.654167 0.00729167 0.012037
0 0.6 0.740278 0.009375 0.0138889
0 0.728385 0.79537 0.00885417 0.0166667
0 0.525521 0.738889 0.00833333 0.0148148
0 0.67526 0.565278 0.0078125 0.0157407
0 0.72474 0.571759 0.00677083 0.012037
0 0.453125 0.555556 0.00729167 0.012963
0 0.577344 0.564352 0.00677083 0.012037
0 0.721875 0.647685 0.00833333 0.0138889
0 0.778385 0.578241 0.0078125 0.0138889
0 0.777604 0.862037 0.009375 0.0166667
0 0.463802 0.753241 0.0130208 0.0157407
0 0.595312 0.825 0.00729167 0.012963
0 0.625781 0.572222 0.00677083 0.012963
0 0.689583 0.880093 0.00729167 0.0157407
0 0.685677 0.800926 0.00677083 0.0148148
0 0.764323 0.330093 0.00885417 0.0175926
0 0.775521 0.461111 0.009375 0.0166667
0 0.722135 0.44537 0.0078125 0.0166667
0 0.539062 0.939815 0.0104167 0.0166667
0 0.644792 0.804167 0.00833333 0.0157407
0 0.532552 0.841204 0.00989583 0.0157407
0 0.6 0.911574 0.00729167 0.0175926
0 0.466146 0.850926 0.0125 0.0166667
0 0.6375 0.660648 0.0125 0.0194444
0 0.647396 0.894444 0.00833333 0.0185185
0 0.505208 0.450463 0.009375 0.0175926
0 0.676302 0.646759 0.00989583 0.0175926
0 0.558854 0.337963 0.00833333 0.0166667
0 0.613802 0.334722 0.0078125 0.0157407
0 0.444271 0.451852 0.0104167 0.0203704
0 0.733073 0.866204 0.00989583 0.0194444
0 0.513542 0.548611 0.009375 0.0194444
0 0.772396 0.721296 0.0135417 0.0203704
0 0.672396 0.450463 0.00833333 0.0194444
0 0.667188 0.333333 0.009375 0.0203704
