0 0.511458 0.2375 0.00625 0.0101852
0 0.521615 0.32963 0.00572917 0.0111111
0 0.628385 0.323611 0.00677083 0.012037
0 0.506771 0.744907 0.00729167 0.0101852
0 0.676302 0.311574 0.00677083 0.012037
0 0.459115 0.334259 0.00572917 0.00925926
0 0.483333 0.539815 0.00625 0.0111111
0 0.617708 0.2375 0.00729167 0.012037
0 0.566667 0.714815 0.00625 0.0111111
0 0.55625 0.617593 0.00729167 0.0111111
0 0.677344 0.7625 0.00572917 0.012037
0 0.392969 0.249074 0.00677083 0.0111111
0 0.576563 0.808796 0.00625 0.0101852
0 0.665885 0.225926 0.0078125 0.012963
0 0.68776 0.397222 0.0078125 0.0148148
0 0.71875 0.661111 0.00729167 0.012963
0 0.449479 0.22963 0.00833333 0.012963
0 0.436979 0.655093 0.00625 0.012037
0 0.413802 0.451852 0.00572917 0.0111111
0 0.746615 0.473611 0.00677083 0.012037
0 0.716406 0.214352 0.0078125 0.012037
0 0.769271 0.648611 0.00729167 0.012037
0 0.638281 0.408333 0.00989583 0.0166667
0 0.728125 0.748611 0.00729167 0.012037
0 0.449479 0.760185 0.00625 0.0111111
0 0.778385 0.737963 0.0078125 0.012963
0 0.404167 0.350463 0.00729167 0.012037
0 0.463281 0.862037 0.00885417 0.012963
0 0.696615 0.484259 0.0078125 0.012963
0 0.726042 0.299537 0.00729167 0.0138889
0 0.426042 0.556481 0.00625 0.012963
0 0.736198 0.386111 0.00885417 0.0148148
0 0.758854 0.556944 0.00833333 0.0138889
0 0.708333 0.571759 0.009375 0.0138889
