0 0.607292 0.755093 0.00625 0.0101852
0 0.666927 0.654167 0.00572917 0.0101852
0 0.65651 0.968982 0.00677083 0.0101852
0 0.673437 0.54537 0.00625 0.0111111
0 0.53724 0.971296 0.00677083 0.0111111
0 0.598177 0.969907 0.00677083 0.012037
0 0.48724 0.862037 0.00677083 0.0111111
0 0.686979 0.322222 0.00729167 0.0111111
0 0.479948 0.973148 0.00677083 0.0111111
0 0.611458 0.650463 0.00729167 0.012037
0 0.615365 0.546759 0.00677083 0.012037
0 0.659375 0.859259 0.00625 0.0111111
0 0.564062 0.323611 0.00833333 0.012037
0 0.555469 0.656944 0.00677083 0.012037
0 0.557292 0.548148 0.00729167 0.0111111
0 0.603385 0.85787 0.0078125 0.012037
0 0.625781 0.323611 0.0078125 0.012037
0 0.732813 0.546296 0.00729167 0.012963
0 0.54401 0.858333 0.0078125 0.012963
0 0.773958 0.855093 0.00729167 0.012037
0 0.747656 0.32037 0.0078125 0.0111111
0 0.497917 0.546296 0.00729167 0.0111111
0 0.495052 0.759722 0.00677083 0.012037
0 0.504427 0.325 0.0078125 0.0111111
0 0.778125 0.652315 0.00625 0.0101852
0 0.683594 0.426389 0.00677083 0.0101852
0 0.500781 0.65787 0.00677083 0.012037
0 0.722396 0.654167 0.00625 0.012037
0 0.745573 0.422222 0.00885417 0.012963
0 0.791927 0.544907 0.00677083 0.012037
0 0.498437 0.427778 0.00833333 0.012963
0 0.439323 0.546296 0.00677083 0.012963
0 0.772656 0.968056 0.0078125 0.0138889
0 0.421615 0.974537 0.0078125 0.012037
0 0.714844 0.968982 0.0078125 0.0138889
0 0.55026 0.757407 0.00677083 0.012963
0 0.558594 0.428704 0.0078125 0.0111111
0 0.428385 0.863889 0.00677083 0.012963
0 0.443229 0.658333 0.00729167 0.012963
0 0.621094 0.428241 0.0078125 0.012037
0 0.444792 0.32963 0.00833333 0.012963
0 0.43724 0.430556 0.0078125 0.012963
0 0.775 0.752778 0.00833333 0.012963
0 0.435937 0.761574 0.00625 0.012037
0 0.720052 0.75463 0.0078125 0.012963
0 0.808073 0.320833 0.0078125 0.012037
0 0.807552 0.425463 0.0130208 0.0194444
0 0.717708 0.85787 0.0104167 0.0175926
