0 0.622396 0.573611 0.00729167 0.012037
0 0.646094 0.844907 0.00677083 0.012037
0 0.590625 0.908796 0.00729167 0.012037
0 0.669792 0.593518 0.00729167 0.0111111
0 0.6625 0.673611 0.00729167 0.0138889
0 0.598437 0.823611 0.00729167 0.012037
0 0.685677 0.94537 0.00677083 0.0111111
0 0.615104 0.656482 0.00729167 0.012963
0 0.678125 0.506944 0.00833333 0.012037
0 0.570052 0.545833 0.0078125 0.012037
0 0.606771 0.740741 0.00729167 0.012963
0 0.638542 0.406019 0.00833333 0.012037
0 0.630469 0.490278 0.0078125 0.012037
0 0.63724 0.925463 0.00677083 0.0101852
0 0.653385 0.761111 0.0078125 0.012963
0 0.726562 0.523611 0.00833333 0.012037
0 0.559896 0.724074 0.00729167 0.012963
0 0.55026 0.806481 0.0078125 0.012963
0 0.542708 0.890741 0.00833333 0.012963
0 0.514323 0.705093 0.00677083 0.012037
0 0.46901 0.687963 0.0078125 0.012963
0 0.732292 0.963889 0.00729167 0.0111111
0 0.504687 0.787037 0.00729167 0.0111111
0 0.567969 0.640741 0.0078125 0.0148148
0 0.477865 0.606944 0.0078125 0.0138889
0 0.748958 0.79537 0.00729167 0.0111111
0 0.686719 0.423148 0.0078125 0.0111111
0 0.701042 0.777315 0.00729167 0.012037
0 0.579427 0.456481 0.00885417 0.0111111
0 0.589063 0.368056 0.00833333 0.012037
0 0.741406 0.883333 0.0078125 0.0111111
0 0.733854 0.440741 0.00833333 0.012963
0 0.716667 0.609259 0.00729167 0.012963
0 0.460156 0.77037 0.0078125 0.012963
0 0.692708 0.861574 0.00833333 0.0138889
0 0.497656 0.871296 0.0078125 0.012963
0 0.452344 0.854167 0.0078125 0.0138889
0 0.470313 0.509259 0.00833333 0.012963
0 0.520052 0.52963 0.0078125 0.012963
0 0.521875 0.622222 0.00729167 0.012963
0 0.758073 0.710648 0.0078125 0.012037
0 0.765365 0.629167 0.0078125 0.012037
0 0.521875 0.422685 0.009375 0.012037
0 0.709375 0.690278 0.00833333 0.0138889
0 0.53151 0.331944 0.00885417 0.012037
0 0.77474 0.542593 0.00989583 0.012963
0 0.782812 0.458796 0.00833333 0.0138889
0 0.478125 0.312037 0.009375 0.0148148
0 0.469792 0.406944 0.009375 0.0138889
