0 0.46901 0.258796 0.00885417 0.0194444
0 0.608073 0.527778 0.00677083 0.0111111
0 0.370573 0.55463 0.0109375 0.0166667
0 0.563021 0.616204 0.00729167 0.012037
0 0.411719 0.249537 0.00989583 0.0175926
0 0.657292 0.353704 0.00625 0.0111111
0 0.417448 0.70463 0.00677083 0.012963
0 0.608333 0.443519 0.00729167 0.0111111
0 0.608073 0.354167 0.00677083 0.012037
0 0.563021 0.531482 0.00729167 0.0111111
0 0.41849 0.623148 0.0078125 0.012963
0 0.465625 0.547685 0.00729167 0.0138889
0 0.657031 0.526852 0.0078125 0.0111111
0 0.563802 0.699537 0.0078125 0.0138889
0 0.607552 0.615278 0.0078125 0.012037
0 0.516146 0.70463 0.00729167 0.012963
0 0.417188 0.547222 0.00833333 0.0148148
0 0.563281 0.786111 0.00677083 0.012963
0 0.56276 0.45 0.00677083 0.0111111
0 0.371094 0.705093 0.0078125 0.0138889
0 0.515365 0.365278 0.00677083 0.012037
0 0.655208 0.443519 0.00729167 0.0111111
0 0.563021 0.362037 0.00729167 0.012963
0 0.466406 0.626852 0.0078125 0.012963
0 0.609896 0.702315 0.00729167 0.012037
0 0.460417 0.451852 0.00729167 0.012963
0 0.516406 0.535648 0.0078125 0.0138889
0 0.371094 0.631019 0.00885417 0.0157407
0 0.514583 0.452315 0.00833333 0.0138889
0 0.513281 0.622222 0.0078125 0.012963
0 0.657292 0.709722 0.00729167 0.012037
0 0.65625 0.78287 0.00833333 0.012037
0 0.370313 0.777778 0.00833333 0.012963
0 0.516927 0.786111 0.00677083 0.012963
0 0.467708 0.709722 0.00729167 0.0138889
0 0.655729 0.270833 0.00729167 0.0138889
0 0.611198 0.786111 0.0078125 0.012963
0 0.466667 0.789815 0.00729167 0.0148148
0 0.417708 0.785185 0.00833333 0.012963
0 0.657552 0.618056 0.00989583 0.0138889
0 0.608594 0.26713 0.00677083 0.0138889
0 0.517708 0.274074 0.00833333 0.0166667
0 0.56224 0.266204 0.0078125 0.0157407
