0 0.440885 0.816204 0.00677083 0.0101852
0 0.494271 0.713426 0.00520833 0.0101852
0 0.765625 0.6875 0.00625 0.0101852
0 0.709375 0.50787 0.00520833 0.0101852
0 0.711719 0.595833 0.00677083 0.0101852
0 0.659115 0.41713 0.0078125 0.012037
0 0.759896 0.509259 0.00625 0.00925926
0 0.559115 0.793981 0.00572917 0.0101852
0 0.430208 0.195833 0.00625 0.0101852
0 0.703385 0.244907 0.00572917 0.0101852
0 0.705469 0.331481 0.00677083 0.0111111
0 0.765365 0.778241 0.00572917 0.0101852
0 0.714323 0.776389 0.00572917 0.0101852
0 0.709115 0.418056 0.0078125 0.012037
0 0.436198 0.711574 0.00572917 0.0101852
0 0.7625 0.594444 0.00729167 0.0111111
0 0.43099 0.398148 0.00572917 0.0111111
0 0.757812 0.422685 0.00625 0.0101852
0 0.754167 0.247685 0.00625 0.0101852
0 0.755729 0.333796 0.00625 0.0101852
0 0.432552 0.50463 0.00572917 0.0111111
0 0.434896 0.605556 0.00625 0.0111111
0 0.430729 0.297222 0.00625 0.0111111
