0 0.714323 0.658333 0.0046875 0.0111111
0 0.766146 0.643981 0.00625 0.0101852
0 0.416667 0.257407 0.00520833 0.00925926
0 0.700521 0.393519 0.00729167 0.012963
0 0.69401 0.309722 0.00677083 0.012037
0 0.754427 0.468981 0.00572917 0.012037
0 0.703906 0.481944 0.00677083 0.012037
0 0.770312 0.733333 0.00625 0.0111111
0 0.473698 0.234722 0.00677083 0.012037
0 0.555208 0.621296 0.00625 0.0111111
0 0.620833 0.776852 0.00625 0.0111111
0 0.761198 0.554167 0.0078125 0.012037
0 0.744531 0.295833 0.00677083 0.012037
0 0.689062 0.222685 0.00833333 0.0138889
0 0.498437 0.750926 0.00625 0.0111111
0 0.668229 0.761111 0.00625 0.012963
0 0.749479 0.382407 0.00729167 0.012963
0 0.448698 0.868519 0.0078125 0.012963
0 0.650521 0.40787 0.0114583 0.0175926
0 0.422917 0.458333 0.00520833 0.012963
0 0.420052 0.35787 0.00572917 0.012037
0 0.560417 0.718056 0.00625 0.012037
0 0.71875 0.74537 0.00625 0.012963
0 0.740104 0.210185 0.00729167 0.012963
0 0.440104 0.766204 0.00625 0.012037
0 0.710156 0.568056 0.00677083 0.012037
0 0.428906 0.562963 0.00677083 0.0148148
0 0.434896 0.661111 0.00625 0.0111111
0 0.565885 0.809722 0.00572917 0.012037
