0 0.51849 0.75787 0.0078125 0.012037
0 0.565885 0.748148 0.0078125 0.0111111
0 0.480208 0.359259 0.00729167 0.0148148
0 0.423438 0.364352 0.00729167 0.0138889
0 0.51276 0.674537 0.0078125 0.012037
0 0.485417 0.471759 0.015625 0.0212963
0 0.525 0.831944 0.009375 0.0138889
0 0.717708 0.896759 0.00729167 0.012037
0 0.560938 0.669444 0.00833333 0.0111111
0 0.609115 0.663426 0.00885417 0.012037
0 0.551042 0.583796 0.00729167 0.012037
0 0.573177 0.827315 0.00885417 0.012037
0 0.621875 0.823148 0.00833333 0.0111111
0 0.495833 0.580556 0.00729167 0.012963
0 0.464583 0.68287 0.00833333 0.012037
0 0.715365 0.81713 0.0078125 0.0101852
0 0.470052 0.760648 0.00885417 0.0138889
0 0.474479 0.8375 0.00833333 0.0138889
0 0.70026 0.356019 0.00885417 0.0175926
0 0.66875 0.818981 0.00833333 0.012037
0 0.62526 0.904167 0.0078125 0.012037
0 0.653385 0.477778 0.0078125 0.0166667
0 0.479427 0.913889 0.0078125 0.012963
0 0.65625 0.575926 0.00729167 0.012963
0 0.672917 0.9 0.00729167 0.012963
0 0.75026 0.354167 0.0078125 0.0157407
0 0.533594 0.361111 0.0078125 0.0148148
0 0.540625 0.475926 0.0135417 0.0203704
0 0.70651 0.574537 0.00677083 0.012037
0 0.645052 0.358333 0.0078125 0.0166667
0 0.604167 0.581481 0.00729167 0.0148148
0 0.752083 0.668981 0.00729167 0.0157407
0 0.754948 0.580093 0.00677083 0.0138889
0 0.761458 0.813889 0.00833333 0.012963
0 0.527865 0.910185 0.0078125 0.0148148
0 0.704427 0.6625 0.0078125 0.012037
0 0.596354 0.473148 0.009375 0.0166667
0 0.710677 0.739352 0.0078125 0.012037
0 0.615625 0.745833 0.0104167 0.0138889
0 0.765625 0.891204 0.009375 0.0138889
0 0.575781 0.908333 0.00885417 0.0148148
0 0.658333 0.663426 0.0104167 0.0138889
0 0.664062 0.74213 0.0114583 0.0138889
0 0.757292 0.738889 0.00833333 0.0148148
0 0.446875 0.585648 0.0104167 0.0194444
0 0.427865 0.472222 0.0109375 0.0203704
0 0.707031 0.464352 0.0130208 0.0231481
0 0.759896 0.463426 0.009375 0.0194444
0 0.589323 0.358333 0.0109375 0.0203704
