0 0.553906 0.803704 0.00885417 0.012963
0 0.552865 0.723611 0.00885417 0.012037
0 0.448698 0.301389 0.00885417 0.0157407
0 0.504427 0.715741 0.00885417 0.0111111
0 0.597135 0.894444 0.0078125 0.012963
0 0.45026 0.526852 0.0109375 0.0203704
0 0.503385 0.793056 0.00885417 0.0138889
0 0.644531 0.907407 0.0078125 0.012963
0 0.603906 0.656944 0.0109375 0.0138889
0 0.601042 0.81713 0.009375 0.0138889
0 0.602604 0.739352 0.0104167 0.0138889
0 0.690365 0.921759 0.0078125 0.012037
0 0.450781 0.856019 0.00885417 0.0138889
0 0.45625 0.703241 0.00833333 0.0138889
0 0.778906 0.412037 0.00885417 0.0166667
0 0.609375 0.469444 0.0104167 0.0185185
0 0.739583 0.933796 0.00833333 0.012037
0 0.555469 0.646759 0.00989583 0.012037
0 0.507292 0.635648 0.009375 0.012037
0 0.50625 0.318981 0.00833333 0.0157407
0 0.651563 0.753241 0.0104167 0.0138889
0 0.554948 0.559259 0.0078125 0.012963
0 0.696094 0.843518 0.00885417 0.012963
0 0.458854 0.625 0.00833333 0.012963
0 0.64974 0.82963 0.00989583 0.012963
0 0.698698 0.766204 0.00989583 0.0138889
0 0.745052 0.782407 0.00885417 0.0148148
0 0.608333 0.575926 0.00833333 0.0166667
0 0.653646 0.673611 0.0114583 0.0138889
0 0.500521 0.430093 0.01875 0.025
0 0.741146 0.856019 0.00833333 0.0138889
0 0.700521 0.690278 0.0104167 0.0138889
0 0.775781 0.514815 0.00885417 0.0185185
0 0.666667 0.494907 0.009375 0.0175926
0 0.454167 0.778704 0.009375 0.0148148
0 0.500781 0.537963 0.0078125 0.0148148
0 0.758073 0.626389 0.0078125 0.0157407
0 0.560677 0.340278 0.00885417 0.0175926
0 0.660156 0.589815 0.00989583 0.012963
0 0.710677 0.605556 0.0078125 0.012963
0 0.728125 0.393056 0.009375 0.0194444
0 0.555208 0.454167 0.0145833 0.0212963
0 0.747656 0.713426 0.00885417 0.0157407
0 0.671354 0.374537 0.009375 0.0212963
0 0.615625 0.356944 0.0114583 0.0231481
0 0.443229 0.4125 0.0125 0.0231481
0 0.721615 0.500926 0.0130208 0.0259259
