0 0.619792 0.756019 0.00729167 0.0101852
0 0.686458 0.9625 0.00625 0.0101852
0 0.680469 0.85463 0.00677083 0.0111111
0 0.670573 0.651852 0.00677083 0.0111111
0 0.66849 0.542593 0.00677083 0.0111111
0 0.508333 0.865741 0.00729167 0.0111111
0 0.56901 0.973148 0.00677083 0.0111111
0 0.628125 0.969444 0.00729167 0.0111111
0 0.510156 0.976852 0.00677083 0.0111111
0 0.610156 0.546759 0.00677083 0.012037
0 0.623438 0.856944 0.00729167 0.012037
0 0.550521 0.550926 0.00729167 0.0111111
0 0.614323 0.651389 0.0078125 0.012037
0 0.559115 0.658796 0.00677083 0.012037
0 0.744531 0.960648 0.00677083 0.012037
0 0.726302 0.54213 0.0078125 0.0138889
0 0.727865 0.415278 0.00885417 0.0138889
0 0.539323 0.326389 0.0078125 0.012037
0 0.667448 0.422685 0.00677083 0.012037
0 0.601042 0.324074 0.00833333 0.0111111
0 0.803906 0.958333 0.0078125 0.012963
0 0.78151 0.644444 0.00677083 0.0111111
0 0.542708 0.432407 0.00729167 0.0111111
0 0.723177 0.313889 0.0078125 0.0111111
0 0.451302 0.983796 0.0078125 0.0138889
0 0.725781 0.649537 0.00677083 0.012037
0 0.50651 0.765278 0.00677083 0.012037
0 0.491667 0.551389 0.00729167 0.012037
0 0.661979 0.318981 0.00729167 0.0101852
0 0.786979 0.535185 0.00729167 0.0111111
0 0.504167 0.663426 0.00729167 0.012037
0 0.565365 0.860185 0.0078125 0.012963
0 0.78776 0.743056 0.00885417 0.0138889
0 0.605469 0.429167 0.00677083 0.012037
0 0.479167 0.331481 0.00729167 0.0111111
0 0.448438 0.768981 0.00625 0.012037
0 0.48151 0.433796 0.0078125 0.012037
0 0.44974 0.873148 0.00677083 0.012963
0 0.732292 0.748148 0.00729167 0.012963
0 0.795833 0.845833 0.00833333 0.012037
0 0.5625 0.760185 0.00729167 0.0148148
0 0.783594 0.312037 0.00885417 0.012963
0 0.433073 0.556019 0.00677083 0.012037
0 0.420833 0.440278 0.00729167 0.0138889
0 0.419792 0.340278 0.00729167 0.012037
0 0.790885 0.415741 0.0130208 0.0185185
0 0.446615 0.668056 0.0078125 0.0138889
0 0.738542 0.851389 0.0114583 0.0194444
