0 0.786979 0.4875 0.009375 0.0138889
0 0.577344 0.438889 0.00677083 0.0111111
0 0.519531 0.633333 0.0078125 0.012963
0 0.516406 0.724074 0.0078125 0.012963
0 0.672917 0.732407 0.00729167 0.0111111
0 0.446615 0.919907 0.00677083 0.012037
0 0.633854 0.446296 0.00729167 0.012963
0 0.463281 0.324074 0.00677083 0.012963
0 0.458073 0.625463 0.00677083 0.012037
0 0.742708 0.352315 0.0104167 0.0194444
0 0.628906 0.571296 0.00677083 0.0111111
0 0.582812 0.556481 0.00625 0.0111111
0 0.591406 0.734722 0.00885417 0.012037
0 0.716667 0.664352 0.00833333 0.012037
0 0.727865 0.587037 0.0078125 0.012963
0 0.779427 0.6 0.00677083 0.012963
0 0.449219 0.826852 0.0109375 0.012963
0 0.459375 0.529167 0.00729167 0.012037
0 0.588542 0.649074 0.00729167 0.012963
0 0.735156 0.458796 0.0078125 0.0157407
0 0.759896 0.8125 0.00833333 0.0138889
0 0.522396 0.325 0.00729167 0.012963
0 0.715625 0.739352 0.009375 0.0138889
0 0.579167 0.819444 0.00729167 0.012963
0 0.667448 0.887963 0.00677083 0.0148148
0 0.75599 0.885185 0.00885417 0.0148148
0 0.678906 0.573611 0.0078125 0.0138889
0 0.515625 0.827778 0.0104167 0.0166667
0 0.454167 0.730093 0.0125 0.0138889
0 0.520573 0.428704 0.00885417 0.0148148
0 0.671615 0.810185 0.00677083 0.012963
0 0.520833 0.531944 0.009375 0.0175926
0 0.515104 0.925 0.0125 0.0166667
0 0.786198 0.351389 0.0078125 0.0157407
0 0.636198 0.333333 0.0078125 0.0148148
0 0.458854 0.423148 0.009375 0.0185185
0 0.714844 0.809722 0.00885417 0.0175926
0 0.580469 0.32963 0.0078125 0.0148148
0 0.685677 0.459259 0.0078125 0.0185185
0 0.576563 0.90787 0.00833333 0.0231481
0 0.673437 0.656018 0.0104167 0.0194444
0 0.634635 0.665741 0.0119792 0.0185185
0 0.628125 0.806019 0.009375 0.0194444
0 0.71276 0.882407 0.0109375 0.0203704
0 0.690365 0.338889 0.0119792 0.0185185
0 0.763802 0.74213 0.0151042 0.0212963
0 0.626562 0.896759 0.009375 0.0231481
