0 0.54401 0.652778 0.00572917 0.0111111
0 0.536719 0.122685 0.00677083 0.0101852
0 0.490625 0.211111 0.00625 0.0111111
0 0.37526 0.701852 0.00677083 0.00925926
0 0.59349 0.562037 0.00677083 0.0111111
0 0.540625 0.29537 0.00625 0.0111111
0 0.589844 0.383796 0.00572917 0.0101852
0 0.640104 0.385648 0.00625 0.0101852
0 0.371875 0.0810185 0.00625 0.0101852
0 0.584896 0.120833 0.00625 0.0101852
0 0.58724 0.207407 0.00572917 0.0111111
0 0.589583 0.293519 0.00625 0.0111111
0 0.311979 0.189352 0.00625 0.0101852
0 0.635677 0.119907 0.00677083 0.0101852
0 0.644792 0.559722 0.00729167 0.0101852
0 0.438281 0.678704 0.00677083 0.0111111
0 0.374479 0.600463 0.00625 0.0101852
0 0.591406 0.471296 0.0078125 0.0111111
0 0.311198 0.0884259 0.00677083 0.0101852
0 0.3125 0.290278 0.00625 0.0101852
0 0.319792 0.705093 0.00833333 0.0101852
0 0.435937 0.484722 0.00729167 0.0101852
0 0.642969 0.46713 0.0078125 0.012037
0 0.316406 0.602315 0.00572917 0.0101852
0 0.63724 0.207407 0.00677083 0.0111111
0 0.638802 0.29537 0.00677083 0.0111111
0 0.594271 0.651389 0.00625 0.012037
0 0.4375 0.58287 0.00729167 0.012037
0 0.314583 0.496296 0.00625 0.0111111
0 0.645312 0.650463 0.00729167 0.012037
0 0.31276 0.39537 0.00677083 0.0111111
