0 0.648177 0.97037 0.00677083 0.0111111
0 0.473177 0.968982 0.00677083 0.012037
0 0.539323 0.856019 0.0078125 0.012037
0 0.482552 0.85787 0.00677083 0.012037
0 0.591406 0.971759 0.00677083 0.012037
0 0.69401 0.322222 0.00677083 0.0111111
0 0.660417 0.757407 0.00833333 0.0111111
0 0.675521 0.546759 0.00729167 0.012037
0 0.604167 0.75463 0.00729167 0.0111111
0 0.597396 0.858796 0.00833333 0.012037
0 0.654688 0.862037 0.00729167 0.0111111
0 0.558594 0.544444 0.0078125 0.0111111
0 0.733854 0.550463 0.00729167 0.012037
0 0.764323 0.975463 0.0078125 0.012037
0 0.754687 0.323611 0.00729167 0.0101852
0 0.617188 0.546759 0.00729167 0.012037
0 0.665885 0.656944 0.00677083 0.012037
0 0.450521 0.321296 0.009375 0.012963
0 0.707292 0.974537 0.00833333 0.0138889
0 0.414583 0.969907 0.00833333 0.012037
0 0.492708 0.755093 0.00729167 0.012037
0 0.5625 0.424537 0.00833333 0.012037
0 0.555729 0.653704 0.00729167 0.012963
0 0.610677 0.651852 0.0078125 0.012963
0 0.79401 0.550463 0.0078125 0.012037
0 0.75026 0.426852 0.00989583 0.012963
0 0.68776 0.427315 0.0078125 0.012037
0 0.511719 0.318981 0.0078125 0.012037
0 0.76875 0.864352 0.00729167 0.012037
0 0.814583 0.325463 0.00833333 0.012037
0 0.503125 0.421759 0.009375 0.0138889
0 0.500521 0.651852 0.00729167 0.012963
0 0.777083 0.659722 0.00729167 0.012037
0 0.720833 0.660185 0.00729167 0.012963
0 0.570573 0.321296 0.0078125 0.0111111
0 0.500781 0.540741 0.0078125 0.012963
0 0.716927 0.758333 0.0078125 0.0148148
0 0.633073 0.323611 0.0078125 0.012037
0 0.625521 0.426852 0.00833333 0.012963
0 0.423698 0.856944 0.00885417 0.0138889
0 0.547135 0.75463 0.0078125 0.0148148
0 0.444271 0.651389 0.00729167 0.0138889
0 0.441927 0.538889 0.00677083 0.012963
0 0.771615 0.759259 0.0078125 0.012963
0 0.71224 0.863426 0.00989583 0.0157407
0 0.441927 0.422222 0.00885417 0.0148148
0 0.434115 0.753704 0.00677083 0.012963
0 0.81224 0.431481 0.0140625 0.0185185
