0 0.544531 0.448148 0.00677083 0.0111111
0 0.690365 0.672685 0.00677083 0.012037
0 0.644271 0.659259 0.00625 0.0111111
0 0.542969 0.543981 0.00677083 0.012037
0 0.542969 0.339815 0.00677083 0.0111111
0 0.53724 0.727315 0.0078125 0.0101852
0 0.594531 0.72963 0.00677083 0.0111111
0 0.48099 0.527315 0.00677083 0.0101852
0 0.640885 0.743519 0.00677083 0.0111111
0 0.483854 0.422222 0.00729167 0.0111111
0 0.6 0.466204 0.00729167 0.012037
0 0.484896 0.319907 0.00729167 0.012037
0 0.647656 0.576389 0.0078125 0.012037
0 0.488542 0.222685 0.00729167 0.012037
0 0.689844 0.758333 0.0078125 0.0111111
0 0.695052 0.591204 0.00677083 0.012037
0 0.639063 0.829167 0.00729167 0.0101852
0 0.652865 0.485185 0.0078125 0.012963
0 0.597917 0.558796 0.00729167 0.012037
0 0.590885 0.818519 0.00677083 0.0111111
0 0.420312 0.507407 0.00625 0.0111111
0 0.535937 0.825463 0.00729167 0.012037
0 0.685417 0.840741 0.00729167 0.0111111
0 0.432031 0.208796 0.0078125 0.012037
0 0.416927 0.611111 0.00677083 0.0111111
0 0.415104 0.711111 0.00729167 0.0111111
0 0.602344 0.360648 0.0078125 0.012037
0 0.422917 0.405093 0.00729167 0.012037
0 0.736719 0.685185 0.0078125 0.012963
0 0.475 0.730093 0.0104167 0.012037
0 0.735156 0.769907 0.0078125 0.012037
0 0.546094 0.239352 0.0078125 0.012037
0 0.740885 0.605556 0.0078125 0.012963
0 0.704427 0.50463 0.0078125 0.012963
0 0.427083 0.301389 0.00729167 0.012037
0 0.714844 0.402315 0.00885417 0.012037
0 0.660417 0.381481 0.00833333 0.012963
0 0.770052 0.327315 0.0078125 0.012037
0 0.717188 0.306481 0.009375 0.012963
0 0.732813 0.856944 0.00833333 0.0138889
0 0.754427 0.520833 0.0078125 0.0138889
0 0.66224 0.285185 0.0078125 0.012963
0 0.76849 0.420833 0.00885417 0.0138889
0 0.607031 0.262963 0.00989583 0.0148148
