0 0.552604 0.471759 0.0135417 0.0194444
0 0.510156 0.753704 0.0078125 0.0111111
0 0.558073 0.747222 0.0078125 0.0111111
0 0.438542 0.354167 0.00729167 0.0138889
0 0.508594 0.669444 0.00677083 0.0111111
0 0.661458 0.477315 0.00729167 0.0138889
0 0.60651 0.662963 0.0078125 0.012963
0 0.75 0.745833 0.00833333 0.0138889
0 0.766927 0.35787 0.0078125 0.0157407
0 0.702083 0.9 0.00833333 0.012963
0 0.492448 0.468056 0.0203125 0.025
0 0.497917 0.574537 0.00729167 0.012037
0 0.550521 0.359259 0.00833333 0.0148148
0 0.654948 0.901852 0.0078125 0.012963
0 0.460938 0.90787 0.00833333 0.0138889
0 0.559635 0.824537 0.00989583 0.012037
0 0.702865 0.742593 0.0078125 0.0111111
0 0.702865 0.819907 0.0078125 0.012037
0 0.557813 0.906018 0.00833333 0.0138889
0 0.702344 0.66713 0.0078125 0.012037
0 0.459896 0.753704 0.00729167 0.012963
0 0.510156 0.906018 0.0078125 0.0138889
0 0.49401 0.354167 0.0078125 0.0138889
0 0.557813 0.66713 0.00833333 0.012037
0 0.609375 0.823611 0.009375 0.012037
0 0.553385 0.580093 0.0078125 0.012037
0 0.605469 0.355556 0.00989583 0.0203704
0 0.511979 0.825926 0.0104167 0.0148148
0 0.658854 0.578241 0.00729167 0.012037
0 0.750521 0.897685 0.00833333 0.0138889
0 0.608073 0.904167 0.00885417 0.0138889
0 0.448438 0.577315 0.009375 0.0175926
0 0.656771 0.821296 0.009375 0.012963
0 0.60599 0.581481 0.0078125 0.0148148
0 0.459635 0.675463 0.0078125 0.0138889
0 0.709115 0.579167 0.00677083 0.012037
0 0.461198 0.830556 0.00885417 0.0148148
0 0.74974 0.82037 0.00885417 0.0148148
0 0.608073 0.74537 0.0119792 0.0148148
0 0.749479 0.675463 0.00833333 0.0157407
0 0.65599 0.743981 0.0109375 0.0138889
0 0.757292 0.585648 0.00729167 0.0157407
0 0.655729 0.665741 0.0104167 0.0148148
0 0.604167 0.473148 0.0104167 0.0148148
0 0.661198 0.358333 0.0078125 0.0166667
0 0.714844 0.358796 0.00885417 0.0194444
0 0.769271 0.46713 0.009375 0.0194444
0 0.438281 0.463426 0.0119792 0.0231481
0 0.716667 0.47037 0.0145833 0.0259259
