0 0.525 0.851852 0.00625 0.0111111
0 0.620052 0.74213 0.00572917 0.012037
0 0.527604 0.933333 0.00625 0.0111111
0 0.617448 0.574537 0.00572917 0.012037
0 0.620573 0.828241 0.00572917 0.0101852
0 0.66849 0.818519 0.00572917 0.0111111
0 0.670052 0.9 0.00572917 0.0111111
0 0.574219 0.923148 0.00572917 0.0111111
0 0.571615 0.676852 0.00677083 0.012963
0 0.572656 0.839815 0.00572917 0.0111111
0 0.664583 0.477315 0.00625 0.0101852
0 0.615365 0.403704 0.0078125 0.012963
0 0.480469 0.859722 0.00572917 0.0101852
0 0.621875 0.912963 0.00625 0.0111111
0 0.767187 0.877778 0.00729167 0.012963
0 0.717708 0.891667 0.00625 0.0111111
0 0.524479 0.683796 0.00729167 0.012037
0 0.717188 0.805556 0.00625 0.0111111
0 0.480208 0.779167 0.00625 0.012037
0 0.572135 0.75463 0.0078125 0.012963
0 0.563281 0.581019 0.00677083 0.012037
0 0.526042 0.765741 0.00729167 0.012963
0 0.715625 0.720833 0.00729167 0.012037
0 0.666406 0.562963 0.00677083 0.0111111
0 0.666927 0.646759 0.00677083 0.012037
0 0.564062 0.487963 0.00729167 0.012963
0 0.765104 0.708796 0.00729167 0.012037
0 0.713542 0.463426 0.00729167 0.012037
0 0.766927 0.795833 0.0078125 0.012037
0 0.764844 0.625463 0.00885417 0.0138889
0 0.715365 0.633796 0.00885417 0.012037
0 0.479167 0.696296 0.00729167 0.012963
0 0.511979 0.594907 0.00625 0.012037
0 0.714323 0.550926 0.0078125 0.0148148
0 0.563021 0.398611 0.00729167 0.012037
0 0.46224 0.606481 0.00677083 0.012963
0 0.663542 0.391667 0.00833333 0.012963
0 0.763281 0.540278 0.00677083 0.012037
0 0.450521 0.508333 0.00833333 0.012963
0 0.502344 0.492593 0.0078125 0.012963
0 0.7625 0.452315 0.00729167 0.012037
0 0.502083 0.4 0.00833333 0.012963
0 0.449219 0.413426 0.00885417 0.0138889
0 0.760938 0.36713 0.00833333 0.0138889
0 0.713802 0.379167 0.00885417 0.0138889
