0 0.753385 0.365741 0.00989583 0.0203704
0 0.759635 0.695833 0.0078125 0.0157407
0 0.51875 0.623611 0.00833333 0.0138889
0 0.66901 0.737963 0.00677083 0.0111111
0 0.583333 0.434722 0.00729167 0.012037
0 0.640625 0.44537 0.00729167 0.012963
0 0.663802 0.81713 0.00677083 0.012037
0 0.442448 0.810185 0.0119792 0.0148148
0 0.513281 0.715278 0.00885417 0.0138889
0 0.464323 0.5125 0.00677083 0.012037
0 0.752344 0.829167 0.0078125 0.0138889
0 0.715365 0.675 0.00885417 0.012963
0 0.710156 0.75 0.00885417 0.012963
0 0.459896 0.611111 0.00833333 0.0148148
0 0.583854 0.554167 0.00729167 0.012037
0 0.630469 0.573148 0.00677083 0.012963
0 0.728646 0.6 0.00729167 0.012963
0 0.739844 0.473611 0.0078125 0.0157407
0 0.527604 0.420833 0.00833333 0.0157407
0 0.679688 0.580093 0.00729167 0.0138889
0 0.779167 0.619444 0.00729167 0.0148148
0 0.524219 0.521296 0.00885417 0.0166667
0 0.794271 0.369907 0.00833333 0.0175926
0 0.473437 0.30787 0.00729167 0.0138889
0 0.507812 0.81713 0.0104167 0.0157407
0 0.745313 0.90463 0.009375 0.0166667
0 0.70651 0.821296 0.0078125 0.0166667
0 0.451302 0.716667 0.0119792 0.0166667
0 0.658073 0.894444 0.00677083 0.0148148
0 0.586719 0.73287 0.00989583 0.0138889
0 0.534115 0.313889 0.0078125 0.0148148
0 0.586719 0.646296 0.0078125 0.012963
0 0.790885 0.502778 0.00885417 0.0166667
0 0.63125 0.667593 0.0114583 0.0185185
0 0.591667 0.326389 0.00833333 0.0157407
0 0.503646 0.914352 0.0125 0.0175926
0 0.571615 0.81713 0.0078125 0.0157407
0 0.467187 0.40787 0.0104167 0.0194444
0 0.565885 0.90463 0.0078125 0.0185185
0 0.699219 0.349074 0.0109375 0.0203704
0 0.623177 0.808333 0.00989583 0.0185185
0 0.701563 0.893056 0.009375 0.0194444
0 0.646354 0.335185 0.00833333 0.0166667
0 0.757552 0.759722 0.0130208 0.0194444
0 0.690625 0.466667 0.00833333 0.0203704
0 0.671094 0.661574 0.00989583 0.0194444
0 0.615885 0.899074 0.00885417 0.0240741
