0 0.382785 0.171326 0.007718 0.013712
0 0.459748 0.157415 0.005961 0.011559
0 0.529605 0.168361 0.005961 0.011559
0 0.584492 0.185504 0.006530 0.011602
0 0.629403 0.179077 0.007718 0.013712
0 0.673176 0.172737 0.004156 0.007382
0 0.727023 0.170196 0.005937 0.010547
0 0.386783 0.278954 0.010589 0.014938
0 0.458457 0.270509 0.008264 0.012742
0 0.521403 0.266777 0.008880 0.014810
0 0.580015 0.284651 0.006506 0.010590
0 0.627441 0.276007 0.004799 0.010461
0 0.676956 0.271259 0.004750 0.008438
0 0.730730 0.265686 0.005342 0.009492
0 0.388799 0.387240 0.007076 0.010633
0 0.461861 0.377170 0.007670 0.011688
0 0.524321 0.377020 0.007076 0.010633
0 0.582178 0.375189 0.006434 0.007555
0 0.631966 0.369915 0.008119 0.006673
0 0.681779 0.365652 0.006482 0.009578
0 0.737630 0.363467 0.008857 0.013798
0 0.387531 0.501346 0.008288 0.013754
0 0.466871 0.491308 0.010045 0.015907
0 0.528603 0.484627 0.010614 0.015950
0 0.587678 0.474091 0.005961 0.011559
0 0.636352 0.469914 0.005367 0.010504
0 0.684716 0.464747 0.005342 0.009492
0 0.739556 0.456051 0.005937 0.010547
0 0.393450 0.605790 0.008312 0.014766
0 0.473998 0.598702 0.012201 0.011019
0 0.540440 0.586091 0.008857 0.013798
0 0.593784 0.574468 0.005415 0.012528
0 0.642112 0.567782 0.006555 0.012614
0 0.691791 0.557955 0.005937 0.010547
0 0.742826 0.557146 0.007646 0.010676
0 0.399053 0.720898 0.005937 0.010547
0 0.479528 0.710774 0.005367 0.010504
0 0.542990 0.692814 0.010020 0.014895
0 0.598357 0.670398 0.011256 0.019028
0 0.646200 0.667297 0.008905 0.015821
0 0.693118 0.661225 0.008215 0.010719
0 0.749527 0.658492 0.010565 0.013927
0 0.404474 0.828419 0.011802 0.018060
0 0.486385 0.818694 0.012916 0.017133
0 0.560412 0.789297 0.008288 0.013754
0 0.604961 0.767696 0.009426 0.013840
0 0.650634 0.769319 0.009475 0.015864
0 0.697443 0.758695 0.005391 0.011516
0 0.750199 0.758262 0.008312 0.014766
