0 0.751042 0.472222 0.00729167 0.0111111
0 0.704167 0.560185 0.00625 0.0111111
0 0.659896 0.46713 0.00729167 0.0101852
0 0.800781 0.298148 0.00677083 0.0111111
0 0.799219 0.387037 0.00677083 0.0111111
0 0.661198 0.558333 0.00677083 0.0111111
0 0.704948 0.650463 0.00677083 0.0101852
0 0.748177 0.561111 0.00677083 0.0111111
0 0.750781 0.745833 0.0078125 0.012037
0 0.704427 0.742593 0.0078125 0.012963
0 0.661458 0.384259 0.00729167 0.0111111
0 0.799219 0.561574 0.0078125 0.012037
0 0.710156 0.293519 0.0078125 0.0111111
0 0.748958 0.834259 0.00729167 0.012963
0 0.661719 0.649074 0.00677083 0.012963
0 0.486719 0.253241 0.00885417 0.0157407
0 0.751302 0.649537 0.0078125 0.012037
0 0.798177 0.652778 0.0078125 0.012963
0 0.800521 0.475926 0.00833333 0.012963
0 0.604948 0.461111 0.0078125 0.012963
0 0.54974 0.45463 0.0078125 0.012963
0 0.483333 0.349074 0.009375 0.012963
0 0.670052 0.293981 0.0078125 0.012037
0 0.609896 0.358796 0.009375 0.0157407
0 0.479948 0.453241 0.00885417 0.012037
0 0.60651 0.560185 0.0078125 0.0111111
0 0.477865 0.75787 0.0078125 0.012037
0 0.609896 0.653704 0.00833333 0.012963
0 0.477604 0.655556 0.0104167 0.0148148
0 0.557031 0.250463 0.0078125 0.0138889
0 0.663021 0.738889 0.00833333 0.0148148
0 0.552344 0.760648 0.0078125 0.012037
0 0.619531 0.269444 0.00885417 0.012963
0 0.797135 0.838889 0.00989583 0.0148148
0 0.552344 0.657407 0.0119792 0.0148148
0 0.80026 0.749074 0.0109375 0.0148148
0 0.705469 0.834722 0.00885417 0.0157407
0 0.478125 0.557407 0.0104167 0.012963
0 0.551042 0.355093 0.009375 0.0138889
0 0.621875 0.842593 0.00729167 0.0148148
0 0.478125 0.85787 0.0114583 0.0157407
0 0.609635 0.750926 0.00989583 0.0148148
0 0.548958 0.557407 0.009375 0.0148148
0 0.666667 0.829167 0.00833333 0.0157407
0 0.553385 0.85787 0.0130208 0.0175926
