0 0.576042 0.436111 0.00625 0.0111111
0 0.672917 0.739815 0.00625 0.0111111
0 0.715625 0.749074 0.00833333 0.012963
0 0.727604 0.596759 0.00729167 0.012037
0 0.458854 0.615278 0.00729167 0.0138889
0 0.581771 0.554167 0.00625 0.012037
0 0.459896 0.515741 0.00625 0.0111111
0 0.516927 0.71713 0.0078125 0.0138889
0 0.779427 0.614815 0.00677083 0.012963
0 0.447656 0.81713 0.0109375 0.0138889
0 0.629167 0.573611 0.00625 0.012037
0 0.632812 0.446296 0.00625 0.012963
0 0.734896 0.469907 0.00729167 0.0157407
0 0.717188 0.672222 0.00833333 0.012963
0 0.590365 0.733796 0.00885417 0.0138889
0 0.5875 0.646759 0.00729167 0.0138889
0 0.445573 0.908796 0.0078125 0.012037
0 0.514844 0.818981 0.0078125 0.0157407
0 0.671354 0.816204 0.00625 0.0138889
0 0.51901 0.627315 0.0078125 0.0138889
0 0.522135 0.315741 0.0078125 0.0148148
0 0.785417 0.501389 0.009375 0.0157407
0 0.461719 0.310185 0.00677083 0.012963
0 0.763802 0.688889 0.0078125 0.0148148
0 0.519792 0.422222 0.00729167 0.0148148
0 0.667708 0.894444 0.00625 0.0148148
0 0.578385 0.819444 0.00677083 0.0148148
0 0.678646 0.580093 0.00729167 0.0138889
0 0.713542 0.82037 0.00833333 0.0185185
0 0.635677 0.335185 0.0078125 0.0148148
0 0.785417 0.365741 0.00729167 0.0166667
0 0.458333 0.410185 0.0104167 0.0185185
0 0.625521 0.899537 0.009375 0.0212963
0 0.684635 0.464352 0.00885417 0.0175926
0 0.521094 0.523611 0.00885417 0.0175926
0 0.759115 0.826852 0.0078125 0.0148148
0 0.754948 0.899074 0.0078125 0.0148148
0 0.580729 0.326852 0.00833333 0.0166667
0 0.628385 0.808333 0.00885417 0.0185185
0 0.454427 0.718518 0.0130208 0.0166667
0 0.576563 0.906482 0.00729167 0.0203704
0 0.633333 0.667593 0.0125 0.0185185
0 0.514063 0.916667 0.0125 0.0166667
0 0.742969 0.365741 0.00989583 0.0203704
0 0.689323 0.34537 0.0119792 0.0185185
0 0.673177 0.661111 0.00989583 0.0185185
0 0.7625 0.756481 0.0135417 0.0203704
0 0.711719 0.89213 0.00885417 0.0194444
