0 0.543229 0.966204 0.00625 0.0101852
0 0.666146 0.759722 0.00625 0.0101852
0 0.609375 0.755093 0.00625 0.0101852
0 0.6625 0.972222 0.00625 0.0111111
0 0.484896 0.961574 0.00625 0.0101852
0 0.603646 0.968982 0.00625 0.0101852
0 0.490625 0.850926 0.00625 0.0111111
0 0.606771 0.85787 0.00729167 0.012037
0 0.66849 0.660185 0.00677083 0.0111111
0 0.664062 0.864352 0.00729167 0.012037
0 0.672656 0.550463 0.00677083 0.012037
0 0.615104 0.54537 0.00625 0.012963
0 0.425521 0.959259 0.00833333 0.0111111
0 0.496354 0.748611 0.00729167 0.012037
0 0.61224 0.650926 0.0078125 0.012963
0 0.547396 0.851852 0.00729167 0.012963
0 0.555729 0.542593 0.00729167 0.012963
0 0.43776 0.744907 0.00677083 0.012037
0 0.683333 0.325926 0.00729167 0.0111111
0 0.778385 0.981944 0.00989583 0.0157407
0 0.74375 0.329167 0.00625 0.0101852
0 0.732031 0.556481 0.00677083 0.012963
0 0.555729 0.652315 0.00729167 0.0138889
0 0.500521 0.647685 0.00729167 0.012037
0 0.496615 0.533796 0.00677083 0.012037
0 0.68125 0.431019 0.00729167 0.012037
0 0.721094 0.978704 0.00885417 0.0148148
0 0.792448 0.559722 0.0078125 0.012037
0 0.74349 0.432407 0.00885417 0.012963
0 0.779688 0.66713 0.00625 0.012037
0 0.779167 0.869907 0.00729167 0.012037
0 0.554688 0.420833 0.00729167 0.012037
0 0.621615 0.322222 0.0078125 0.0111111
0 0.498958 0.3125 0.00729167 0.012037
0 0.432031 0.847222 0.0078125 0.012963
0 0.722917 0.764352 0.00729167 0.0138889
0 0.61849 0.426852 0.00677083 0.012963
0 0.559375 0.31713 0.00729167 0.0101852
0 0.778385 0.766667 0.0078125 0.012963
0 0.49401 0.414352 0.0078125 0.012037
0 0.44349 0.643056 0.0078125 0.0138889
0 0.723177 0.664815 0.00677083 0.012963
0 0.4375 0.52963 0.00729167 0.012963
0 0.552344 0.751852 0.00677083 0.0148148
0 0.804427 0.334722 0.00677083 0.012037
0 0.438802 0.3125 0.0078125 0.012037
0 0.433073 0.4125 0.0078125 0.0138889
0 0.722656 0.867593 0.00989583 0.0166667
0 0.805729 0.441204 0.0145833 0.0212963
