0 0.559115 0.747685 0.00677083 0.0101852
0 0.508854 0.673148 0.00729167 0.0111111
0 0.60599 0.663426 0.0078125 0.012037
0 0.511458 0.756019 0.00729167 0.012037
0 0.557813 0.669444 0.00729167 0.0111111
0 0.497135 0.578704 0.00677083 0.012963
0 0.561719 0.825926 0.0078125 0.0111111
0 0.545833 0.360185 0.00729167 0.012963
0 0.611458 0.90463 0.00729167 0.0111111
0 0.46276 0.835648 0.0078125 0.012037
0 0.547135 0.473148 0.0140625 0.0203704
0 0.491406 0.35787 0.0078125 0.0138889
0 0.435677 0.359722 0.00677083 0.0138889
0 0.460938 0.75787 0.00729167 0.012037
0 0.702604 0.663889 0.00729167 0.0111111
0 0.552865 0.58287 0.00677083 0.012037
0 0.658594 0.819444 0.0078125 0.0111111
0 0.459375 0.681019 0.00729167 0.012037
0 0.659896 0.477778 0.00729167 0.012963
0 0.464063 0.9125 0.00729167 0.012037
0 0.560938 0.906944 0.00729167 0.012037
0 0.514063 0.830093 0.0104167 0.0138889
0 0.751823 0.815278 0.0078125 0.012037
0 0.704948 0.817593 0.0078125 0.0111111
0 0.752344 0.893056 0.0078125 0.012037
0 0.611719 0.823148 0.0078125 0.0111111
0 0.609635 0.745833 0.00885417 0.012037
0 0.703906 0.739815 0.0078125 0.0111111
0 0.658594 0.576852 0.00677083 0.012963
0 0.703906 0.897685 0.00677083 0.012037
0 0.513021 0.908796 0.00729167 0.0138889
0 0.74974 0.67037 0.0078125 0.0148148
0 0.708333 0.575926 0.00625 0.0111111
0 0.657292 0.741667 0.0104167 0.012963
0 0.750781 0.740278 0.00885417 0.0138889
0 0.65651 0.664352 0.00989583 0.0138889
0 0.657812 0.900463 0.00729167 0.012037
0 0.605729 0.581481 0.00729167 0.0148148
0 0.491927 0.469444 0.0161458 0.0222222
0 0.764063 0.355093 0.00833333 0.0157407
0 0.75625 0.580556 0.00729167 0.0148148
0 0.447135 0.583333 0.00989583 0.0185185
0 0.602604 0.474074 0.009375 0.0148148
0 0.601823 0.35787 0.00989583 0.0175926
0 0.766927 0.464352 0.00885417 0.0175926
0 0.711719 0.356019 0.0078125 0.0175926
0 0.715885 0.466204 0.0130208 0.0231481
0 0.435156 0.470833 0.00989583 0.0194444
0 0.659375 0.358796 0.00833333 0.0175926
