0 0.613542 0.775926 0.00625 0.0111111
0 0.492969 0.750926 0.00572917 0.0111111
0 0.764063 0.64537 0.00625 0.0111111
0 0.711979 0.659722 0.00625 0.012037
0 0.763021 0.553704 0.00625 0.012963
0 0.434115 0.561574 0.00677083 0.0138889
0 0.711719 0.568519 0.00677083 0.0111111
0 0.556771 0.717593 0.00625 0.0111111
0 0.55651 0.810185 0.00572917 0.0111111
0 0.4375 0.865278 0.00729167 0.0138889
0 0.759635 0.209722 0.0078125 0.0138889
0 0.436458 0.253704 0.00625 0.0111111
0 0.763021 0.734259 0.00625 0.0111111
0 0.708854 0.223611 0.00833333 0.0157407
0 0.660156 0.7625 0.00572917 0.012037
0 0.434115 0.660185 0.00572917 0.0111111
0 0.435156 0.353704 0.00677083 0.0148148
0 0.435156 0.766204 0.00677083 0.012037
0 0.433854 0.455556 0.00625 0.0148148
0 0.71224 0.746759 0.00572917 0.012037
