0 0.539062 0.371296 0.00729167 0.0111111
0 0.642187 0.822222 0.00625 0.0111111
0 0.540625 0.271759 0.00625 0.0101852
0 0.657552 0.269444 0.0078125 0.0111111
0 0.709896 0.363426 0.00833333 0.012037
0 0.483333 0.276852 0.00625 0.0111111
0 0.59401 0.830556 0.00677083 0.0111111
0 0.420312 0.485648 0.00729167 0.0101852
0 0.753646 0.465741 0.00729167 0.0111111
0 0.48125 0.375926 0.00729167 0.0111111
0 0.735677 0.810648 0.00885417 0.012037
0 0.426302 0.285185 0.0078125 0.0111111
0 0.764323 0.360648 0.00885417 0.012037
0 0.598698 0.366204 0.0078125 0.012037
0 0.764063 0.267593 0.00833333 0.0111111
0 0.538281 0.861111 0.00677083 0.0111111
0 0.422917 0.380556 0.00729167 0.0111111
0 0.601302 0.27037 0.00989583 0.012963
