0 0.763802 0.778704 0.00572917 0.0111111
0 0.440625 0.8125 0.00729167 0.012037
0 0.558594 0.793056 0.00572917 0.0101852
0 0.709375 0.419907 0.00729167 0.012037
0 0.708854 0.50787 0.00625 0.012037
0 0.759896 0.510648 0.00520833 0.0101852
0 0.713281 0.776852 0.00572917 0.0111111
0 0.705208 0.247222 0.00625 0.0111111
0 0.758594 0.424537 0.00572917 0.0101852
0 0.76224 0.596759 0.00677083 0.0101852
0 0.757292 0.336111 0.00625 0.0111111
0 0.75599 0.249074 0.00572917 0.0111111
0 0.432292 0.397222 0.00520833 0.0111111
0 0.432813 0.503704 0.00625 0.012963
0 0.432552 0.295833 0.00572917 0.012037
0 0.435156 0.603704 0.00572917 0.0111111
0 0.435677 0.709259 0.00572917 0.0111111
