0 0.757031 0.807407 0.0078125 0.0148148
0 0.793229 0.443519 0.00729167 0.0111111
0 0.709635 0.725 0.0078125 0.012963
0 0.753646 0.718518 0.00729167 0.0111111
0 0.707031 0.635185 0.00677083 0.0111111
0 0.661979 0.642593 0.00520833 0.0111111
0 0.714844 0.816667 0.00989583 0.0185185
0 0.752083 0.625463 0.00625 0.0101852
0 0.804688 0.803704 0.00833333 0.0148148
0 0.598437 0.463889 0.00729167 0.0111111
0 0.613281 0.655093 0.0078125 0.012037
0 0.65599 0.286574 0.00677083 0.012037
0 0.796094 0.528704 0.0078125 0.0111111
0 0.603906 0.561574 0.0078125 0.012037
0 0.804167 0.714352 0.0104167 0.0138889
0 0.666667 0.730556 0.009375 0.0148148
0 0.615885 0.752778 0.00885417 0.012963
0 0.798437 0.619444 0.00833333 0.0111111
0 0.552865 0.669444 0.00989583 0.0111111
0 0.631771 0.840278 0.00729167 0.012037
0 0.557813 0.77037 0.00729167 0.0111111
0 0.605208 0.273611 0.00729167 0.012037
0 0.598958 0.364352 0.00833333 0.0138889
0 0.473958 0.381019 0.00833333 0.012037
0 0.483594 0.784722 0.00677083 0.0101852
0 0.542708 0.467593 0.00729167 0.0111111
0 0.476042 0.481019 0.00833333 0.0101852
0 0.541667 0.265278 0.00625 0.012037
0 0.479948 0.681481 0.00885417 0.012963
0 0.540104 0.367593 0.00833333 0.0111111
0 0.546615 0.571759 0.0078125 0.0138889
0 0.488021 0.88287 0.0114583 0.0157407
0 0.470052 0.28287 0.0078125 0.0138889
0 0.563542 0.869907 0.0125 0.0157407
0 0.475 0.584259 0.009375 0.012963
