0 0.671615 0.972685 0.00572917 0.0101852
0 0.552083 0.966204 0.00625 0.0101852
0 0.613542 0.856019 0.00729167 0.012037
0 0.613021 0.544444 0.00625 0.0111111
0 0.494531 0.961574 0.00677083 0.0101852
0 0.670833 0.863889 0.00625 0.0111111
0 0.497656 0.848611 0.00677083 0.012037
0 0.61276 0.651389 0.00677083 0.012037
0 0.670052 0.661574 0.00677083 0.012037
0 0.675 0.325463 0.00729167 0.0101852
0 0.671615 0.550463 0.00677083 0.012037
0 0.553646 0.541204 0.00729167 0.012037
0 0.736979 0.432407 0.00833333 0.012963
0 0.786719 0.982407 0.0078125 0.012963
0 0.613802 0.322222 0.0078125 0.0111111
0 0.736198 0.331019 0.00677083 0.0101852
0 0.729688 0.978241 0.00729167 0.0138889
0 0.434896 0.957407 0.00729167 0.0111111
0 0.554167 0.851389 0.00729167 0.0138889
0 0.729688 0.556944 0.00729167 0.012037
0 0.556771 0.651389 0.00729167 0.0138889
0 0.500781 0.747685 0.00677083 0.012037
0 0.790885 0.562037 0.00677083 0.0111111
0 0.780729 0.668981 0.00729167 0.012037
0 0.551042 0.317593 0.00729167 0.0111111
0 0.675781 0.431019 0.0078125 0.012037
0 0.49401 0.531944 0.00677083 0.012037
0 0.490885 0.312037 0.00677083 0.0111111
0 0.724479 0.665741 0.00625 0.012963
0 0.727083 0.764815 0.00729167 0.0148148
0 0.501823 0.645833 0.00677083 0.012037
0 0.438021 0.844907 0.00729167 0.0138889
0 0.613542 0.426389 0.00729167 0.012037
0 0.782292 0.767593 0.00729167 0.012963
0 0.54974 0.42037 0.0078125 0.0111111
0 0.489062 0.413889 0.00833333 0.0111111
0 0.441927 0.743056 0.00677083 0.012037
0 0.785677 0.871296 0.0078125 0.012963
0 0.555729 0.752315 0.00729167 0.0138889
0 0.796094 0.337037 0.00677083 0.0111111
0 0.435677 0.527778 0.00677083 0.012963
0 0.43125 0.311574 0.00729167 0.012037
0 0.444531 0.640278 0.0078125 0.0138889
0 0.428125 0.411111 0.00833333 0.012963
0 0.728646 0.867593 0.0104167 0.0166667
0 0.800521 0.443056 0.0145833 0.0212963
