0 0.645833 0.558333 0.00729167 0.012963
0 0.332812 0.797685 0.00833333 0.012037
0 0.399219 0.605093 0.0078125 0.0138889
0 0.336198 0.70787 0.0109375 0.0138889
0 0.332812 0.202315 0.00729167 0.012037
0 0.599219 0.621759 0.0078125 0.012037
0 0.451562 0.318519 0.00729167 0.0111111
0 0.645052 0.769444 0.00885417 0.0166667
0 0.400521 0.515741 0.00833333 0.0148148
0 0.646875 0.695833 0.00833333 0.0138889
0 0.392969 0.203704 0.0078125 0.012963
0 0.338281 0.507407 0.0078125 0.0148148
0 0.663021 0.369444 0.009375 0.0148148
0 0.606771 0.468519 0.00625 0.0111111
0 0.392448 0.310648 0.0078125 0.0157407
0 0.340625 0.608333 0.0125 0.0166667
0 0.508073 0.325926 0.00677083 0.012963
0 0.615104 0.235648 0.00833333 0.0194444
0 0.475 0.616667 0.00833333 0.012963
0 0.557031 0.769907 0.00677083 0.0138889
0 0.659375 0.484722 0.00729167 0.012037
0 0.558594 0.691204 0.00677083 0.012037
0 0.467969 0.531018 0.0078125 0.012037
0 0.3375 0.409259 0.00729167 0.0148148
0 0.6 0.547222 0.00833333 0.012963
0 0.460156 0.437963 0.00677083 0.012963
0 0.401042 0.70787 0.009375 0.0175926
0 0.452344 0.211574 0.0078125 0.0157407
0 0.657552 0.235648 0.0078125 0.0157407
0 0.508594 0.453704 0.00677083 0.012963
0 0.609896 0.343519 0.00729167 0.0148148
0 0.333854 0.305093 0.009375 0.0175926
0 0.557292 0.455556 0.00729167 0.012963
0 0.60026 0.693519 0.0078125 0.0166667
0 0.464844 0.700926 0.00677083 0.0148148
0 0.515104 0.544907 0.0114583 0.0194444
0 0.553906 0.536574 0.00885417 0.0157407
0 0.397396 0.412037 0.009375 0.0185185
0 0.507031 0.216204 0.0078125 0.0157407
0 0.465625 0.788889 0.00729167 0.0185185
0 0.404427 0.805556 0.00989583 0.0185185
0 0.560938 0.341667 0.00833333 0.0185185
0 0.516146 0.688426 0.00833333 0.0175926
0 0.601302 0.762963 0.00989583 0.0185185
0 0.560677 0.222222 0.0109375 0.0203704
0 0.515104 0.780556 0.009375 0.0203704
0 0.647135 0.626852 0.0130208 0.0185185
