0 0.741406 0.225 0.00572917 0.00925926
0 0.473958 0.213426 0.00729167 0.0101852
0 0.651563 0.411574 0.00729167 0.012037
0 0.555469 0.613426 0.00572917 0.0101852
0 0.704948 0.493519 0.00572917 0.0111111
0 0.564844 0.805093 0.00572917 0.0101852
0 0.767187 0.662963 0.00625 0.0111111
0 0.770833 0.751852 0.00625 0.0111111
0 0.691406 0.230093 0.00677083 0.0101852
0 0.447917 0.846759 0.00625 0.0101852
0 0.695573 0.31713 0.00677083 0.0101852
0 0.719792 0.759259 0.00625 0.0111111
0 0.751302 0.399074 0.00677083 0.0111111
0 0.76224 0.571296 0.0078125 0.0111111
0 0.434635 0.637037 0.00572917 0.0111111
0 0.439844 0.743981 0.00572917 0.0101852
0 0.423177 0.431019 0.00572917 0.0101852
0 0.416667 0.228241 0.00625 0.0101852
0 0.711198 0.580556 0.00677083 0.0111111
0 0.746354 0.311111 0.00729167 0.0111111
0 0.420833 0.32963 0.00625 0.0111111
0 0.428646 0.537037 0.00729167 0.012963
