0 0.622917 0.473148 0.0104167 0.0185185
0 0.604427 0.462963 0.0119792 0.0203704
0 0.544531 0.735185 0.00885417 0.012963
0 0.553385 0.65787 0.00989583 0.0138889
0 0.584635 0.822685 0.00885417 0.012037
0 0.782812 0.486111 0.009375 0.0203704
0 0.497396 0.737963 0.00729167 0.012963
0 0.79401 0.380093 0.0078125 0.0157407
0 0.592448 0.743056 0.00989583 0.0138889
0 0.505469 0.655556 0.00885417 0.012963
0 0.648177 0.671296 0.0109375 0.0148148
0 0.640625 0.746759 0.0104167 0.0138889
0 0.677344 0.486111 0.00989583 0.0166667
0 0.489323 0.814352 0.00989583 0.0157407
0 0.620052 0.906944 0.0078125 0.012037
0 0.677344 0.830556 0.00885417 0.012963
0 0.560156 0.57037 0.0078125 0.012963
0 0.632552 0.824537 0.00989583 0.0138889
0 0.686198 0.752315 0.0078125 0.012037
0 0.530469 0.337037 0.00885417 0.0148148
0 0.665365 0.911111 0.0078125 0.012963
0 0.611458 0.577778 0.009375 0.0166667
0 0.6625 0.582407 0.00833333 0.0148148
0 0.583073 0.348611 0.00885417 0.0175926
0 0.430729 0.887963 0.00833333 0.012963
0 0.69401 0.677315 0.00885417 0.0138889
0 0.439844 0.809259 0.0078125 0.012963
0 0.50651 0.558796 0.0078125 0.0138889
0 0.447656 0.733796 0.0078125 0.0138889
0 0.567969 0.4625 0.0171875 0.0231481
0 0.690885 0.366204 0.00885417 0.0194444
0 0.733333 0.480093 0.0145833 0.025
0 0.757812 0.602778 0.00729167 0.0166667
0 0.45651 0.65463 0.0078125 0.012963
0 0.721615 0.837037 0.00885417 0.0148148
0 0.711979 0.59213 0.00729167 0.0138889
0 0.74401 0.372685 0.00989583 0.0212963
0 0.475 0.331481 0.00833333 0.0148148
0 0.71276 0.913426 0.0078125 0.0138889
0 0.518229 0.45 0.021875 0.0277778
0 0.635938 0.355556 0.0114583 0.0222222
0 0.73099 0.762963 0.00885417 0.0148148
0 0.461979 0.441204 0.0135417 0.0231481
0 0.739323 0.692593 0.00989583 0.0166667
0 0.457031 0.555556 0.0109375 0.0203704
