0 0.726302 0.480093 0.00677083 0.012037
0 0.585938 0.663426 0.00625 0.012037
0 0.6375 0.657407 0.00729167 0.0111111
0 0.584375 0.375 0.00833333 0.0148148
0 0.470313 0.47037 0.0114583 0.0203704
0 0.521094 0.47037 0.00989583 0.0166667
0 0.680469 0.483796 0.00677083 0.012037
0 0.728385 0.569444 0.00677083 0.0111111
0 0.580208 0.475 0.00833333 0.0148148
0 0.729167 0.651852 0.00729167 0.0111111
0 0.728906 0.740741 0.00677083 0.0111111
0 0.633333 0.485648 0.00625 0.012037
0 0.682031 0.571759 0.00677083 0.0101852
0 0.780729 0.909722 0.00729167 0.012037
0 0.49401 0.89213 0.0078125 0.012037
0 0.77526 0.481944 0.00677083 0.012037
0 0.684375 0.740278 0.00833333 0.012037
0 0.633854 0.573611 0.00625 0.012037
0 0.588802 0.744907 0.0078125 0.012037
0 0.732552 0.827315 0.0078125 0.012037
0 0.540104 0.741204 0.00729167 0.012037
0 0.578646 0.568519 0.00625 0.012963
0 0.640885 0.907407 0.00677083 0.012963
0 0.540365 0.818056 0.0078125 0.012037
0 0.777083 0.65463 0.00833333 0.012963
0 0.492188 0.744444 0.00833333 0.012963
0 0.68724 0.910185 0.00677083 0.012963
0 0.72474 0.393981 0.00677083 0.0138889
0 0.639323 0.824074 0.0078125 0.012963
0 0.542188 0.900463 0.00729167 0.012037
0 0.735156 0.911574 0.00677083 0.012037
0 0.686198 0.822685 0.0078125 0.012037
0 0.683594 0.65463 0.0078125 0.012963
0 0.49349 0.818981 0.0078125 0.012037
0 0.591406 0.828241 0.00885417 0.0138889
0 0.776042 0.570833 0.009375 0.0138889
0 0.78099 0.837963 0.00885417 0.012963
0 0.592188 0.908796 0.00729167 0.0138889
0 0.5375 0.662037 0.00833333 0.0148148
0 0.772135 0.398611 0.0078125 0.0138889
0 0.636198 0.743519 0.00885417 0.012963
0 0.678646 0.389352 0.00729167 0.0157407
0 0.525781 0.360185 0.00885417 0.0166667
0 0.778125 0.744907 0.0114583 0.0157407
0 0.634635 0.396296 0.0078125 0.0166667
