0 0.734635 0.345833 0.00677083 0.0101852
0 0.728385 0.25787 0.00677083 0.0101852
0 0.64974 0.45787 0.0078125 0.012037
0 0.777344 0.247222 0.00677083 0.0111111
0 0.742708 0.433333 0.00833333 0.012963
0 0.689323 0.359722 0.0078125 0.012037
0 0.744531 0.521759 0.00677083 0.012037
0 0.783073 0.333333 0.00677083 0.0111111
0 0.657031 0.545833 0.00677083 0.012037
0 0.700781 0.534722 0.00677083 0.012037
0 0.79401 0.504167 0.0078125 0.012037
0 0.646354 0.375 0.00833333 0.012963
0 0.761458 0.786574 0.00729167 0.0138889
0 0.789844 0.421296 0.00885417 0.012963
0 0.533854 0.382407 0.00833333 0.012963
0 0.59349 0.36713 0.0078125 0.0138889
0 0.467708 0.4 0.0104167 0.0148148
0 0.471094 0.500926 0.00885417 0.012963
0 0.596875 0.277315 0.00729167 0.0138889
0 0.595833 0.468519 0.00833333 0.012963
0 0.646875 0.283796 0.00833333 0.0138889
0 0.679167 0.809722 0.009375 0.0157407
0 0.486979 0.802315 0.00729167 0.012037
0 0.663802 0.6375 0.00677083 0.0138889
0 0.75599 0.699537 0.0078125 0.012037
0 0.6875 0.27037 0.00833333 0.012963
0 0.61901 0.753241 0.00885417 0.0138889
0 0.561719 0.780093 0.0078125 0.012037
0 0.539844 0.478241 0.00885417 0.0138889
0 0.752865 0.606944 0.0078125 0.012037
0 0.553385 0.679167 0.0119792 0.0157407
0 0.799219 0.59537 0.00885417 0.012963
0 0.602865 0.565741 0.00885417 0.012963
0 0.71901 0.804167 0.00885417 0.0157407
0 0.613802 0.65787 0.00885417 0.0138889
0 0.533073 0.280093 0.0078125 0.0138889
0 0.807292 0.687037 0.0114583 0.0148148
0 0.809896 0.778241 0.009375 0.0157407
0 0.636979 0.838889 0.00833333 0.012963
0 0.711979 0.7125 0.009375 0.0157407
0 0.473437 0.60463 0.009375 0.012963
0 0.707812 0.624537 0.009375 0.0138889
0 0.670573 0.724537 0.0109375 0.0175926
0 0.48125 0.700926 0.009375 0.0148148
0 0.463021 0.303704 0.00833333 0.0148148
0 0.545833 0.583333 0.0104167 0.0166667
0 0.494792 0.899074 0.0125 0.0166667
0 0.569271 0.875463 0.0125 0.0157407
