0 0.594792 0.366667 0.00625 0.0111111
0 0.343229 0.448611 0.00729167 0.012037
0 0.358854 0.624537 0.00729167 0.012037
0 0.64401 0.626852 0.00572917 0.0111111
0 0.384635 0.343981 0.0078125 0.012037
0 0.644531 0.713889 0.00572917 0.0111111
0 0.595573 0.796296 0.00677083 0.0111111
0 0.545573 0.28287 0.0078125 0.012037
0 0.644531 0.540278 0.00677083 0.012037
0 0.33125 0.347685 0.00833333 0.012037
0 0.64349 0.368056 0.00677083 0.0101852
0 0.358854 0.544444 0.00729167 0.012963
0 0.64375 0.457407 0.00729167 0.0111111
0 0.594792 0.281944 0.00729167 0.012037
0 0.386458 0.249537 0.00729167 0.0101852
0 0.64349 0.280093 0.0078125 0.012037
0 0.33125 0.250463 0.00729167 0.012037
