0 0.414323 0.256019 0.00572917 0.0101852
0 0.654948 0.497685 0.00677083 0.012037
0 0.645312 0.323611 0.00625 0.012037
0 0.596875 0.336111 0.00729167 0.012963
0 0.621875 0.776389 0.00625 0.012037
0 0.471875 0.234259 0.00625 0.0111111
0 0.715365 0.658333 0.00572917 0.0111111
0 0.766667 0.644444 0.00625 0.0111111
0 0.669792 0.760648 0.00625 0.012037
0 0.499479 0.75 0.00625 0.0111111
0 0.771354 0.733333 0.00625 0.0111111
0 0.753906 0.470833 0.00572917 0.0101852
0 0.692969 0.310185 0.00677083 0.012963
0 0.418229 0.356019 0.00520833 0.012037
0 0.555469 0.62037 0.00677083 0.0111111
0 0.703646 0.483333 0.00625 0.0111111
0 0.7 0.394907 0.00833333 0.0138889
0 0.450521 0.866667 0.00729167 0.012963
0 0.560938 0.71713 0.00625 0.012037
0 0.567448 0.809722 0.00572917 0.012037
0 0.429167 0.562037 0.00625 0.0148148
0 0.422917 0.457407 0.00520833 0.012963
0 0.738021 0.210185 0.00729167 0.012963
0 0.441406 0.764815 0.00572917 0.0111111
0 0.720833 0.744907 0.00625 0.012037
0 0.760938 0.55463 0.00729167 0.012963
0 0.748177 0.383333 0.0078125 0.012963
0 0.435417 0.660185 0.00625 0.0111111
0 0.65026 0.408333 0.0119792 0.0185185
0 0.743229 0.296296 0.00729167 0.012963
0 0.68776 0.223611 0.00885417 0.0157407
0 0.710677 0.568056 0.00677083 0.012037
