0 0.37526 0.702315 0.00677083 0.00833333
0 0.589583 0.293519 0.00625 0.0111111
0 0.644531 0.560648 0.00677083 0.0101852
0 0.371875 0.0814815 0.00625 0.00925926
0 0.635156 0.119444 0.00677083 0.00925926
0 0.64375 0.46713 0.00729167 0.0101852
0 0.374479 0.600463 0.00625 0.0101852
0 0.31224 0.189815 0.00572917 0.0111111
0 0.43776 0.67963 0.00677083 0.0111111
0 0.311458 0.0884259 0.00625 0.0101852
0 0.59401 0.650926 0.00572917 0.0111111
0 0.644792 0.65 0.00625 0.0111111
0 0.638802 0.29537 0.00677083 0.0111111
0 0.435677 0.484722 0.00677083 0.0101852
0 0.636719 0.20787 0.00677083 0.0101852
0 0.3125 0.290741 0.00625 0.0111111
0 0.436979 0.581481 0.00625 0.0111111
0 0.319531 0.705093 0.0078125 0.0101852
0 0.316406 0.602315 0.00572917 0.0101852
0 0.314583 0.496296 0.00625 0.0111111
0 0.31276 0.39537 0.00677083 0.0111111
