0 0.593229 0.968056 0.00625 0.0101852
0 0.533073 0.960648 0.00677083 0.0101852
0 0.661719 0.761574 0.00572917 0.0101852
0 0.60599 0.753241 0.00677083 0.0101852
0 0.60026 0.855093 0.00677083 0.012037
0 0.651563 0.974537 0.00729167 0.012037
0 0.483854 0.844444 0.00625 0.0111111
0 0.475 0.955556 0.00729167 0.0111111
0 0.666667 0.662037 0.00625 0.0111111
0 0.65625 0.865278 0.00729167 0.012037
0 0.540885 0.848611 0.0078125 0.012037
0 0.49349 0.741667 0.00677083 0.0111111
0 0.67474 0.551852 0.00677083 0.012963
0 0.611458 0.650926 0.00729167 0.012963
0 0.617188 0.544907 0.00625 0.012037
0 0.686719 0.43287 0.00677083 0.012037
0 0.752083 0.335185 0.00729167 0.0111111
0 0.691406 0.328241 0.0078125 0.012037
0 0.555469 0.648611 0.00677083 0.0138889
0 0.766667 0.988889 0.00833333 0.012963
0 0.558854 0.538426 0.00729167 0.012037
0 0.630469 0.322685 0.00885417 0.012037
0 0.425781 0.838889 0.0078125 0.012963
0 0.416927 0.949074 0.0078125 0.012963
0 0.777604 0.673611 0.00729167 0.012037
0 0.498958 0.527778 0.00729167 0.012963
0 0.56901 0.314815 0.0078125 0.0111111
0 0.5 0.640741 0.00729167 0.012963
0 0.561458 0.418056 0.00729167 0.012037
0 0.709635 0.981944 0.00885417 0.0138889
0 0.500521 0.409259 0.009375 0.012963
0 0.79349 0.567593 0.0078125 0.012963
0 0.71849 0.768519 0.0078125 0.012963
0 0.8125 0.343519 0.00833333 0.012963
0 0.508594 0.308796 0.0078125 0.0101852
0 0.771094 0.877315 0.0078125 0.012037
0 0.733594 0.562037 0.0078125 0.0148148
0 0.624479 0.426852 0.00729167 0.012963
0 0.44349 0.635648 0.0078125 0.0138889
0 0.449219 0.305093 0.00885417 0.012037
0 0.440104 0.522222 0.00729167 0.012963
0 0.748177 0.437963 0.00885417 0.0148148
0 0.548958 0.748148 0.00729167 0.0148148
0 0.721875 0.668981 0.00729167 0.0138889
0 0.434375 0.737037 0.00729167 0.012963
0 0.440365 0.406019 0.0078125 0.0138889
0 0.772917 0.772222 0.00833333 0.012963
0 0.714844 0.872222 0.0109375 0.0185185
0 0.810156 0.449537 0.0140625 0.0212963
