0 0.554427 0.737963 0.0078125 0.0111111
0 0.50625 0.739815 0.00833333 0.0111111
0 0.604427 0.659722 0.00989583 0.0138889
0 0.505729 0.815278 0.009375 0.012037
0 0.742708 0.909259 0.00729167 0.0111111
0 0.602083 0.901389 0.00833333 0.012037
0 0.603385 0.822685 0.00885417 0.012037
0 0.648438 0.905093 0.00729167 0.012037
0 0.55625 0.661574 0.009375 0.012037
0 0.653646 0.746759 0.009375 0.012037
0 0.497656 0.45463 0.0171875 0.0240741
0 0.694792 0.908796 0.00729167 0.012037
0 0.508073 0.658333 0.0078125 0.0111111
0 0.70026 0.750926 0.0078125 0.012963
0 0.651563 0.824537 0.009375 0.012037
0 0.605208 0.74537 0.0104167 0.012963
0 0.554427 0.571759 0.00677083 0.012037
0 0.503125 0.338426 0.00833333 0.0157407
0 0.445312 0.334722 0.00833333 0.0138889
0 0.772917 0.377315 0.00833333 0.0157407
0 0.457552 0.736574 0.0078125 0.012037
0 0.744531 0.833333 0.00885417 0.012963
0 0.454427 0.891204 0.0078125 0.012037
0 0.665104 0.482407 0.00833333 0.0148148
0 0.698698 0.828704 0.00885417 0.012963
0 0.747135 0.759259 0.0078125 0.012963
0 0.653646 0.667593 0.0104167 0.012963
0 0.552865 0.466204 0.0140625 0.0194444
0 0.458333 0.659259 0.00729167 0.012963
0 0.456771 0.8125 0.00833333 0.0138889
0 0.772917 0.485185 0.00833333 0.0185185
0 0.659635 0.582407 0.00885417 0.012963
0 0.700521 0.674537 0.00833333 0.0138889
0 0.709635 0.589352 0.00677083 0.012037
0 0.757812 0.599537 0.00729167 0.0157407
0 0.747396 0.688889 0.00833333 0.0148148
0 0.607813 0.577778 0.00833333 0.0148148
0 0.5 0.560648 0.00729167 0.0138889
0 0.554948 0.349074 0.00885417 0.0166667
0 0.666146 0.363889 0.00833333 0.0185185
0 0.607813 0.470833 0.0104167 0.0157407
0 0.721615 0.371296 0.00989583 0.0203704
0 0.720052 0.478241 0.0130208 0.0231481
0 0.448958 0.559259 0.0104167 0.0203704
0 0.440885 0.444444 0.0119792 0.0222222
0 0.610417 0.353704 0.0104167 0.0222222
