0 0.426562 0.822685 0.00625 0.0101852
0 0.561458 0.506019 0.00520833 0.0101852
0 0.558073 0.605093 0.00572917 0.0101852
0 0.683333 0.242593 0.00625 0.00925926
0 0.546354 0.796296 0.00625 0.00925926
0 0.767448 0.505093 0.00572917 0.0101852
0 0.51224 0.302315 0.00572917 0.0101852
0 0.726042 0.327315 0.00625 0.012037
0 0.716406 0.505093 0.00572917 0.0101852
0 0.708594 0.682407 0.00572917 0.0111111
0 0.520312 0.196759 0.00729167 0.0101852
0 0.721615 0.416204 0.00677083 0.012037
0 0.7125 0.591667 0.00729167 0.0111111
0 0.771875 0.41713 0.00625 0.0101852
0 0.429948 0.719907 0.00572917 0.0101852
0 0.754167 0.771296 0.00625 0.0111111
0 0.779688 0.241204 0.00625 0.0101852
0 0.73125 0.241667 0.00729167 0.0111111
0 0.759896 0.681944 0.00625 0.0101852
0 0.460677 0.205093 0.00677083 0.0101852
0 0.702865 0.771296 0.00677083 0.0111111
0 0.441406 0.513426 0.00677083 0.012037
0 0.764323 0.590278 0.00677083 0.012037
0 0.672656 0.41713 0.0109375 0.0175926
0 0.435937 0.613426 0.00625 0.012037
0 0.776563 0.329167 0.00729167 0.012037
0 0.447135 0.40787 0.00572917 0.012037
0 0.454688 0.305556 0.00625 0.0111111
