0 0.633333 0.616204 0.00625 0.0101852
0 0.536458 0.344907 0.00729167 0.0101852
0 0.671875 0.16713 0.00729167 0.0101852
0 0.35625 0.144907 0.009375 0.0138889
0 0.590104 0.711111 0.00729167 0.0111111
0 0.542708 0.172685 0.00833333 0.012037
0 0.673958 0.256019 0.00729167 0.012037
0 0.584115 0.434259 0.00677083 0.0111111
0 0.586979 0.616667 0.00729167 0.0111111
0 0.365104 0.748148 0.009375 0.012963
0 0.536458 0.262037 0.00833333 0.0111111
0 0.484375 0.234722 0.00833333 0.0138889
0 0.545573 0.616204 0.0078125 0.012037
0 0.586458 0.526389 0.00729167 0.012037
0 0.627604 0.434722 0.00625 0.0101852
0 0.683854 0.618981 0.00729167 0.0101852
0 0.677604 0.347222 0.00833333 0.0111111
0 0.632812 0.706481 0.00729167 0.00925926
0 0.492188 0.153241 0.00729167 0.012037
0 0.430208 0.139352 0.00729167 0.012037
0 0.540885 0.437963 0.0078125 0.0111111
0 0.482552 0.341204 0.0078125 0.0101852
0 0.541667 0.526852 0.00833333 0.012963
0 0.49375 0.63287 0.00833333 0.012037
0 0.677604 0.428704 0.00729167 0.012963
0 0.679688 0.521759 0.00833333 0.012037
0 0.631771 0.521759 0.00729167 0.012037
0 0.357292 0.349074 0.009375 0.012963
0 0.682292 0.705556 0.009375 0.012963
0 0.361198 0.64537 0.0078125 0.012963
0 0.43099 0.540741 0.00989583 0.012963
0 0.426562 0.237037 0.009375 0.012963
0 0.357812 0.546759 0.009375 0.012037
0 0.492188 0.535185 0.009375 0.0111111
0 0.485677 0.440278 0.00885417 0.012037
0 0.507292 0.723611 0.00625 0.012037
0 0.426823 0.338426 0.0078125 0.012037
0 0.357552 0.242593 0.0109375 0.012963
0 0.429427 0.444444 0.00885417 0.012963
0 0.435937 0.645833 0.00833333 0.012037
0 0.356771 0.446296 0.0104167 0.012963
0 0.439063 0.743056 0.0114583 0.0157407
