0 0.61224 0.403241 0.00677083 0.012037
0 0.676562 0.918056 0.00520833 0.0101852
0 0.561198 0.468981 0.00572917 0.0101852
0 0.761458 0.590741 0.00625 0.00925926
0 0.629167 0.915741 0.00520833 0.0111111
0 0.488281 0.894444 0.00572917 0.0111111
0 0.56224 0.560648 0.00572917 0.0101852
0 0.485417 0.811111 0.00625 0.0111111
0 0.571094 0.65787 0.00677083 0.012037
0 0.525781 0.65 0.00572917 0.0111111
0 0.716146 0.668981 0.00729167 0.0101852
0 0.768229 0.760648 0.00729167 0.0101852
0 0.576042 0.823148 0.00625 0.0111111
0 0.770833 0.850463 0.00729167 0.0101852
0 0.534375 0.901389 0.00625 0.0101852
0 0.764323 0.674537 0.00677083 0.0101852
0 0.558333 0.379167 0.00625 0.0101852
0 0.510677 0.557407 0.00572917 0.0111111
0 0.580208 0.907407 0.00625 0.0111111
0 0.528906 0.73287 0.00677083 0.012037
0 0.575 0.738426 0.00729167 0.012037
0 0.758594 0.503704 0.00677083 0.0111111
0 0.461458 0.550463 0.00625 0.012037
0 0.483594 0.727778 0.0078125 0.012963
0 0.658854 0.40787 0.00729167 0.012037
0 0.708854 0.412963 0.00729167 0.012963
0 0.5 0.451389 0.00729167 0.012037
0 0.480208 0.647222 0.00625 0.012963
0 0.75651 0.418056 0.00677083 0.012037
0 0.498177 0.356944 0.0078125 0.012037
0 0.444271 0.351389 0.00729167 0.012037
0 0.447396 0.448611 0.009375 0.0138889
