0 0.682031 0.727315 0.00677083 0.012037
0 0.464583 0.749537 0.0125 0.0157407
0 0.523958 0.738426 0.00729167 0.0138889
0 0.722917 0.725926 0.00833333 0.012963
0 0.767708 0.655556 0.00729167 0.012963
0 0.563542 0.446759 0.00625 0.012037
0 0.467187 0.74537 0.0125 0.0166667
0 0.72474 0.336574 0.00989583 0.0194444
0 0.620573 0.44537 0.00677083 0.012963
0 0.440885 0.35 0.0078125 0.012963
0 0.675521 0.565741 0.00729167 0.0148148
0 0.773958 0.793981 0.00729167 0.0138889
0 0.519531 0.648611 0.0078125 0.0138889
0 0.460417 0.650926 0.00833333 0.012963
0 0.53099 0.840278 0.00989583 0.0157407
0 0.590104 0.653241 0.00729167 0.012037
0 0.725 0.573611 0.00625 0.012037
0 0.502344 0.341204 0.0078125 0.0138889
0 0.721615 0.647222 0.0078125 0.012963
0 0.766406 0.330556 0.0078125 0.0166667
0 0.464844 0.844444 0.0109375 0.0166667
0 0.626302 0.572222 0.00677083 0.012963
0 0.778646 0.57963 0.00729167 0.012963
0 0.453385 0.553241 0.0078125 0.0138889
0 0.536979 0.9375 0.0104167 0.0175926
0 0.777083 0.461574 0.009375 0.0157407
0 0.577344 0.564352 0.00677083 0.012037
0 0.59375 0.825926 0.00729167 0.012963
0 0.59974 0.740278 0.00885417 0.0138889
0 0.775 0.865741 0.00833333 0.0148148
0 0.684635 0.801852 0.00677083 0.012963
0 0.727604 0.796296 0.00833333 0.0148148
0 0.724219 0.447685 0.0078125 0.0157407
0 0.68724 0.881019 0.0078125 0.0157407
0 0.445052 0.449074 0.00989583 0.0185185
0 0.504687 0.449074 0.009375 0.0166667
0 0.63724 0.660648 0.0119792 0.0175926
0 0.642708 0.803704 0.00833333 0.0166667
0 0.560938 0.338426 0.00833333 0.0157407
0 0.676302 0.647685 0.00989583 0.0175926
0 0.597656 0.912037 0.0078125 0.0203704
0 0.514063 0.547222 0.009375 0.0185185
0 0.673437 0.450926 0.00833333 0.0185185
0 0.615885 0.335648 0.0078125 0.0157407
0 0.646094 0.894907 0.00885417 0.0194444
0 0.66875 0.33287 0.009375 0.0194444
0 0.731771 0.86713 0.009375 0.0194444
0 0.772135 0.722685 0.0130208 0.0194444
