0 0.679427 0.755556 0.0078125 0.012963
0 0.622656 0.755093 0.0078125 0.0138889
0 0.550521 0.546296 0.00833333 0.012963
0 0.458854 0.969907 0.00729167 0.012037
0 0.751823 0.97037 0.00677083 0.012963
0 0.667188 0.545833 0.00833333 0.0138889
0 0.628125 0.858796 0.00833333 0.012037
0 0.671875 0.655556 0.00729167 0.012963
0 0.686458 0.860185 0.00833333 0.012963
0 0.559896 0.652778 0.00729167 0.012963
0 0.608854 0.54537 0.00729167 0.012963
0 0.614844 0.651389 0.0078125 0.0138889
0 0.510417 0.75463 0.00729167 0.012963
0 0.569792 0.856944 0.009375 0.0157407
0 0.810417 0.972222 0.00729167 0.012963
0 0.538021 0.426389 0.009375 0.012037
0 0.474219 0.320833 0.00885417 0.012037
0 0.725781 0.549074 0.0078125 0.012963
0 0.664062 0.426852 0.00833333 0.012963
0 0.490625 0.542593 0.00833333 0.012963
0 0.505208 0.653241 0.00833333 0.0138889
0 0.596615 0.323148 0.0078125 0.012963
0 0.432552 0.541204 0.00677083 0.012037
0 0.658333 0.322685 0.00833333 0.0138889
0 0.454948 0.858796 0.0078125 0.0138889
0 0.478125 0.423148 0.009375 0.012963
0 0.565885 0.754167 0.0078125 0.0138889
0 0.41901 0.425463 0.0078125 0.012037
0 0.726042 0.425926 0.009375 0.012963
0 0.534115 0.321759 0.0078125 0.012037
0 0.801042 0.859259 0.00729167 0.012963
0 0.71849 0.322222 0.00885417 0.0111111
0 0.785937 0.547685 0.00833333 0.012037
0 0.727344 0.656482 0.0078125 0.0148148
0 0.451823 0.755556 0.0078125 0.0148148
0 0.601562 0.427315 0.009375 0.0138889
0 0.783333 0.656018 0.00833333 0.0138889
0 0.736458 0.756019 0.00833333 0.0138889
0 0.778385 0.323148 0.00989583 0.012963
0 0.414844 0.325 0.00885417 0.012963
0 0.448177 0.653241 0.00885417 0.0157407
0 0.74375 0.858796 0.0104167 0.0157407
0 0.788542 0.426852 0.0125 0.0148148
0 0.790885 0.755556 0.00989583 0.0148148
