0 0.490365 0.868981 0.00572917 0.0101852
0 0.668229 0.650926 0.00625 0.0111111
0 0.6625 0.961574 0.00625 0.0101852
0 0.484896 0.979167 0.00625 0.0101852
0 0.609375 0.755093 0.00625 0.0101852
0 0.54375 0.973611 0.00729167 0.012037
0 0.664062 0.854167 0.00625 0.0101852
0 0.603906 0.967593 0.00677083 0.0111111
0 0.673177 0.541204 0.00677083 0.012037
0 0.615104 0.546296 0.00625 0.0111111
0 0.607031 0.856944 0.0078125 0.012037
0 0.6125 0.650463 0.00729167 0.012037
0 0.55599 0.551852 0.00677083 0.0111111
0 0.425521 0.986574 0.00729167 0.012037
0 0.496615 0.76713 0.00677083 0.012037
0 0.547917 0.861574 0.00729167 0.012037
0 0.55599 0.660648 0.00677083 0.012037
0 0.721094 0.958796 0.00677083 0.012037
0 0.496615 0.55463 0.00677083 0.0111111
0 0.500521 0.666204 0.00625 0.012037
0 0.680729 0.421759 0.00729167 0.012037
0 0.559115 0.327315 0.00677083 0.0101852
0 0.732292 0.539352 0.00729167 0.0138889
0 0.682813 0.318056 0.00729167 0.0101852
0 0.621354 0.324074 0.00729167 0.0111111
0 0.778906 0.95463 0.00885417 0.0148148
0 0.723437 0.645833 0.00625 0.012037
0 0.74401 0.312037 0.0078125 0.0111111
0 0.779167 0.842593 0.00729167 0.0111111
0 0.742448 0.413426 0.00885417 0.0138889
0 0.779688 0.641204 0.00625 0.012037
0 0.61849 0.429167 0.00677083 0.012037
0 0.43776 0.771759 0.00677083 0.012037
0 0.555208 0.433333 0.00729167 0.0111111
0 0.791927 0.531482 0.00677083 0.0111111
0 0.494792 0.436574 0.00729167 0.012037
0 0.499479 0.333796 0.00729167 0.0101852
0 0.552604 0.7625 0.00729167 0.0138889
0 0.44349 0.671759 0.0078125 0.0138889
0 0.778125 0.738889 0.00833333 0.012963
0 0.431771 0.875463 0.00729167 0.012037
0 0.43724 0.559259 0.0078125 0.012963
0 0.439063 0.343981 0.00729167 0.012037
0 0.722917 0.746759 0.00833333 0.0138889
0 0.804688 0.308333 0.00833333 0.012963
0 0.433333 0.444907 0.00729167 0.0138889
0 0.722396 0.848148 0.0104167 0.0166667
0 0.804948 0.412963 0.0130208 0.0185185
