0 0.297622 0.250988 0.007631 0.012746
0 0.352731 0.242646 0.007172 0.013560
0 0.405891 0.240923 0.008133 0.012826
0 0.458189 0.232128 0.010462 0.019406
0 0.513386 0.230532 0.008449 0.019086
0 0.565248 0.223159 0.008449 0.019086
0 0.615875 0.216433 0.007721 0.014534
0 0.621572 0.319168 0.007991 0.019898
0 0.616102 0.436751 0.007263 0.015348
0 0.611817 0.522603 0.008313 0.016402
0 0.615547 0.591404 0.007631 0.012746
0 0.617857 0.662233 0.007037 0.010877
0 0.623434 0.737498 0.006579 0.011691
0 0.571332 0.328536 0.014254 0.025332
0 0.518641 0.344602 0.008313 0.016402
0 0.463193 0.346239 0.010830 0.016804
0 0.410532 0.352839 0.016544 0.021263
0 0.356022 0.352974 0.018279 0.025974
0 0.301716 0.357132 0.011648 0.023142
0 0.317080 0.465533 0.010966 0.019487
0 0.365559 0.456447 0.006121 0.012505
0 0.418950 0.454237 0.006625 0.012585
0 0.470215 0.450114 0.007353 0.017136
0 0.520181 0.440339 0.007676 0.013640
0 0.569618 0.435155 0.005572 0.011531
0 0.331700 0.559184 0.007037 0.010877
0 0.336294 0.635056 0.005708 0.014213
0 0.339471 0.708001 0.008772 0.015589
0 0.343768 0.783019 0.008681 0.013800
0 0.379908 0.544732 0.006669 0.013479
0 0.426830 0.539949 0.009778 0.015750
0 0.473687 0.528870 0.007172 0.013560
0 0.521432 0.525307 0.011745 0.015177
0 0.565815 0.520479 0.006578 0.011691
0 0.569792 0.594198 0.006121 0.012505
0 0.573541 0.668403 0.005940 0.008929
0 0.575939 0.745977 0.007998 0.010144
0 0.529817 0.751533 0.008591 0.012012
0 0.529774 0.675386 0.009139 0.012986
0 0.524905 0.599105 0.010281 0.015830
0 0.486368 0.759817 0.007037 0.010877
0 0.482781 0.683784 0.006444 0.009009
0 0.479490 0.608604 0.010739 0.015016
0 0.429734 0.612488 0.005895 0.008035
0 0.435195 0.690476 0.007952 0.009250
0 0.437844 0.768009 0.005572 0.011531
0 0.383013 0.626250 0.008591 0.012012
0 0.390831 0.700707 0.010875 0.017698
0 0.390257 0.774700 0.008358 0.017297
