0 0.44349 0.379167 0.00677083 0.012037
0 0.486198 0.833333 0.00572917 0.0111111
0 0.721875 0.824074 0.00625 0.0111111
0 0.707812 0.396296 0.00729167 0.012963
0 0.725 0.910185 0.00625 0.0111111
0 0.758594 0.480556 0.00677083 0.0111111
0 0.76224 0.568981 0.00677083 0.012037
0 0.773438 0.908333 0.00625 0.0111111
0 0.446094 0.475 0.0078125 0.012963
0 0.755469 0.393981 0.0078125 0.0138889
0 0.716146 0.651852 0.00729167 0.0111111
0 0.497135 0.375 0.00885417 0.012963
0 0.483333 0.75 0.00729167 0.012963
0 0.772135 0.825463 0.0078125 0.012037
0 0.767708 0.7375 0.00625 0.012037
0 0.764583 0.650926 0.00729167 0.012963
