0 0.667969 0.401389 0.0078125 0.012037
0 0.513542 0.568519 0.00625 0.0111111
0 0.522917 0.744444 0.00625 0.0111111
0 0.711198 0.915278 0.0046875 0.0101852
0 0.56901 0.743056 0.0078125 0.012037
0 0.47474 0.9125 0.00572917 0.0101852
0 0.761198 0.832407 0.00677083 0.0111111
0 0.520312 0.914815 0.00625 0.0111111
0 0.620052 0.403241 0.0078125 0.012037
0 0.714323 0.657407 0.00677083 0.0111111
0 0.478125 0.6625 0.00625 0.012037
0 0.764583 0.574537 0.00625 0.0101852
0 0.711458 0.827315 0.00625 0.0101852
0 0.477083 0.745833 0.00625 0.012037
0 0.507552 0.462963 0.0078125 0.0111111
0 0.475521 0.828241 0.00520833 0.0101852
0 0.463281 0.568981 0.00677083 0.012037
0 0.761458 0.743519 0.00729167 0.0111111
0 0.766146 0.485185 0.00625 0.0111111
0 0.763802 0.656944 0.00677083 0.012037
0 0.759635 0.916667 0.00677083 0.0111111
0 0.71875 0.399537 0.00729167 0.012037
0 0.453385 0.467593 0.0078125 0.012963
0 0.509635 0.370833 0.0078125 0.012037
0 0.454688 0.372222 0.00729167 0.012963
0 0.766146 0.399537 0.00729167 0.012037
