0 0.714583 0.663426 0.00625 0.012037
0 0.763542 0.584722 0.00625 0.012037
0 0.714844 0.834722 0.00572917 0.0101852
0 0.525781 0.905093 0.00677083 0.012037
0 0.714583 0.75 0.00625 0.0111111
0 0.664323 0.40463 0.0078125 0.012963
0 0.765104 0.841204 0.00625 0.012037
0 0.764583 0.668519 0.00625 0.012963
0 0.525 0.735648 0.00625 0.012037
0 0.4625 0.556481 0.00729167 0.012963
0 0.571615 0.739352 0.00677083 0.012037
0 0.479427 0.733796 0.00677083 0.012037
0 0.478906 0.651852 0.00677083 0.012963
0 0.714063 0.407407 0.00729167 0.012963
0 0.76224 0.411111 0.00885417 0.0148148
0 0.451042 0.359259 0.00729167 0.012963
0 0.451823 0.455556 0.0078125 0.012963
0 0.764063 0.753704 0.00625 0.0111111
0 0.7625 0.496296 0.00729167 0.012963
0 0.504687 0.362037 0.00729167 0.012963
