0 0.48099 0.9 0.00677083 0.0111111
0 0.725521 0.64213 0.00729167 0.012037
0 0.529427 0.473611 0.0130208 0.0194444
0 0.682292 0.563889 0.00729167 0.0111111
0 0.728125 0.560185 0.00729167 0.0111111
0 0.673958 0.903704 0.00729167 0.012963
0 0.529427 0.903704 0.00677083 0.012963
0 0.627865 0.902315 0.00677083 0.012037
0 0.729948 0.470833 0.00677083 0.012037
0 0.528646 0.576389 0.009375 0.0157407
0 0.485417 0.751852 0.00833333 0.0148148
0 0.582812 0.745833 0.00833333 0.012037
0 0.58151 0.827778 0.00885417 0.012963
0 0.723437 0.731019 0.00729167 0.012037
0 0.68099 0.647685 0.00885417 0.0138889
0 0.678385 0.734259 0.00989583 0.012963
0 0.721094 0.901852 0.00885417 0.012963
0 0.677604 0.81713 0.009375 0.0138889
0 0.629687 0.821296 0.00729167 0.012963
0 0.634896 0.569907 0.00729167 0.012037
0 0.484896 0.825926 0.00833333 0.012963
0 0.578906 0.909722 0.0078125 0.0138889
0 0.53099 0.823148 0.0078125 0.012963
0 0.584115 0.664815 0.00885417 0.012963
0 0.684896 0.479167 0.00729167 0.012037
0 0.533333 0.66713 0.00833333 0.0157407
0 0.533333 0.745833 0.00729167 0.0138889
0 0.722917 0.818056 0.009375 0.0138889
0 0.585156 0.474537 0.00989583 0.0157407
0 0.535156 0.362963 0.00989583 0.0166667
0 0.767708 0.899074 0.009375 0.012963
0 0.634896 0.651852 0.009375 0.012963
0 0.733333 0.383333 0.00729167 0.012963
0 0.777344 0.558796 0.00885417 0.0138889
0 0.779688 0.468981 0.00729167 0.012037
0 0.77526 0.64213 0.0078125 0.012037
0 0.58125 0.568981 0.00729167 0.0138889
0 0.629427 0.739352 0.00989583 0.0138889
0 0.594271 0.376852 0.009375 0.0166667
0 0.6375 0.484722 0.00729167 0.0138889
0 0.642187 0.393056 0.00833333 0.0175926
0 0.686979 0.383796 0.00833333 0.0175926
0 0.771615 0.826852 0.0109375 0.0166667
0 0.780208 0.385648 0.00833333 0.0138889
0 0.773177 0.733796 0.0109375 0.0157407
