0 0.479427 0.837037 0.00572917 0.0111111
0 0.5125 0.576389 0.00729167 0.012037
0 0.52474 0.918056 0.00677083 0.012037
0 0.764583 0.821759 0.00729167 0.012037
0 0.714844 0.649537 0.00677083 0.012037
0 0.52526 0.749537 0.00677083 0.012037
0 0.763281 0.733796 0.00677083 0.012037
0 0.714063 0.393981 0.00833333 0.0138889
0 0.763542 0.564352 0.00729167 0.012037
0 0.46224 0.578704 0.0078125 0.012963
0 0.478906 0.75463 0.00677083 0.012963
0 0.763802 0.648148 0.00677083 0.012963
0 0.763542 0.475463 0.00729167 0.012037
0 0.478646 0.671759 0.00729167 0.0138889
0 0.505208 0.378241 0.00729167 0.012037
0 0.504427 0.471759 0.00885417 0.0138889
0 0.451042 0.479167 0.009375 0.0138889
0 0.76276 0.390741 0.00885417 0.0148148
0 0.451042 0.383333 0.00729167 0.012963
