0 0.7375 0.358333 0.00625 0.0111111
0 0.731771 0.268519 0.00625 0.00925926
0 0.651823 0.461111 0.0078125 0.0111111
0 0.691927 0.365278 0.00677083 0.012037
0 0.657292 0.551389 0.00625 0.012037
0 0.78099 0.261111 0.00677083 0.0111111
0 0.74349 0.444444 0.0078125 0.012963
0 0.67526 0.818056 0.00989583 0.0175926
0 0.647917 0.376852 0.00729167 0.0111111
0 0.473698 0.4875 0.00885417 0.012037
0 0.596094 0.366204 0.00885417 0.0138889
0 0.794792 0.523148 0.00729167 0.0111111
0 0.702083 0.542593 0.00729167 0.0111111
0 0.785156 0.349074 0.00677083 0.0111111
0 0.651302 0.285185 0.0078125 0.012963
0 0.689844 0.275926 0.00885417 0.012963
0 0.599479 0.274537 0.00833333 0.012037
0 0.745313 0.535185 0.00729167 0.0111111
0 0.752604 0.621296 0.00729167 0.0111111
0 0.46875 0.383333 0.009375 0.012963
0 0.596875 0.465278 0.00729167 0.012037
0 0.711198 0.722685 0.00885417 0.0138889
0 0.791146 0.437963 0.009375 0.012963
0 0.663021 0.640741 0.00625 0.012963
0 0.755469 0.714352 0.0078125 0.012037
0 0.613021 0.656482 0.00833333 0.012963
0 0.473958 0.589815 0.0104167 0.012963
0 0.538542 0.268981 0.00729167 0.012037
0 0.603385 0.564352 0.00885417 0.012037
0 0.540625 0.469907 0.00833333 0.012037
0 0.467708 0.2875 0.00833333 0.0138889
0 0.553125 0.671296 0.0104167 0.0148148
0 0.759375 0.802778 0.00833333 0.0148148
0 0.485677 0.788426 0.0078125 0.012037
0 0.617448 0.753241 0.00885417 0.0138889
0 0.799219 0.614352 0.00885417 0.012037
0 0.716667 0.814815 0.009375 0.0166667
0 0.559896 0.772685 0.00833333 0.012037
0 0.536458 0.371296 0.00833333 0.012963
0 0.707031 0.63287 0.00885417 0.0138889
0 0.479948 0.686574 0.00885417 0.0138889
0 0.491927 0.889352 0.0119792 0.0157407
0 0.805729 0.708333 0.0114583 0.0148148
0 0.66875 0.730093 0.0104167 0.0175926
0 0.545833 0.575463 0.009375 0.0157407
0 0.808073 0.798148 0.00989583 0.0148148
0 0.634635 0.841204 0.00885417 0.0138889
0 0.566146 0.872222 0.0125 0.0148148
