0 0.522656 0.378704 0.00677083 0.0111111
0 0.688542 0.265741 0.00729167 0.012963
0 0.639323 0.365741 0.0078125 0.012963
0 0.60599 0.831944 0.0078125 0.0138889
0 0.69401 0.361574 0.0078125 0.0138889
0 0.517187 0.277778 0.00729167 0.0111111
0 0.486719 0.798611 0.00989583 0.0138889
0 0.552604 0.865741 0.00729167 0.012963
0 0.459896 0.285648 0.00625 0.012037
0 0.410417 0.497222 0.00625 0.0111111
0 0.582031 0.371296 0.0078125 0.012963
0 0.634635 0.27037 0.00885417 0.0148148
0 0.742708 0.460185 0.009375 0.012963
0 0.734896 0.550463 0.00833333 0.0138889
0 0.427865 0.806944 0.0078125 0.0138889
0 0.740625 0.263426 0.00833333 0.012037
0 0.577865 0.272685 0.0109375 0.0157407
0 0.404687 0.297685 0.00729167 0.012037
0 0.421615 0.705556 0.00677083 0.0111111
0 0.406771 0.393056 0.00729167 0.012037
0 0.746615 0.355093 0.00989583 0.0138889
