0 0.438021 0.624074 0.00625 0.00925926
0 0.376563 0.345833 0.0166667 0.0212963
0 0.339844 0.782407 0.0078125 0.0111111
0 0.65026 0.246759 0.00885417 0.0157407
0 0.4875 0.625463 0.00833333 0.0101852
0 0.535156 0.703704 0.0078125 0.0111111
0 0.390104 0.546759 0.00729167 0.012037
0 0.433854 0.459259 0.00625 0.012963
0 0.48724 0.783796 0.00677083 0.012037
0 0.581771 0.70463 0.00729167 0.0111111
0 0.582552 0.626389 0.00677083 0.0101852
0 0.488021 0.70463 0.00729167 0.0111111
0 0.439844 0.703704 0.0078125 0.012963
0 0.436198 0.783333 0.00677083 0.012963
0 0.339844 0.55 0.0078125 0.012963
0 0.339844 0.629167 0.0078125 0.0138889
0 0.532812 0.781944 0.00729167 0.012037
0 0.390365 0.631481 0.0078125 0.012963
0 0.436979 0.546759 0.009375 0.0138889
0 0.340104 0.70463 0.00729167 0.012963
0 0.377604 0.231944 0.00729167 0.0138889
0 0.536198 0.624074 0.00885417 0.0111111
0 0.579167 0.783796 0.00729167 0.012037
0 0.378646 0.451852 0.00729167 0.012963
0 0.628385 0.70463 0.0078125 0.012963
0 0.485417 0.543056 0.00833333 0.012037
0 0.628125 0.783333 0.00833333 0.012963
0 0.320833 0.22963 0.00833333 0.0148148
0 0.581771 0.550926 0.00729167 0.0111111
0 0.589063 0.4625 0.00729167 0.012037
0 0.390625 0.705093 0.00833333 0.0157407
0 0.388281 0.78287 0.0078125 0.0157407
0 0.629167 0.631019 0.00833333 0.0138889
0 0.535677 0.547222 0.0119792 0.0148148
0 0.538281 0.461111 0.0078125 0.012963
0 0.63724 0.470833 0.00677083 0.0138889
0 0.430469 0.237963 0.0078125 0.0166667
0 0.486979 0.462037 0.00833333 0.0148148
0 0.485417 0.353704 0.0104167 0.0148148
0 0.484635 0.237963 0.00989583 0.0203704
0 0.316927 0.337037 0.0119792 0.0222222
0 0.628385 0.560185 0.00885417 0.0166667
0 0.542448 0.360648 0.00885417 0.0157407
0 0.43099 0.350926 0.0140625 0.0203704
0 0.597917 0.24537 0.00833333 0.0185185
0 0.328385 0.452778 0.0109375 0.0203704
0 0.648698 0.356019 0.00885417 0.0175926
0 0.596875 0.355556 0.0125 0.0240741
0 0.541406 0.243519 0.0078125 0.0185185
