0 0.640625 0.659259 0.00625 0.0111111
0 0.486719 0.528241 0.00572917 0.0101852
0 0.526823 0.728241 0.0078125 0.0101852
0 0.557552 0.449074 0.00572917 0.0111111
0 0.630469 0.743519 0.00677083 0.0111111
0 0.564583 0.339815 0.00625 0.0111111
0 0.621615 0.828704 0.00677083 0.0111111
0 0.548177 0.543056 0.00677083 0.012037
0 0.475 0.627778 0.00729167 0.0111111
0 0.601302 0.560648 0.00677083 0.012037
0 0.678125 0.758796 0.00729167 0.012037
0 0.697135 0.59213 0.00677083 0.012037
0 0.686719 0.673148 0.00677083 0.012963
0 0.520052 0.221759 0.00677083 0.012037
0 0.584115 0.729167 0.00677083 0.012037
0 0.650781 0.575 0.0078125 0.012963
0 0.498177 0.423148 0.0078125 0.0111111
0 0.518229 0.826852 0.00833333 0.0111111
0 0.611198 0.46713 0.00677083 0.012037
0 0.463021 0.20787 0.00833333 0.012037
0 0.667708 0.840278 0.00729167 0.012037
0 0.663021 0.485648 0.00729167 0.012037
0 0.463802 0.72963 0.00885417 0.0111111
0 0.427865 0.508333 0.00677083 0.012963
0 0.678906 0.381944 0.0078125 0.012037
0 0.576302 0.239815 0.0078125 0.0111111
0 0.572917 0.818056 0.00729167 0.012037
0 0.722135 0.769907 0.0078125 0.012037
0 0.741146 0.605093 0.00729167 0.012037
0 0.508333 0.320833 0.00729167 0.012037
0 0.405729 0.711111 0.00729167 0.0111111
0 0.415365 0.6125 0.00677083 0.012037
0 0.438542 0.406481 0.00729167 0.012963
0 0.730469 0.685648 0.00885417 0.0138889
0 0.451302 0.301852 0.00677083 0.0111111
0 0.623177 0.360185 0.0078125 0.012963
0 0.732552 0.401389 0.0078125 0.012037
0 0.688802 0.285185 0.0078125 0.0111111
0 0.711719 0.856944 0.00885417 0.0138889
0 0.742448 0.306481 0.00885417 0.012963
0 0.793229 0.327315 0.00833333 0.012037
0 0.713802 0.50463 0.00885417 0.012963
0 0.635677 0.262963 0.00989583 0.012963
0 0.76276 0.519907 0.0078125 0.0138889
0 0.784115 0.420833 0.00885417 0.0138889
