0 0.678646 0.726852 0.00625 0.0111111
0 0.522135 0.736574 0.0078125 0.0138889
0 0.765885 0.658796 0.00677083 0.012037
0 0.720833 0.727315 0.00729167 0.012037
0 0.51901 0.649074 0.0078125 0.012963
0 0.678646 0.803704 0.00625 0.012963
0 0.459635 0.648611 0.0078125 0.012037
0 0.457812 0.943981 0.00833333 0.0138889
0 0.56901 0.445833 0.00677083 0.012037
0 0.589323 0.653241 0.0078125 0.012037
0 0.720052 0.649537 0.0078125 0.0138889
0 0.45026 0.347222 0.0078125 0.012963
0 0.726562 0.573611 0.00729167 0.012037
0 0.596094 0.738889 0.00885417 0.012963
0 0.627865 0.571759 0.00677083 0.012037
0 0.62526 0.444444 0.00677083 0.012963
0 0.578906 0.563426 0.00677083 0.012037
0 0.52474 0.841204 0.00885417 0.0157407
0 0.58724 0.825 0.00677083 0.012963
0 0.767708 0.79537 0.00729167 0.0148148
0 0.728125 0.447685 0.00729167 0.0157407
0 0.779427 0.581019 0.00677083 0.0138889
0 0.722135 0.798148 0.0078125 0.0148148
0 0.45599 0.551389 0.00677083 0.012037
0 0.676823 0.566667 0.0078125 0.012963
0 0.678906 0.881481 0.00677083 0.0148148
0 0.527083 0.938889 0.0104167 0.0166667
0 0.780469 0.464352 0.00989583 0.0157407
0 0.459375 0.75 0.0135417 0.0166667
0 0.511198 0.447222 0.0078125 0.0148148
0 0.510417 0.339815 0.00729167 0.012963
0 0.457552 0.849537 0.0109375 0.0157407
0 0.767187 0.868519 0.00833333 0.0148148
0 0.774479 0.331944 0.00729167 0.0157407
0 0.73125 0.338426 0.009375 0.0194444
0 0.451302 0.449074 0.00989583 0.0185185
0 0.62474 0.334722 0.0078125 0.0157407
0 0.635417 0.663426 0.0114583 0.0175926
0 0.63776 0.805093 0.00885417 0.0175926
0 0.678385 0.452315 0.00885417 0.0194444
0 0.67474 0.647685 0.00989583 0.0175926
0 0.589323 0.912037 0.0078125 0.0185185
0 0.723698 0.869444 0.00989583 0.0185185
0 0.516146 0.545833 0.0104167 0.0194444
0 0.56849 0.3375 0.00885417 0.0175926
0 0.677865 0.334259 0.0109375 0.0203704
0 0.63776 0.89537 0.00885417 0.0203704
0 0.76849 0.724537 0.0130208 0.0194444
