0 0.643229 0.714815 0.00625 0.0111111
0 0.594271 0.282407 0.00833333 0.0148148
0 0.359635 0.790741 0.00572917 0.0111111
0 0.330729 0.347222 0.00729167 0.012963
0 0.405208 0.79213 0.00625 0.012037
0 0.391667 0.449537 0.00625 0.012037
0 0.642187 0.368056 0.00625 0.012037
0 0.594531 0.537963 0.00677083 0.0111111
0 0.358594 0.625 0.0078125 0.012963
0 0.642187 0.455093 0.00625 0.012037
0 0.342187 0.449074 0.00729167 0.012963
0 0.546094 0.793981 0.00677083 0.012037
0 0.329948 0.250926 0.00677083 0.012963
0 0.499479 0.79537 0.00625 0.012963
0 0.384375 0.343981 0.00729167 0.012037
0 0.546354 0.711574 0.00625 0.012037
0 0.594531 0.710648 0.00572917 0.012037
0 0.642187 0.281481 0.00833333 0.0148148
0 0.385156 0.250926 0.0078125 0.012963
0 0.595312 0.796296 0.00729167 0.012963
