0 0.722917 0.381944 0.00625 0.012037
0 0.586979 0.667593 0.00625 0.0111111
0 0.534375 0.488889 0.0104167 0.0148148
0 0.729167 0.728241 0.00625 0.0101852
0 0.583854 0.37963 0.00833333 0.012963
0 0.492708 0.75787 0.00833333 0.0138889
0 0.634115 0.570833 0.00572917 0.0101852
0 0.638281 0.653704 0.0078125 0.0111111
0 0.579687 0.570833 0.00625 0.012037
0 0.683333 0.648611 0.00833333 0.012037
0 0.73151 0.814815 0.00677083 0.0111111
0 0.773438 0.465741 0.00729167 0.0111111
0 0.632812 0.485185 0.00625 0.0111111
0 0.769792 0.381944 0.00729167 0.0138889
0 0.684115 0.733333 0.0078125 0.0111111
0 0.540885 0.748611 0.00677083 0.012037
0 0.589844 0.748148 0.0078125 0.0111111
0 0.495313 0.905093 0.00729167 0.012037
0 0.541927 0.828241 0.0078125 0.012037
0 0.528906 0.57963 0.00989583 0.0148148
0 0.494792 0.830556 0.00833333 0.012963
0 0.776302 0.638889 0.0078125 0.0111111
0 0.591406 0.831019 0.0078125 0.012037
0 0.677344 0.383333 0.0078125 0.0148148
0 0.641667 0.903704 0.00625 0.0111111
0 0.53776 0.670833 0.0078125 0.0138889
0 0.685677 0.816204 0.0078125 0.012037
0 0.632812 0.394907 0.00729167 0.0157407
0 0.734896 0.899074 0.00625 0.0111111
0 0.54349 0.908333 0.0078125 0.012963
0 0.639323 0.822222 0.00677083 0.0111111
0 0.592188 0.911111 0.00729167 0.012963
0 0.780208 0.893519 0.00833333 0.012963
0 0.780208 0.821296 0.00833333 0.012963
0 0.774479 0.556019 0.009375 0.0138889
0 0.525521 0.373611 0.0104167 0.0175926
0 0.579427 0.475463 0.00989583 0.0157407
0 0.68776 0.903241 0.00677083 0.0138889
0 0.636979 0.740741 0.009375 0.012963
0 0.778646 0.72963 0.0114583 0.0148148
