0 0.471875 0.186111 0.00625 0.00925926
0 0.45 0.809259 0.00729167 0.00925926
0 0.645312 0.331944 0.00625 0.0101852
0 0.703906 0.509722 0.00572917 0.0101852
0 0.715885 0.688889 0.00572917 0.0111111
0 0.70026 0.422685 0.00677083 0.012037
0 0.69375 0.334722 0.00625 0.0101852
0 0.498698 0.708796 0.00572917 0.0101852
0 0.754427 0.515278 0.00572917 0.0101852
0 0.767187 0.69213 0.00625 0.0101852
0 0.566146 0.79213 0.00520833 0.0101852
0 0.710938 0.599537 0.00729167 0.0101852
0 0.748958 0.426389 0.00625 0.0101852
0 0.771615 0.78287 0.00572917 0.0101852
0 0.760938 0.600926 0.00729167 0.0111111
0 0.73724 0.250926 0.00677083 0.0111111
0 0.720573 0.779167 0.00572917 0.0101852
0 0.688281 0.246296 0.00677083 0.0111111
0 0.744271 0.3375 0.00729167 0.012037
0 0.441146 0.705556 0.00625 0.0111111
0 0.435156 0.6 0.00572917 0.0111111
0 0.414844 0.190278 0.00677083 0.0101852
0 0.423438 0.393519 0.00625 0.0111111
0 0.419531 0.290741 0.00572917 0.0111111
0 0.428125 0.498611 0.00625 0.012037
