0 0.641667 0.561111 0.00625 0.0111111
0 0.482292 0.702315 0.00729167 0.0101852
0 0.693229 0.636111 0.00625 0.0111111
0 0.604427 0.742593 0.00677083 0.0111111
0 0.632031 0.266667 0.00677083 0.0111111
0 0.651042 0.731944 0.00729167 0.012037
0 0.470573 0.497222 0.00677083 0.0111111
0 0.549219 0.770833 0.00677083 0.012037
0 0.744792 0.708333 0.00833333 0.0111111
0 0.640365 0.469444 0.00677083 0.0111111
0 0.689844 0.551852 0.00677083 0.0111111
0 0.593229 0.572222 0.00625 0.0111111
0 0.516667 0.28287 0.00729167 0.0101852
0 0.586719 0.479167 0.00677083 0.012037
0 0.401563 0.311574 0.00833333 0.012037
0 0.686719 0.258333 0.00677083 0.0111111
0 0.416667 0.614815 0.00625 0.0111111
0 0.555469 0.868056 0.00677083 0.012037
0 0.702604 0.803241 0.00729167 0.012037
0 0.463542 0.394444 0.00729167 0.0111111
0 0.608073 0.831019 0.00677083 0.012037
0 0.699479 0.719907 0.00833333 0.012037
0 0.693229 0.353704 0.00729167 0.0111111
0 0.65625 0.81713 0.00729167 0.012037
0 0.738542 0.627315 0.00729167 0.012037
0 0.692187 0.460185 0.00729167 0.0111111
0 0.410937 0.510185 0.00625 0.0111111
0 0.638021 0.3625 0.00729167 0.012037
0 0.520833 0.383333 0.00729167 0.0111111
0 0.458333 0.29537 0.00729167 0.0111111
0 0.4875 0.806481 0.00833333 0.012963
0 0.405208 0.40787 0.00625 0.012037
0 0.429688 0.818981 0.00729167 0.012037
0 0.422135 0.718518 0.00677083 0.0111111
0 0.739844 0.251852 0.0078125 0.0111111
0 0.734635 0.541204 0.00677083 0.012037
0 0.748958 0.794444 0.00833333 0.012963
0 0.575781 0.274074 0.00989583 0.012963
0 0.741667 0.450926 0.00833333 0.0111111
0 0.58125 0.372222 0.00833333 0.012963
0 0.746875 0.34537 0.009375 0.012963
