0 0.59401 0.431481 0.00677083 0.0111111
0 0.804688 0.8375 0.00729167 0.012037
0 0.780469 0.636574 0.00677083 0.012037
0 0.530469 0.439352 0.0078125 0.012037
0 0.522656 0.335185 0.00677083 0.0111111
0 0.759896 0.955556 0.00833333 0.012963
0 0.45599 0.783796 0.00677083 0.012037
0 0.72526 0.643519 0.00677083 0.012963
0 0.720573 0.536574 0.0078125 0.0138889
0 0.461979 0.886574 0.00729167 0.0138889
0 0.654688 0.421759 0.00729167 0.012037
0 0.748438 0.845833 0.0104167 0.0175926
0 0.470573 0.446296 0.0078125 0.012963
0 0.818229 0.948148 0.00833333 0.0148148
0 0.779688 0.527315 0.00729167 0.012037
0 0.486979 0.562037 0.00729167 0.012963
0 0.448177 0.681019 0.0078125 0.0157407
0 0.715365 0.410185 0.00885417 0.012963
0 0.585156 0.327315 0.0078125 0.012037
0 0.429167 0.571296 0.00625 0.012963
0 0.410677 0.456944 0.00677083 0.0138889
0 0.791406 0.733796 0.00885417 0.0138889
0 0.704687 0.309259 0.00729167 0.0111111
0 0.764323 0.302778 0.0078125 0.012963
0 0.778385 0.406944 0.0161458 0.0212963
0 0.404687 0.356481 0.00729167 0.012963
