0 0.678357 0.815669 0.006645 0.010955
0 0.684503 0.715268 0.005680 0.012670
0 0.680301 0.599620 0.007759 0.012935
0 0.675189 0.487105 0.008315 0.013925
0 0.681949 0.384462 0.006125 0.010889
0 0.688431 0.282247 0.007684 0.011088
0 0.694097 0.174358 0.008277 0.013001
0 0.619226 0.812292 0.007127 0.010098
0 0.623351 0.710240 0.009242 0.011287
0 0.623214 0.590934 0.006757 0.013726
0 0.619122 0.479014 0.006088 0.009965
0 0.623413 0.379304 0.005568 0.009899
0 0.631008 0.275375 0.003935 0.007853
0 0.636136 0.167882 0.006645 0.010955
0 0.558723 0.804098 0.006570 0.009108
0 0.563666 0.701223 0.007127 0.010098
0 0.564920 0.579774 0.007351 0.015640
0 0.562590 0.469471 0.007164 0.011022
0 0.567846 0.371741 0.006719 0.012802
0 0.573176 0.272164 0.008203 0.011154
0 0.577805 0.157645 0.007164 0.011022
0 0.496701 0.794782 0.006088 0.009965
0 0.500343 0.691741 0.006200 0.012736
0 0.505103 0.573989 0.006088 0.009965
0 0.507207 0.470286 0.008240 0.012078
0 0.509663 0.364308 0.007535 0.007393
0 0.515346 0.262455 0.005643 0.011746
0 0.518268 0.151431 0.004455 0.007919
0 0.435028 0.789688 0.007647 0.010164
0 0.438207 0.685195 0.005568 0.009899
0 0.446660 0.566522 0.006607 0.010032
0 0.450694 0.460282 0.003935 0.007852
0 0.454355 0.356778 0.004974 0.007985
0 0.455920 0.253471 0.005011 0.008909
0 0.461661 0.143735 0.003378 0.006863
0 0.374582 0.780109 0.006088 0.009965
0 0.376480 0.681486 0.008277 0.013002
0 0.388328 0.556285 0.007351 0.015640
0 0.396202 0.451928 0.004122 0.012471
0 0.396709 0.348950 0.007314 0.014716
0 0.399035 0.246204 0.011100 0.018875
0 0.402420 0.136631 0.006682 0.011879
0 0.315062 0.773434 0.008760 0.012144
0 0.313864 0.667453 0.013734 0.020131
0 0.328754 0.550995 0.004567 0.010690
0 0.340579 0.445750 0.007164 0.011022
0 0.342849 0.344390 0.007721 0.012012
0 0.341260 0.241608 0.006645 0.010955
0 0.342678 0.128999 0.005717 0.013593
