0 0.309375 0.792130 0.006250 0.010185
0 0.307292 0.691204 0.005208 0.012037
0 0.316146 0.576389 0.007292 0.012037
0 0.325781 0.464815 0.007812 0.012963
0 0.323177 0.361574 0.005729 0.010185
0 0.320833 0.258796 0.007292 0.010185
0 0.319531 0.150463 0.007812 0.012037
0 0.368490 0.796296 0.006771 0.009259
0 0.368490 0.693981 0.008854 0.010185
0 0.373437 0.575000 0.006250 0.012963
0 0.382031 0.463889 0.005729 0.009259
0 0.381771 0.363889 0.005208 0.009259
0 0.378385 0.259259 0.003646 0.007407
0 0.377604 0.151389 0.006250 0.010185
0 0.429167 0.795833 0.006250 0.008333
0 0.428385 0.692593 0.006771 0.009259
0 0.432031 0.571296 0.006771 0.014815
0 0.438802 0.461574 0.006771 0.010185
0 0.437500 0.363426 0.006250 0.012037
0 0.436198 0.263426 0.007812 0.010185
0 0.436198 0.148611 0.006771 0.010185
0 0.491406 0.794444 0.005729 0.009259
0 0.491927 0.691204 0.005729 0.012037
0 0.491927 0.573148 0.005729 0.009259
0 0.494010 0.469444 0.007812 0.011111
0 0.495833 0.363426 0.007292 0.006481
0 0.494271 0.261111 0.005208 0.011111
0 0.495833 0.150000 0.004167 0.007407
0 0.553125 0.797222 0.007292 0.009259
0 0.554167 0.692593 0.005208 0.009259
0 0.550521 0.573148 0.006250 0.009259
0 0.550781 0.466667 0.003646 0.007407
0 0.551302 0.362963 0.004687 0.007407
0 0.553906 0.259722 0.004687 0.008333
0 0.552604 0.149537 0.003125 0.006481
0 0.613802 0.795370 0.005729 0.009259
0 0.615885 0.696759 0.007812 0.012037
0 0.609115 0.570370 0.006771 0.014815
0 0.605469 0.465278 0.003646 0.012037
0 0.609115 0.362500 0.006771 0.013889
0 0.610938 0.259722 0.010417 0.017593
0 0.611979 0.150000 0.006250 0.011111
0 0.673438 0.796296 0.008333 0.011111
0 0.678906 0.690741 0.013021 0.018519
0 0.668750 0.572685 0.004167 0.010185
0 0.661198 0.466204 0.006771 0.010185
0 0.663021 0.364815 0.007292 0.011111
0 0.668750 0.262500 0.006250 0.010185
0 0.671875 0.150000 0.005208 0.012963
