0 0.664858 0.198237 0.007188 0.014745
0 0.604724 0.202028 0.007557 0.014089
0 0.662542 0.603887 0.014264 0.020118
0 0.666382 0.796404 0.007925 0.013435
0 0.665633 0.700117 0.012397 0.017453
0 0.598199 0.803172 0.015546 0.025018
0 0.598225 0.705940 0.012637 0.021812
0 0.536350 0.787097 0.008471 0.019645
0 0.487327 0.779505 0.011621 0.027209
0 0.445604 0.772658 0.006820 0.015399
0 0.400506 0.767285 0.012117 0.021541
0 0.358109 0.774345 0.010097 0.017951
0 0.536190 0.699593 0.006363 0.012622
0 0.486098 0.688323 0.012637 0.021812
0 0.444211 0.693982 0.008383 0.016212
0 0.401770 0.695488 0.010402 0.019802
0 0.355970 0.700317 0.008751 0.015557
0 0.484709 0.610108 0.006274 0.009188
0 0.444141 0.618051 0.006731 0.011967
0 0.401477 0.624191 0.010617 0.018221
0 0.353865 0.630455 0.017109 0.025831
0 0.446130 0.538827 0.012269 0.022467
0 0.401404 0.547797 0.011507 0.017838
0 0.354121 0.562849 0.007341 0.015670
0 0.485260 0.547126 0.014352 0.023550
0 0.525900 0.615579 0.011355 0.016912
0 0.531745 0.529779 0.008599 0.014632
0 0.601328 0.602614 0.009577 0.017680
0 0.599850 0.512826 0.010097 0.017951
0 0.661754 0.502508 0.008904 0.016483
0 0.661772 0.404350 0.007036 0.013819
0 0.601386 0.409074 0.012269 0.022467
0 0.666680 0.298664 0.012422 0.023393
0 0.603987 0.308075 0.010402 0.019802
0 0.340416 0.240470 0.009360 0.019261
0 0.382866 0.240353 0.011532 0.023776
0 0.437697 0.224652 0.013679 0.022354
0 0.491023 0.216397 0.009577 0.017680
0 0.545674 0.210887 0.010770 0.019148
0 0.547811 0.318252 0.006210 0.011696
0 0.491367 0.327510 0.008230 0.015286
0 0.438362 0.343630 0.010186 0.021384
0 0.388628 0.344851 0.009056 0.017409
0 0.336245 0.373918 0.011138 0.018492
0 0.539361 0.437453 0.006667 0.014473
0 0.492085 0.453431 0.008446 0.013706
0 0.442371 0.457431 0.008535 0.017138
0 0.393009 0.472996 0.007036 0.013819
0 0.340778 0.488169 0.007861 0.015941
