0 0.252783 0.256711 0.006598 0.011078
0 0.261530 0.346647 0.005871 0.012370
0 0.281410 0.445239 0.007714 0.013061
0 0.301640 0.540707 0.008272 0.014052
0 0.310169 0.632862 0.006137 0.010905
0 0.318879 0.724522 0.007520 0.011423
0 0.329093 0.820749 0.008174 0.013233
0 0.304646 0.233435 0.006962 0.010432
0 0.315381 0.323908 0.008902 0.011941
0 0.332242 0.427479 0.006890 0.013534
0 0.351503 0.522883 0.006040 0.010086
0 0.361765 0.611395 0.005579 0.009914
0 0.369747 0.705038 0.004003 0.007758
0 0.380374 0.800682 0.006598 0.011078
0 0.358377 0.213734 0.006404 0.009440
0 0.368517 0.305284 0.006962 0.010432
0 0.384469 0.411335 0.007545 0.015345
0 0.401972 0.506114 0.007059 0.011250
0 0.411118 0.593334 0.006792 0.012715
0 0.420458 0.682192 0.007980 0.011595
0 0.432505 0.783719 0.007059 0.011250
0 0.413586 0.194334 0.006040 0.010086
0 0.424880 0.285453 0.006332 0.012543
0 0.437266 0.389845 0.006040 0.010086
0 0.449990 0.480857 0.008077 0.012414
0 0.462726 0.574000 0.007131 0.008148
0 0.472079 0.664992 0.005773 0.011551
0 0.485119 0.762725 0.004464 0.007931
0 0.467899 0.171422 0.007423 0.010604
0 0.479799 0.263596 0.005579 0.009914
0 0.489105 0.370425 0.006501 0.010259
0 0.500508 0.464496 0.004003 0.007758
0 0.511849 0.556026 0.004924 0.008103
0 0.524985 0.646455 0.005021 0.008922
0 0.535394 0.744319 0.003445 0.006767
0 0.521775 0.152949 0.006040 0.010086
0 0.533964 0.239457 0.008174 0.013233
0 0.541236 0.353462 0.007545 0.015345
0 0.549037 0.447599 0.004489 0.011852
0 0.563046 0.537274 0.007448 0.014526
0 0.575442 0.627552 0.011062 0.019009
0 0.587876 0.724231 0.006695 0.011896
0 0.574439 0.132364 0.008538 0.012587
0 0.590352 0.223891 0.013463 0.020691
0 0.593753 0.331649 0.004755 0.010387
0 0.598244 0.428310 0.007059 0.011250
0 0.610495 0.517360 0.007617 0.012242
0 0.626298 0.605935 0.006598 0.011078
0 0.640867 0.704379 0.005968 0.013189
