0 0.332005 0.203756 0.005241 0.012082
0 0.392166 0.205554 0.005759 0.011160
0 0.338576 0.609260 0.012017 0.013992
0 0.336758 0.801870 0.006278 0.010239
0 0.336495 0.705576 0.010450 0.012126
0 0.405000 0.806377 0.012550 0.018626
0 0.403953 0.709162 0.009941 0.016752
0 0.466669 0.788253 0.005774 0.016716
0 0.515603 0.779036 0.007875 0.023215
0 0.557248 0.770807 0.004722 0.013003
0 0.602281 0.763938 0.009420 0.016747
0 0.644745 0.769591 0.007850 0.013956
0 0.465911 0.700759 0.004715 0.010225
0 0.515876 0.687829 0.009941 0.016752
0 0.557815 0.692098 0.006285 0.013017
0 0.600264 0.692196 0.007855 0.015808
0 0.646107 0.695505 0.006804 0.012095
0 0.516444 0.609582 0.005226 0.006526
0 0.557088 0.616177 0.005233 0.009304
0 0.599809 0.620902 0.008371 0.013961
0 0.647478 0.625585 0.014113 0.018640
0 0.554268 0.537034 0.009423 0.017674
0 0.599080 0.544518 0.009410 0.013043
0 0.646514 0.558000 0.005243 0.013008
0 0.515231 0.546629 0.011506 0.017691
0 0.475317 0.616418 0.009408 0.012117
0 0.468574 0.530827 0.006801 0.011169
0 0.399766 0.605956 0.007330 0.013952
0 0.400303 0.516136 0.007850 0.013956
0 0.338301 0.507872 0.006806 0.013021
0 0.337252 0.409732 0.005238 0.011156
0 0.397678 0.412453 0.009423 0.017673
0 0.331236 0.304227 0.009425 0.018599
0 0.394017 0.311557 0.007855 0.015808
0 0.656833 0.235222 0.006814 0.015799
0 0.614388 0.236513 0.008386 0.019515
0 0.559402 0.222634 0.010982 0.016761
0 0.505999 0.216149 0.007330 0.013952
0 0.451300 0.212452 0.008373 0.014886
0 0.450290 0.319869 0.004712 0.009299
0 0.506822 0.327254 0.006283 0.012091
0 0.559987 0.341612 0.007340 0.017656
0 0.609725 0.341184 0.006809 0.013947
0 0.662404 0.368509 0.008892 0.013965
0 0.459989 0.438769 0.004720 0.012077
0 0.507425 0.453177 0.006799 0.010243
0 0.557172 0.455527 0.006288 0.013943
0 0.606689 0.469452 0.005238 0.011156
0 0.659070 0.482891 0.005764 0.013012
