0 0.356813 0.165099 0.006070 0.013171
0 0.416249 0.181754 0.006516 0.012378
0 0.331598 0.568286 0.012920 0.016623
0 0.314728 0.758575 0.006963 0.011585
0 0.322002 0.663151 0.011232 0.014415
0 0.381955 0.779910 0.013786 0.021335
0 0.388523 0.683381 0.011065 0.018879
0 0.444442 0.777211 0.006936 0.017884
0 0.493622 0.780182 0.009490 0.024803
0 0.535506 0.782329 0.005624 0.013965
0 0.580639 0.786662 0.010549 0.018754
0 0.622248 0.802760 0.008790 0.015628
0 0.450537 0.690379 0.005414 0.011212
0 0.501028 0.689929 0.011065 0.018879
0 0.542225 0.704526 0.007173 0.014338
0 0.584254 0.715118 0.008930 0.017463
0 0.629392 0.729730 0.007619 0.013544
0 0.507712 0.612583 0.005650 0.007666
0 0.547444 0.629163 0.005860 0.010418
0 0.589381 0.644405 0.009307 0.015753
0 0.636220 0.660829 0.015335 0.021709
0 0.550844 0.550092 0.010619 0.019672
0 0.594635 0.568583 0.010269 0.015084
0 0.640552 0.593661 0.006140 0.014089
0 0.511435 0.549941 0.012683 0.020169
0 0.466449 0.609183 0.010199 0.014166
0 0.466467 0.522757 0.007549 0.012627
0 0.392451 0.580144 0.008275 0.015504
0 0.400009 0.491329 0.008790 0.015628
0 0.339256 0.467815 0.007689 0.014462
0 0.345896 0.370370 0.006000 0.012254
0 0.405521 0.388005 0.010619 0.019672
0 0.348192 0.264403 0.010689 0.020589
0 0.409789 0.287184 0.008930 0.017463
0 0.676023 0.276572 0.007899 0.017215
0 0.633890 0.267356 0.009726 0.021257
0 0.580523 0.240017 0.012097 0.019127
0 0.528146 0.220391 0.008275 0.015504
0 0.474268 0.203206 0.009377 0.016670
0 0.464865 0.309329 0.005344 0.010294
0 0.520270 0.330620 0.007103 0.013420
0 0.571795 0.357983 0.008555 0.019175
0 0.621083 0.369857 0.007759 0.015380
0 0.671112 0.409941 0.009823 0.015877
0 0.465168 0.429472 0.005554 0.013047
0 0.511016 0.455467 0.007479 0.011709
0 0.560095 0.470095 0.007243 0.015255
0 0.608042 0.496128 0.006000 0.012254
0 0.658863 0.522387 0.006656 0.014213
