0 0.753166 0.716205 0.009540 0.013991
0 0.737678 0.624698 0.005934 0.011737
0 0.719739 0.525424 0.006116 0.012654
0 0.697927 0.426237 0.008176 0.013942
0 0.679618 0.329184 0.006448 0.012059
0 0.659048 0.234610 0.008176 0.013942
0 0.641832 0.138810 0.007633 0.011193
0 0.701460 0.753272 0.006811 0.013892
0 0.682536 0.658600 0.007814 0.012109
0 0.661603 0.562289 0.009178 0.012159
0 0.641772 0.463277 0.005753 0.010821
0 0.622701 0.365244 0.007605 0.008768
0 0.602808 0.267259 0.011602 0.015280
0 0.584191 0.171397 0.004360 0.008345
0 0.646868 0.785824 0.006783 0.011465
0 0.627726 0.692775 0.005543 0.007479
0 0.603049 0.594491 0.003998 0.006513
0 0.584152 0.501282 0.007814 0.012109
0 0.564850 0.412784 0.003663 0.007107
0 0.548623 0.325715 0.006602 0.010549
0 0.529726 0.232506 0.008358 0.014858
0 0.588098 0.819650 0.010753 0.015552
0 0.571796 0.724235 0.006965 0.012381
0 0.550292 0.623856 0.008358 0.014858
0 0.532698 0.534233 0.008539 0.015774
0 0.513987 0.455221 0.007326 0.014213
0 0.498568 0.376013 0.008539 0.015774
0 0.482494 0.288349 0.007326 0.014213
0 0.535439 0.845494 0.006477 0.014486
0 0.517908 0.754840 0.008511 0.013348
0 0.499578 0.652369 0.006602 0.010549
0 0.485856 0.562660 0.008358 0.014858
0 0.469913 0.486267 0.005572 0.009905
0 0.455415 0.403488 0.005753 0.010821
0 0.437534 0.320473 0.007452 0.010277
0 0.483079 0.874104 0.008483 0.010922
0 0.464509 0.785123 0.006965 0.012381
0 0.451217 0.678835 0.007814 0.012109
0 0.440082 0.590876 0.007633 0.011193
0 0.427710 0.511634 0.005238 0.010499
0 0.409034 0.430131 0.009722 0.014908
0 0.393886 0.352225 0.006630 0.012976
0 0.432248 0.900717 0.008330 0.012432
0 0.413796 0.813635 0.009026 0.013669
0 0.404310 0.708292 0.007843 0.014536
0 0.398023 0.619604 0.007480 0.012703
0 0.384313 0.539270 0.009569 0.016418
0 0.364137 0.461226 0.006965 0.012381
0 0.350435 0.376935 0.009208 0.014586
