0 0.659271 0.678478 0.007719 0.012981
0 0.606134 0.691957 0.007305 0.013716
0 0.554680 0.698832 0.008203 0.013108
0 0.504282 0.712474 0.010644 0.019649
0 0.450851 0.719426 0.008703 0.019141
0 0.400831 0.731649 0.008703 0.019141
0 0.351987 0.743123 0.007862 0.014705
0 0.343282 0.644148 0.008291 0.019875
0 0.344935 0.529695 0.007448 0.015439
0 0.346425 0.446100 0.008489 0.016555
0 0.340678 0.379809 0.007719 0.012981
0 0.336243 0.311414 0.007091 0.011130
0 0.328505 0.239042 0.006677 0.011865
0 0.391669 0.630153 0.014467 0.025708
0 0.442222 0.609427 0.008489 0.016555
0 0.495895 0.602411 0.010914 0.017191
0 0.546714 0.590860 0.016534 0.022034
0 0.599524 0.585391 0.018346 0.026724
0 0.652012 0.576044 0.011899 0.023349
0 0.633764 0.472527 0.011129 0.019776
0 0.587075 0.486078 0.006263 0.012600
0 0.535413 0.493447 0.006749 0.012727
0 0.485870 0.502463 0.007591 0.017163
0 0.437761 0.516826 0.007790 0.013843
0 0.390023 0.526689 0.005707 0.011611
0 0.616694 0.383228 0.007091 0.011130
0 0.609891 0.310170 0.005921 0.014196
0 0.604550 0.239811 0.008903 0.015820
0 0.598061 0.167552 0.008759 0.014097
0 0.570434 0.401950 0.006820 0.013589
0 0.525120 0.411178 0.009873 0.016075
0 0.480064 0.426502 0.007305 0.013716
0 0.433915 0.434629 0.011741 0.015721
0 0.391062 0.443653 0.006677 0.011865
0 0.384923 0.372622 0.006263 0.012600
0 0.378989 0.301097 0.005977 0.009153
0 0.374260 0.226176 0.007988 0.010523
0 0.418775 0.216277 0.008617 0.012373
0 0.421179 0.290046 0.009173 0.013362
0 0.428261 0.363471 0.010358 0.016202
0 0.460615 0.203996 0.007091 0.011130
0 0.466449 0.277307 0.006463 0.009280
0 0.471969 0.349821 0.010771 0.015467
0 0.520057 0.341186 0.005906 0.008291
0 0.512348 0.266164 0.007917 0.009661
0 0.507377 0.191307 0.005707 0.011611
0 0.564898 0.323277 0.008616 0.012373
0 0.555014 0.251907 0.010986 0.018052
0 0.553275 0.180164 0.008560 0.017417
