0 0.355473 0.157544 0.006103 0.013128
0 0.413841 0.176098 0.006530 0.012367
0 0.326015 0.553761 0.012854 0.016765
0 0.307217 0.740580 0.006958 0.011607
0 0.315476 0.646854 0.011174 0.014538
0 0.373205 0.764027 0.013757 0.021412
0 0.380782 0.669186 0.011063 0.018904
0 0.434799 0.763628 0.007007 0.017775
0 0.483218 0.768334 0.009591 0.024647
0 0.524456 0.771964 0.005675 0.013887
0 0.568873 0.777865 0.010557 0.018763
0 0.609682 0.795226 0.008797 0.015636
0 0.441797 0.678322 0.005437 0.011184
0 0.491547 0.679705 0.011063 0.018904
0 0.531967 0.695573 0.007196 0.014311
0 0.573253 0.707527 0.008955 0.017438
0 0.617557 0.723552 0.007624 0.013550
0 0.499017 0.603763 0.005626 0.007719
0 0.537972 0.621532 0.005864 0.010423
0 0.579114 0.638061 0.009303 0.015777
0 0.625072 0.655932 0.015279 0.021836
0 0.542227 0.543771 0.010636 0.019664
0 0.585158 0.563569 0.010238 0.015158
0 0.630109 0.589931 0.006182 0.014028
0 0.503403 0.542198 0.012664 0.020229
0 0.458404 0.598922 0.010160 0.014257
0 0.459411 0.513795 0.007545 0.012650
0 0.385833 0.567642 0.008290 0.015495
0 0.394296 0.480434 0.008797 0.015636
0 0.334711 0.455077 0.007704 0.014452
0 0.342368 0.359335 0.006023 0.012226
0 0.400909 0.378862 0.010636 0.019664
0 0.345843 0.255044 0.010715 0.020566
0 0.406269 0.279711 0.008956 0.017438
0 0.668685 0.278889 0.007941 0.017156
0 0.627281 0.268288 0.009780 0.021183
0 0.575017 0.239429 0.012077 0.019186
0 0.523640 0.218203 0.008290 0.015495
0 0.470755 0.199327 0.009383 0.016678
0 0.460276 0.303516 0.005357 0.010282
0 0.514617 0.326490 0.007117 0.013409
0 0.565066 0.355307 0.008608 0.019100
0 0.613490 0.368785 0.007783 0.015353
0 0.662320 0.410076 0.009811 0.015918
0 0.459199 0.421864 0.005595 0.012986
0 0.504071 0.449127 0.007466 0.011748
0 0.552257 0.465311 0.007276 0.015212
0 0.599196 0.492687 0.006023 0.012226
0 0.648965 0.520390 0.006689 0.014170
