0 0.748267 0.848443 0.008410 0.009971
0 0.751911 0.745743 0.004486 0.009971
0 0.754716 0.633571 0.004486 0.010968
0 0.753594 0.518907 0.006729 0.010968
0 0.755556 0.408729 0.005046 0.009971
0 0.754716 0.299548 0.006729 0.010968
0 0.757519 0.191364 0.006729 0.007976
0 0.688271 0.851434 0.005046 0.011965
0 0.689112 0.743251 0.006729 0.008973
0 0.688271 0.632075 0.008410 0.007976
0 0.689112 0.518907 0.004486 0.008973
0 0.690514 0.407233 0.007289 0.004986
0 0.691075 0.295060 0.010654 0.009971
0 0.692476 0.185880 0.003364 0.006979
0 0.626313 0.847944 0.005607 0.008973
0 0.626593 0.741256 0.005046 0.004986
0 0.622388 0.625595 0.003364 0.004986
0 0.622949 0.518907 0.006729 0.008973
0 0.622108 0.416705 0.002803 0.005983
0 0.624070 0.317994 0.005607 0.007976
0 0.624630 0.211306 0.006729 0.011965
0 0.559868 0.842959 0.009532 0.010968
0 0.563514 0.735773 0.005607 0.009971
0 0.562953 0.620110 0.006729 0.011965
0 0.564074 0.517910 0.006729 0.012962
0 0.561831 0.425679 0.005607 0.011965
0 0.562953 0.335442 0.006729 0.012962
0 0.565195 0.236233 0.005607 0.011965
0 0.501274 0.833985 0.004486 0.012962
0 0.502676 0.730787 0.007289 0.009971
0 0.505760 0.615126 0.005607 0.007976
0 0.510806 0.515417 0.006729 0.011965
0 0.510806 0.427674 0.004486 0.007976
0 0.513610 0.334445 0.004486 0.008973
0 0.513049 0.238726 0.006728 0.006979
0 0.442399 0.828003 0.007850 0.006979
0 0.442399 0.725801 0.005607 0.009971
0 0.451371 0.609641 0.006728 0.008973
0 0.458661 0.513422 0.006728 0.007976
0 0.462866 0.425181 0.003925 0.008973
0 0.461183 0.330458 0.008410 0.010968
0 0.462305 0.241716 0.005046 0.010968
0 0.385488 0.821023 0.007289 0.008973
0 0.385207 0.720816 0.007850 0.009971
0 0.397823 0.608145 0.006168 0.011965
0 0.410160 0.514420 0.006168 0.009971
0 0.413243 0.424184 0.007850 0.012962
0 0.409318 0.331953 0.005607 0.009970
0 0.413243 0.237729 0.007850 0.010968
