0 0.296054 0.136571 0.007584 0.008985
0 0.292767 0.229115 0.004045 0.008985
0 0.290238 0.330196 0.004045 0.009883
0 0.291250 0.433522 0.006068 0.009883
0 0.289480 0.532805 0.004550 0.008985
0 0.290238 0.631190 0.006068 0.009883
0 0.287710 0.728676 0.006068 0.007188
0 0.350157 0.133875 0.004550 0.010782
0 0.349399 0.231362 0.006068 0.008086
0 0.350157 0.331544 0.007584 0.007188
0 0.349399 0.433522 0.004045 0.008086
0 0.348135 0.534153 0.006573 0.004493
0 0.347629 0.635234 0.009607 0.008985
0 0.346365 0.733618 0.003034 0.006289
0 0.406031 0.137020 0.005056 0.008086
0 0.405778 0.233159 0.004550 0.004493
0 0.409570 0.337383 0.003034 0.004493
0 0.409064 0.433522 0.006068 0.008086
0 0.409823 0.525618 0.002528 0.005391
0 0.408053 0.614568 0.005056 0.007187
0 0.407548 0.710706 0.006068 0.010782
0 0.465950 0.141512 0.008596 0.009883
0 0.462662 0.238100 0.005056 0.008985
0 0.463168 0.342325 0.006068 0.010782
0 0.462157 0.434420 0.006068 0.011680
0 0.464180 0.517531 0.005056 0.010782
0 0.463168 0.598845 0.006068 0.011680
0 0.461146 0.688244 0.005056 0.010782
0 0.518789 0.149599 0.004045 0.011680
0 0.517525 0.242593 0.006573 0.008985
0 0.514744 0.346817 0.005056 0.007188
0 0.510193 0.436667 0.006068 0.010782
0 0.510193 0.515733 0.004045 0.007188
0 0.507665 0.599743 0.004045 0.008086
0 0.508171 0.685998 0.006068 0.006289
0 0.571882 0.154989 0.007079 0.006289
0 0.571882 0.247085 0.005056 0.008985
0 0.563791 0.351759 0.006068 0.008086
0 0.557218 0.438464 0.006068 0.007188
0 0.553425 0.517980 0.003540 0.008086
0 0.554943 0.603337 0.007584 0.009883
0 0.553931 0.683303 0.004550 0.009883
0 0.623204 0.161279 0.006573 0.008086
0 0.623457 0.251577 0.007079 0.008985
0 0.612080 0.353107 0.005562 0.010782
0 0.600956 0.437565 0.005562 0.008985
0 0.598175 0.518878 0.007079 0.011680
0 0.601715 0.601989 0.005056 0.008985
0 0.598175 0.686896 0.007079 0.009883
