0 0.635719 0.978527 0.008900 0.015820
0 0.560706 0.952744 0.006985 0.013138
0 0.496396 0.907036 0.006985 0.013138
0 0.447237 0.863042 0.007531 0.013386
0 0.403734 0.846397 0.008900 0.015820
0 0.361322 0.830246 0.004793 0.008518
0 0.309992 0.805401 0.006846 0.012169
0 0.649186 0.874665 0.011766 0.018027
0 0.580050 0.846386 0.009307 0.015098
0 0.519924 0.818067 0.010130 0.017284
0 0.467358 0.771494 0.007391 0.012416
0 0.421122 0.755674 0.005756 0.011674
0 0.373535 0.735110 0.005477 0.009735
0 0.321787 0.713173 0.006161 0.010952
0 0.664631 0.771184 0.007937 0.012664
0 0.593923 0.743742 0.008622 0.013881
0 0.534830 0.712277 0.007937 0.012664
0 0.479821 0.684731 0.006974 0.009508
0 0.431891 0.664528 0.008471 0.009282
0 0.384100 0.643356 0.007252 0.011447
0 0.330931 0.617160 0.009990 0.016315
0 0.684114 0.663859 0.009446 0.016068
0 0.607475 0.633208 0.011360 0.018749
0 0.548023 0.608291 0.011906 0.018997
0 0.490467 0.588367 0.006985 0.013138
0 0.443768 0.567689 0.006300 0.011921
0 0.397201 0.548105 0.006161 0.010952
0 0.343945 0.528582 0.006846 0.012169
0 0.695254 0.562038 0.009585 0.017037
0 0.617943 0.527985 0.012845 0.014891
0 0.553088 0.506297 0.009990 0.016315
0 0.500778 0.490301 0.006579 0.013860
0 0.454002 0.472171 0.007670 0.014355
0 0.405446 0.456330 0.006846 0.012169
0 0.357052 0.431270 0.008483 0.012912
0 0.708401 0.450288 0.006846 0.012169
0 0.630673 0.419143 0.006300 0.011921
0 0.567779 0.404024 0.011221 0.017780
0 0.511825 0.397216 0.012869 0.022153
0 0.466083 0.375941 0.010269 0.018254
0 0.420740 0.357945 0.009028 0.013159
0 0.366956 0.331986 0.011627 0.017058
0 0.720504 0.345807 0.013275 0.021431
0 0.641481 0.313559 0.014226 0.020956
0 0.566764 0.303916 0.009446 0.016068
0 0.521172 0.301811 0.010536 0.016562
0 0.478238 0.277164 0.010815 0.018501
0 0.432269 0.263529 0.006440 0.012891
0 0.382308 0.237242 0.009585 0.017037
