0 0.680229 0.812289 0.006588 0.010845
0 0.685777 0.711778 0.005612 0.012580
0 0.680885 0.596216 0.007692 0.012807
0 0.675103 0.483804 0.008243 0.013787
0 0.681250 0.381038 0.006068 0.010788
0 0.687122 0.278707 0.007628 0.010958
0 0.692144 0.170718 0.008211 0.012863
0 0.621082 0.810027 0.007077 0.009977
0 0.624598 0.707903 0.009187 0.011128
0 0.623749 0.588607 0.006684 0.013618
0 0.618990 0.476770 0.006037 0.009864
0 0.622686 0.376985 0.005516 0.009807
0 0.629661 0.272918 0.003894 0.007789
0 0.634148 0.165334 0.006588 0.010845
0 0.560534 0.802974 0.006525 0.008996
0 0.564862 0.700012 0.007077 0.009977
0 0.565392 0.578545 0.007267 0.015523
0 0.562404 0.468293 0.007108 0.010901
0 0.567077 0.370470 0.006652 0.012693
0 0.571813 0.270798 0.008147 0.011014
0 0.575759 0.156197 0.007108 0.010901
0 0.498459 0.794827 0.006037 0.009864
0 0.501487 0.691724 0.006132 0.012637
0 0.505544 0.573888 0.006037 0.009864
0 0.507029 0.470152 0.008179 0.011939
0 0.508853 0.364134 0.007501 0.007261
0 0.513928 0.262180 0.005580 0.011656
0 0.516188 0.151106 0.004414 0.007846
0 0.436760 0.790897 0.007597 0.010034
0 0.439315 0.686350 0.005516 0.009807
0 0.447060 0.567524 0.006557 0.009921
0 0.450459 0.461214 0.003894 0.007789
0 0.453503 0.357647 0.004933 0.007902
0 0.454452 0.254316 0.004965 0.008827
0 0.459539 0.144478 0.003342 0.006808
0 0.376260 0.782458 0.006036 0.009864
0 0.377570 0.683805 0.008211 0.012863
0 0.388670 0.558387 0.007268 0.015523
0 0.395921 0.453887 0.004053 0.012411
0 0.395814 0.350905 0.007236 0.014598
0 0.397527 0.248121 0.011002 0.018692
0 0.400259 0.138491 0.006620 0.011769
0 0.316703 0.776904 0.008699 0.011995
0 0.314873 0.670953 0.013633 0.019899
0 0.329067 0.554220 0.004509 0.010619
0 0.340265 0.448759 0.007108 0.010901
0 0.341929 0.347361 0.007660 0.011882
0 0.339727 0.244615 0.006588 0.010845
0 0.340474 0.131986 0.005644 0.013504
