0 0.636278 0.214314 0.006821 0.011257
0 0.582930 0.214747 0.006334 0.012123
0 0.531775 0.221241 0.007307 0.011257
0 0.481106 0.220808 0.009257 0.017319
0 0.428002 0.227735 0.007307 0.017319
0 0.377820 0.228600 0.007307 0.017319
0 0.328857 0.229899 0.006821 0.012989
0 0.328371 0.329480 0.006821 0.018184
0 0.339332 0.441615 0.006334 0.013855
0 0.347615 0.523444 0.007307 0.014721
0 0.347371 0.590120 0.006821 0.011257
0 0.348589 0.658527 0.006334 0.009525
0 0.346883 0.731695 0.005846 0.010391
0 0.377090 0.330779 0.012667 0.022514
0 0.428489 0.338139 0.007307 0.014721
0 0.481837 0.331212 0.009744 0.014721
0 0.532749 0.329480 0.015103 0.018184
0 0.585123 0.321254 0.016564 0.022514
0 0.637496 0.316924 0.010231 0.020782
0 0.627996 0.423431 0.009744 0.017319
0 0.580982 0.422132 0.005359 0.011257
0 0.529582 0.428193 0.005846 0.011257
0 0.480132 0.432090 0.006334 0.015587
0 0.431656 0.430358 0.006821 0.012123
0 0.383911 0.432956 0.004872 0.010391
0 0.618496 0.515651 0.006334 0.009525
0 0.617765 0.589254 0.004872 0.012989
0 0.618252 0.659826 0.007795 0.013855
0 0.617765 0.732561 0.007795 0.012123
0 0.571482 0.509156 0.005846 0.012123
0 0.526172 0.511754 0.008770 0.013855
0 0.480619 0.508291 0.006334 0.012123
0 0.434579 0.512187 0.010718 0.012989
0 0.391706 0.514352 0.005846 0.010391
0 0.391463 0.585790 0.005359 0.011257
0 0.391463 0.657661 0.005359 0.007793
0 0.392924 0.732561 0.007307 0.008659
0 0.437502 0.730829 0.007795 0.010391
0 0.433848 0.657661 0.008282 0.011257
0 0.434823 0.583625 0.009257 0.013855
0 0.479644 0.732128 0.006334 0.009525
0 0.479401 0.658527 0.005846 0.007793
0 0.478914 0.585790 0.009744 0.012989
0 0.526902 0.581893 0.005359 0.006927
0 0.525441 0.657661 0.007307 0.007793
0 0.526659 0.732561 0.004872 0.010391
0 0.572455 0.587955 0.007795 0.010391
0 0.568557 0.660691 0.009744 0.015587
0 0.572699 0.731695 0.007307 0.015587
