0 0.596608 0.100501 0.008049 0.014309
0 0.526749 0.119782 0.006301 0.011912
0 0.466405 0.158141 0.006301 0.011912
0 0.420102 0.195837 0.006811 0.012108
0 0.379555 0.208584 0.008049 0.014310
0 0.340027 0.220941 0.004334 0.007705
0 0.292085 0.240795 0.006191 0.011007
0 0.607061 0.197373 0.010704 0.016193
0 0.542589 0.219320 0.008448 0.013600
0 0.486447 0.241853 0.009177 0.015606
0 0.436945 0.281726 0.006700 0.011203
0 0.393887 0.293544 0.005174 0.010616
0 0.349489 0.309667 0.004954 0.008806
0 0.301217 0.326807 0.005572 0.009906
0 0.619350 0.294013 0.007210 0.011398
0 0.553440 0.315091 0.007829 0.012499
0 0.498193 0.340596 0.007210 0.011398
0 0.446798 0.362724 0.006370 0.008487
0 0.402090 0.378492 0.007788 0.008171
0 0.357492 0.395166 0.006590 0.010298
0 0.307823 0.416157 0.009067 0.014701
0 0.635300 0.394455 0.008558 0.014505
0 0.563844 0.418139 0.010305 0.016902
0 0.508391 0.437566 0.010815 0.017098
0 0.454787 0.452491 0.006301 0.011912
0 0.411208 0.468773 0.005682 0.010811
0 0.367772 0.484052 0.005572 0.009906
0 0.318152 0.498868 0.006191 0.011007
0 0.643640 0.489298 0.008669 0.015410
0 0.571498 0.516088 0.011791 0.013160
0 0.511111 0.532200 0.009067 0.014701
0 0.462433 0.543811 0.005902 0.012621
0 0.418832 0.557733 0.006921 0.013013
0 0.373629 0.569428 0.006191 0.011007
0 0.328398 0.589661 0.007719 0.011594
0 0.653645 0.593447 0.006191 0.011007
0 0.581173 0.617521 0.005682 0.010811
0 0.522726 0.627678 0.010195 0.015997
0 0.470857 0.630569 0.011654 0.020009
0 0.428150 0.647463 0.009287 0.016511
0 0.385877 0.661348 0.008228 0.011790
0 0.335644 0.682082 0.010594 0.015288
0 0.662825 0.690808 0.012053 0.019300
0 0.589134 0.715825 0.012961 0.018786
0 0.519860 0.720198 0.008558 0.014505
0 0.477662 0.719371 0.009576 0.014896
0 0.437488 0.739553 0.009796 0.016707
0 0.394719 0.749366 0.005792 0.011716
0 0.348016 0.770637 0.008669 0.015410
