0 0.691333 0.727680 0.008251 0.011388
0 0.683260 0.638936 0.004907 0.010038
0 0.673440 0.542411 0.005016 0.010887
0 0.660004 0.445115 0.006927 0.011659
0 0.649684 0.350579 0.005384 0.010231
0 0.637083 0.257858 0.006927 0.011659
0 0.627697 0.164731 0.006601 0.009110
0 0.640541 0.750875 0.005601 0.011930
0 0.629482 0.658424 0.006709 0.009960
0 0.616665 0.564003 0.008034 0.009690
0 0.605064 0.467305 0.004799 0.009188
0 0.594103 0.371689 0.006754 0.006756
0 0.582372 0.275936 0.010162 0.012160
0 0.571683 0.182443 0.003626 0.007104
0 0.587371 0.769224 0.005754 0.009574
0 0.575997 0.678240 0.004841 0.005984
0 0.559826 0.581155 0.003409 0.005406
0 0.548691 0.490075 0.006709 0.009960
0 0.536850 0.403298 0.003040 0.006062
0 0.527779 0.318532 0.005646 0.008724
0 0.516644 0.227452 0.007035 0.012508
0 0.530217 0.787843 0.009315 0.012624
0 0.521656 0.695276 0.005862 0.010423
0 0.508589 0.596937 0.007035 0.012508
0 0.498420 0.509486 0.007144 0.013358
0 0.486471 0.431687 0.006079 0.012122
0 0.477604 0.354429 0.007144 0.013358
0 0.468717 0.269141 0.006079 0.012122
0 0.479316 0.800362 0.005233 0.012586
0 0.469279 0.711966 0.007296 0.011003
0 0.459318 0.612372 0.005646 0.008724
0 0.452763 0.525693 0.007035 0.012508
0 0.443213 0.450946 0.004690 0.008339
0 0.435455 0.370560 0.004799 0.009188
0 0.424559 0.289210 0.006492 0.008261
0 0.428503 0.815527 0.007448 0.008647
0 0.417379 0.728462 0.005862 0.010423
0 0.412379 0.626418 0.006709 0.009960
0 0.408117 0.541940 0.006601 0.009110
0 0.402096 0.465320 0.004321 0.008995
0 0.390352 0.385205 0.008359 0.012238
0 0.381649 0.309221 0.005493 0.011080
0 0.379253 0.829166 0.007187 0.010153
0 0.368107 0.743896 0.007774 0.011196
0 0.366593 0.643571 0.006557 0.012315
0 0.366902 0.559480 0.006340 0.010616
0 0.359707 0.481547 0.008100 0.013744
0 0.346324 0.404328 0.005862 0.010423
0 0.339413 0.322707 0.007882 0.012045
