0 0.304948 0.140741 0.007812 0.009259
0 0.301563 0.236111 0.004167 0.009259
0 0.298958 0.340278 0.004167 0.010185
0 0.300000 0.446759 0.006250 0.010185
0 0.298177 0.549074 0.004687 0.009259
0 0.298958 0.650463 0.006250 0.010185
0 0.296354 0.750926 0.006250 0.007407
0 0.360677 0.137963 0.004687 0.011111
0 0.359896 0.238426 0.006250 0.008333
0 0.360677 0.341667 0.007812 0.007407
0 0.359896 0.446759 0.004167 0.008333
0 0.358594 0.550463 0.006771 0.004630
0 0.358073 0.654630 0.009896 0.009259
0 0.356771 0.756019 0.003125 0.006481
0 0.418229 0.141204 0.005208 0.008333
0 0.417969 0.240278 0.004687 0.004630
0 0.421875 0.347685 0.003125 0.004630
0 0.421354 0.446759 0.006250 0.008333
0 0.422135 0.541667 0.002604 0.005556
0 0.420312 0.633333 0.005208 0.007407
0 0.419792 0.732407 0.006250 0.011111
0 0.479948 0.145833 0.008854 0.010185
0 0.476562 0.245370 0.005208 0.009259
0 0.477083 0.352778 0.006250 0.011111
0 0.476042 0.447685 0.006250 0.012037
0 0.478125 0.533333 0.005208 0.011111
0 0.477083 0.617130 0.006250 0.012037
0 0.475000 0.709259 0.005208 0.011111
0 0.534375 0.154167 0.004167 0.012037
0 0.533073 0.250000 0.006771 0.009259
0 0.530208 0.357407 0.005208 0.007407
0 0.525521 0.450000 0.006250 0.011111
0 0.525521 0.531481 0.004167 0.007407
0 0.522917 0.618056 0.004167 0.008333
0 0.523438 0.706944 0.006250 0.006481
0 0.589063 0.159722 0.007292 0.006481
0 0.589063 0.254630 0.005208 0.009259
0 0.580729 0.362500 0.006250 0.008333
0 0.573958 0.451852 0.006250 0.007407
0 0.570052 0.533796 0.003646 0.008333
0 0.571615 0.621759 0.007812 0.010185
0 0.570573 0.704167 0.004687 0.010185
0 0.641927 0.166204 0.006771 0.008333
0 0.642188 0.259259 0.007292 0.009259
0 0.630469 0.363889 0.005729 0.011111
0 0.619010 0.450926 0.005729 0.009259
0 0.616146 0.534722 0.007292 0.012037
0 0.619792 0.620370 0.005208 0.009259
0 0.616146 0.707870 0.007292 0.010185
