0 0.681355 0.189776 0.006554 0.010777
0 0.686539 0.290349 0.005570 0.012525
0 0.681229 0.405853 0.007651 0.012728
0 0.675041 0.518197 0.008199 0.013703
0 0.680816 0.621030 0.006034 0.010727
0 0.686318 0.723426 0.007594 0.010879
0 0.690950 0.831471 0.008171 0.012778
0 0.622200 0.191363 0.007046 0.009903
0 0.625347 0.293525 0.009154 0.011030
0 0.624067 0.412809 0.006639 0.013551
0 0.618903 0.524589 0.006005 0.009802
0 0.622239 0.624414 0.005485 0.009751
0 0.628838 0.728559 0.003868 0.007750
0 0.632935 0.836191 0.006554 0.010777
0 0.561628 0.197724 0.006497 0.008928
0 0.565584 0.300733 0.007046 0.009903
0 0.565674 0.422203 0.007217 0.015451
0 0.562288 0.532419 0.007074 0.010828
0 0.566607 0.630294 0.006611 0.012627
0 0.570983 0.730018 0.008114 0.010929
0 0.574514 0.844661 0.007074 0.010828
0 0.499525 0.205161 0.006005 0.009802
0 0.502180 0.308297 0.006091 0.012576
0 0.505811 0.426177 0.006005 0.009802
0 0.506921 0.529928 0.008142 0.011854
0 0.508361 0.635965 0.007480 0.007180
0 0.513068 0.737975 0.005542 0.011601
0 0.514926 0.849071 0.004389 0.007801
0 0.437813 0.208387 0.007566 0.009954
0 0.439990 0.312961 0.005485 0.009751
0 0.447305 0.431873 0.006525 0.009853
0 0.450320 0.538220 0.003868 0.007750
0 0.452990 0.641819 0.004908 0.007852
0 0.453565 0.745159 0.004936 0.008776
0 0.458254 0.855052 0.003320 0.006775
0 0.377283 0.216135 0.006005 0.009802
0 0.378237 0.314801 0.008171 0.012778
0 0.388884 0.440342 0.007217 0.015451
0 0.395757 0.544923 0.004011 0.012373
0 0.395277 0.647901 0.007188 0.014526
0 0.396618 0.750703 0.010943 0.018579
0 0.398954 0.860362 0.006582 0.011702
0 0.317708 0.221007 0.008662 0.011904
0 0.315495 0.326936 0.013571 0.019757
0 0.329267 0.443828 0.004474 0.010575
0 0.340083 0.549415 0.007074 0.010828
0 0.341381 0.650830 0.007623 0.011803
0 0.338807 0.753549 0.006554 0.010777
0 0.339147 0.866184 0.005599 0.013450
