0 0.704887 0.291881 0.008401 0.014192
0 0.648758 0.273915 0.007983 0.014934
0 0.594272 0.263080 0.008912 0.014360
0 0.541053 0.245129 0.011624 0.021407
0 0.484470 0.234077 0.009575 0.020734
0 0.431623 0.217659 0.009575 0.020734
0 0.380008 0.202118 0.008590 0.016013
0 0.368614 0.306660 0.009158 0.021476
0 0.367883 0.428356 0.008172 0.016755
0 0.367648 0.517260 0.009291 0.018002
0 0.360105 0.587286 0.008401 0.014192
0 0.353910 0.659637 0.007699 0.012202
0 0.344121 0.735987 0.007281 0.012945
0 0.419688 0.324849 0.015777 0.028047
0 0.472918 0.350336 0.009291 0.018002
0 0.529756 0.361473 0.011852 0.018844
0 0.583467 0.377231 0.017864 0.024335
0 0.639424 0.386666 0.019874 0.029393
0 0.694954 0.400197 0.013026 0.025385
0 0.673328 0.508910 0.012136 0.021575
0 0.624047 0.491311 0.006864 0.013687
0 0.569351 0.479936 0.007376 0.013855
0 0.516940 0.466959 0.008362 0.018577
0 0.466168 0.448399 0.008495 0.015103
0 0.415693 0.434645 0.006257 0.012608
0 0.653263 0.602600 0.007699 0.012202
0 0.644452 0.679742 0.006541 0.015340
0 0.637252 0.754117 0.009708 0.017260
0 0.628791 0.830431 0.009519 0.015439
0 0.604550 0.579537 0.007471 0.014766
0 0.556634 0.566623 0.010733 0.017597
0 0.509125 0.547253 0.007983 0.014934
0 0.460299 0.535452 0.012687 0.017359
0 0.414992 0.522924 0.007281 0.012945
0 0.406930 0.597958 0.006864 0.013687
0 0.399076 0.673531 0.006485 0.010045
0 0.392427 0.752795 0.008628 0.011628
0 0.439479 0.766366 0.009330 0.013618
0 0.443634 0.688167 0.009937 0.014696
0 0.452749 0.610654 0.011245 0.017765
0 0.483639 0.782284 0.007699 0.012203
0 0.491427 0.704806 0.006998 0.010213
0 0.498863 0.628155 0.011663 0.017022
0 0.549737 0.640627 0.006391 0.009134
0 0.539921 0.719793 0.008534 0.010718
0 0.533016 0.798973 0.006257 0.012608
0 0.596962 0.662731 0.009330 0.013618
0 0.584916 0.737867 0.011947 0.019754
0 0.581511 0.813960 0.009385 0.018913
