0 0.351899 0.309586 0.007489 0.012551
0 0.404810 0.299262 0.007060 0.013312
0 0.455935 0.295389 0.007971 0.012649
0 0.506137 0.284747 0.010293 0.019060
0 0.559222 0.280912 0.008358 0.018668
0 0.609022 0.271655 0.008358 0.018668
0 0.657642 0.263073 0.007599 0.014270
0 0.664477 0.361715 0.007930 0.019428
0 0.660765 0.475112 0.007171 0.015031
0 0.657774 0.557920 0.008192 0.016088
0 0.662270 0.623983 0.007488 0.012551
0 0.665426 0.692058 0.006895 0.010733
0 0.671785 0.764265 0.006466 0.011494
0 0.616265 0.372823 0.014010 0.024905
0 0.565781 0.390481 0.008192 0.016088
0 0.512455 0.394367 0.010610 0.016579
0 0.461875 0.402911 0.016151 0.021097
0 0.409432 0.405311 0.017878 0.025691
0 0.357238 0.411575 0.011481 0.022695
0 0.373449 0.515268 0.010777 0.019159
0 0.419972 0.504504 0.006038 0.012257
0 0.471311 0.500153 0.006521 0.012355
0 0.520581 0.494049 0.007281 0.016751
0 0.568526 0.482560 0.007543 0.013411
0 0.616021 0.475512 0.005499 0.011298
0 0.388750 0.604794 0.006895 0.010733
0 0.394170 0.677628 0.005664 0.013877
0 0.398189 0.747703 0.008621 0.015327
0 0.403312 0.819725 0.008510 0.013607
0 0.434942 0.588877 0.006576 0.013214
0 0.480023 0.582321 0.009588 0.015523
0 0.524960 0.569705 0.007060 0.013312
0 0.570848 0.564287 0.011466 0.015055
0 0.613486 0.557792 0.006466 0.011494
0 0.618285 0.628578 0.006038 0.012256
0 0.622870 0.699841 0.005816 0.008817
0 0.626199 0.774404 0.007805 0.010070
0 0.581899 0.781673 0.008400 0.011888
0 0.580852 0.708385 0.008938 0.012845
0 0.575163 0.635170 0.010072 0.015621
0 0.540205 0.791455 0.006895 0.010733
0 0.535750 0.718426 0.006300 0.008916
0 0.531593 0.646205 0.010501 0.014859
0 0.483773 0.652014 0.005761 0.007957
0 0.490056 0.726847 0.007750 0.009210
0 0.493626 0.801361 0.005499 0.011298
0 0.439002 0.667207 0.008399 0.011887
0 0.447507 0.738543 0.010666 0.017439
0 0.447930 0.809783 0.008248 0.016948
