0 0.570673 0.083693 0.008829 0.015695
0 0.502481 0.116845 0.006958 0.012984
0 0.444952 0.167047 0.006958 0.012984
0 0.401332 0.213778 0.007470 0.013281
0 0.361853 0.234567 0.008829 0.015696
0 0.323359 0.254763 0.004754 0.008451
0 0.276981 0.284093 0.006791 0.012073
0 0.587198 0.177854 0.011558 0.018089
0 0.524528 0.212576 0.009175 0.015081
0 0.470173 0.246212 0.010019 0.017199
0 0.423512 0.295747 0.007303 0.012369
0 0.381478 0.316114 0.005767 0.011480
0 0.338384 0.341028 0.005433 0.009658
0 0.291505 0.367728 0.006112 0.010866
0 0.605536 0.271418 0.007816 0.012666
0 0.541380 0.305564 0.008495 0.013874
0 0.488103 0.341973 0.007816 0.012666
0 0.438437 0.374255 0.006804 0.009637
0 0.395012 0.398879 0.008174 0.009616
0 0.351755 0.424379 0.007136 0.011459
0 0.303733 0.455186 0.009853 0.016288
0 0.627749 0.368025 0.009342 0.015993
0 0.558249 0.405872 0.011212 0.018703
0 0.504381 0.436283 0.011724 0.018999
0 0.452064 0.461851 0.006958 0.012983
0 0.409793 0.486758 0.006278 0.011776
0 0.367603 0.510640 0.006112 0.010866
0 0.319238 0.535301 0.006791 0.012073
0 0.642047 0.460593 0.009508 0.016903
0 0.572061 0.501664 0.012427 0.015333
0 0.513081 0.529769 0.009853 0.016288
0 0.465449 0.551057 0.006612 0.013598
0 0.423008 0.573624 0.007637 0.014191
0 0.378834 0.594300 0.006791 0.012073
0 0.335174 0.623463 0.008329 0.012963
0 0.658589 0.562075 0.006791 0.012073
0 0.588104 0.600513 0.006278 0.011776
0 0.530674 0.622312 0.011045 0.017792
0 0.479318 0.635576 0.012737 0.022029
0 0.437954 0.660916 0.010187 0.018110
0 0.396830 0.683180 0.008841 0.013259
0 0.348231 0.713845 0.011390 0.017177
0 0.673882 0.656977 0.013083 0.021414
0 0.602245 0.696596 0.013940 0.021096
0 0.533690 0.714817 0.009342 0.015992
0 0.491708 0.722448 0.010365 0.016584
0 0.453069 0.750549 0.010699 0.018406
0 0.411195 0.768866 0.006445 0.012687
0 0.366137 0.799358 0.009508 0.016903
