0 0.390338 0.128543 0.009811 0.016867
0 0.443082 0.167113 0.009488 0.017441
0 0.492283 0.210120 0.010329 0.017215
0 0.542569 0.245916 0.013776 0.025065
0 0.593603 0.290747 0.011700 0.023672
0 0.643112 0.327481 0.011700 0.023672
0 0.691317 0.363774 0.010203 0.018712
0 0.669267 0.462782 0.011378 0.024245
0 0.633037 0.566044 0.009880 0.019286
0 0.606317 0.641195 0.011113 0.020904
0 0.591473 0.707430 0.009811 0.016867
0 0.574788 0.774334 0.008900 0.014673
0 0.559921 0.848046 0.008577 0.015248
0 0.620716 0.429237 0.018584 0.033037
0 0.568138 0.399781 0.011113 0.020904
0 0.516864 0.354778 0.013708 0.022646
0 0.466827 0.316663 0.020198 0.030167
0 0.416811 0.271069 0.022733 0.035823
0 0.365915 0.229335 0.015597 0.029450
0 0.351225 0.341650 0.014296 0.025414
0 0.398087 0.373976 0.008254 0.015822
0 0.447628 0.416728 0.008773 0.016170
0 0.495728 0.455943 0.010272 0.021130
0 0.544136 0.488886 0.010006 0.017789
0 0.590840 0.525594 0.007539 0.014550
0 0.339769 0.439810 0.008900 0.014673
0 0.323838 0.513255 0.008127 0.017318
0 0.307387 0.582826 0.011436 0.020331
0 0.291412 0.655239 0.011043 0.018485
0 0.387806 0.466987 0.008969 0.017092
0 0.432099 0.501955 0.012474 0.021027
0 0.478003 0.531092 0.009488 0.017441
0 0.522725 0.567869 0.014352 0.021498
0 0.564701 0.600665 0.008577 0.015248
0 0.548778 0.671617 0.008254 0.015822
0 0.532517 0.742824 0.007470 0.012132
0 0.514121 0.815988 0.009741 0.014447
0 0.470357 0.782401 0.010652 0.016641
0 0.490533 0.712520 0.011367 0.017912
0 0.506319 0.638472 0.012992 0.021376
0 0.428321 0.753558 0.008900 0.014673
0 0.445215 0.680810 0.007989 0.012481
0 0.462156 0.609093 0.013315 0.020802
0 0.415505 0.570924 0.007274 0.011210
0 0.399808 0.647036 0.009545 0.013525
0 0.381654 0.720374 0.007539 0.014550
0 0.369012 0.544362 0.010652 0.016641
0 0.356415 0.619213 0.013903 0.023569
0 0.336246 0.686600 0.011309 0.021827
