0 0.372714 0.885980 0.007995 0.013601
0 0.352395 0.791667 0.007307 0.014823
0 0.339901 0.677927 0.009355 0.016020
0 0.328735 0.566804 0.010035 0.017229
0 0.307501 0.470601 0.007482 0.013302
0 0.286598 0.374686 0.009018 0.014200
0 0.265672 0.272914 0.009866 0.016318
0 0.429414 0.855957 0.008338 0.012990
0 0.410813 0.759133 0.010554 0.015097
0 0.393864 0.643694 0.008500 0.016332
0 0.381797 0.533609 0.007314 0.012392
0 0.363371 0.439125 0.006802 0.012093
0 0.341146 0.342056 0.004930 0.009375
0 0.320796 0.240424 0.007995 0.013601
0 0.486751 0.820655 0.007658 0.011781
0 0.467241 0.723405 0.008338 0.012990
0 0.448640 0.606523 0.009348 0.018451
0 0.435100 0.498799 0.008506 0.013901
0 0.416025 0.406666 0.008331 0.015421
0 0.396613 0.312781 0.009530 0.014499
0 0.375740 0.204128 0.008506 0.013901
0 0.545396 0.783580 0.007314 0.012392
0 0.527121 0.685581 0.007819 0.015122
0 0.505659 0.573861 0.007314 0.012392
0 0.488776 0.474526 0.009698 0.015409
0 0.471227 0.373150 0.008345 0.010559
0 0.451149 0.277223 0.007139 0.013913
0 0.432427 0.171178 0.005442 0.009674
0 0.604309 0.750746 0.008850 0.013290
0 0.586273 0.651133 0.006802 0.012093
0 0.561108 0.540194 0.007826 0.012691
0 0.541995 0.439279 0.004930 0.009374
0 0.523636 0.340841 0.005953 0.009973
0 0.507331 0.241644 0.006122 0.010883
0 0.486067 0.138120 0.004249 0.008166
0 0.661392 0.714130 0.007314 0.012392
0 0.645436 0.619615 0.009866 0.016319
0 0.616053 0.503899 0.009348 0.018451
0 0.593496 0.406542 0.005772 0.013925
0 0.578262 0.307185 0.009180 0.017541
0 0.561302 0.208876 0.013437 0.023276
0 0.542340 0.104443 0.008163 0.014511
0 0.717996 0.680742 0.010210 0.015708
0 0.703981 0.577710 0.016164 0.025683
0 0.672907 0.471825 0.005947 0.012405
0 0.646403 0.375397 0.008506 0.013901
0 0.629695 0.278403 0.009187 0.015110
0 0.616516 0.178287 0.007995 0.013601
0 0.599022 0.070029 0.007475 0.015732
