0 0.683588 0.062370 0.005749 0.009351
0 0.689221 0.164955 0.004919 0.013916
0 0.695168 0.268444 0.005404 0.013053
0 0.699218 0.376998 0.005984 0.014083
0 0.701946 0.480516 0.005263 0.010214
0 0.706482 0.588041 0.004684 0.009184
0 0.707197 0.694258 0.006329 0.010381
0 0.623537 0.063681 0.005796 0.010297
0 0.629962 0.171386 0.005702 0.008404
0 0.634020 0.274695 0.002600 0.009797
0 0.637829 0.383765 0.003571 0.008071
0 0.642905 0.485961 0.003478 0.006179
0 0.646252 0.596533 0.004684 0.009184
0 0.650578 0.699799 0.007253 0.007709
0 0.563198 0.096984 0.005075 0.006429
0 0.567389 0.192165 0.005121 0.007375
0 0.570344 0.289450 0.003666 0.009964
0 0.575546 0.388764 0.004199 0.010047
0 0.577044 0.489136 0.004684 0.009184
0 0.581205 0.589091 0.005169 0.008321
0 0.584887 0.684830 0.004199 0.010047
0 0.507126 0.124372 0.006094 0.005651
0 0.456937 0.135104 0.005843 0.011244
0 0.406708 0.139643 0.006955 0.012357
0 0.355579 0.147660 0.004731 0.010130
0 0.508734 0.216145 0.005889 0.012190
0 0.459445 0.223397 0.005121 0.007375
0 0.410399 0.230136 0.005310 0.011160
0 0.357868 0.236943 0.004731 0.010130
0 0.512424 0.306638 0.002991 0.007041
0 0.516037 0.400958 0.001974 0.007821
0 0.518568 0.489724 0.002553 0.008850
0 0.521483 0.580815 0.002459 0.006957
0 0.525870 0.674535 0.004151 0.009101
0 0.462822 0.312985 0.010871 0.016727
0 0.466340 0.405412 0.004151 0.009101
0 0.411528 0.317691 0.007535 0.013387
0 0.362310 0.326363 0.005843 0.011244
0 0.416088 0.409478 0.004246 0.010993
0 0.364692 0.417537 0.003619 0.009017
0 0.469428 0.494569 0.005654 0.007459
0 0.418400 0.499233 0.006329 0.010381
0 0.365485 0.503717 0.007488 0.012440
0 0.473165 0.586008 0.003039 0.007987
0 0.477967 0.677279 0.005843 0.011244
0 0.421362 0.591271 0.005263 0.010214
0 0.425076 0.682236 0.004825 0.012023
0 0.367546 0.599233 0.004246 0.010993
0 0.372615 0.690462 0.005169 0.008321
