0 0.702194 0.175608 0.006803 0.014633
0 0.637132 0.196290 0.007279 0.013785
0 0.735030 0.617256 0.014328 0.018687
0 0.755984 0.825497 0.007756 0.012938
0 0.746778 0.721023 0.012455 0.016205
0 0.682428 0.851631 0.015335 0.023867
0 0.673983 0.745916 0.012332 0.021071
0 0.613770 0.851187 0.007811 0.019813
0 0.559798 0.856433 0.010691 0.027473
0 0.513829 0.860479 0.006326 0.015480
0 0.464318 0.867056 0.011768 0.020914
0 0.418829 0.886408 0.009806 0.017429
0 0.605970 0.756099 0.006060 0.012466
0 0.550514 0.757641 0.012332 0.021071
0 0.505457 0.775329 0.008022 0.015952
0 0.459436 0.788653 0.009983 0.019437
0 0.410051 0.806515 0.008499 0.015104
0 0.542187 0.672991 0.006271 0.008604
0 0.498763 0.692798 0.006537 0.011618
0 0.452903 0.711222 0.010370 0.017586
0 0.401673 0.731143 0.017031 0.024339
0 0.494021 0.606121 0.011855 0.021919
0 0.446166 0.628189 0.011413 0.016896
0 0.396059 0.657573 0.006892 0.015637
0 0.537297 0.604367 0.014116 0.022548
0 0.587458 0.667595 0.011325 0.015891
0 0.586335 0.572707 0.008411 0.014100
0 0.668352 0.632729 0.009241 0.017272
0 0.658919 0.535522 0.009806 0.017429
0 0.725338 0.507257 0.008588 0.016109
0 0.716802 0.400537 0.006714 0.013628
0 0.651547 0.422303 0.011855 0.021919
0 0.712929 0.284288 0.011944 0.022924
0 0.645573 0.311783 0.009983 0.019437
0 0.353059 0.310867 0.008852 0.019123
0 0.399212 0.299050 0.010902 0.023612
0 0.457470 0.266882 0.013462 0.021386
0 0.514740 0.243222 0.009241 0.017272
0 0.573690 0.222182 0.010459 0.018591
0 0.585371 0.338317 0.005971 0.011461
0 0.524797 0.363926 0.007933 0.014947
0 0.468562 0.396047 0.009595 0.021290
0 0.414584 0.411071 0.008675 0.017114
0 0.360153 0.457096 0.010936 0.017743
0 0.586571 0.470236 0.006237 0.014475
0 0.536553 0.500625 0.008322 0.013095
0 0.482840 0.518664 0.008111 0.016957
0 0.430517 0.549179 0.006714 0.013628
0 0.375041 0.580058 0.007456 0.015795
