0 0.305991 0.783329 0.006182 0.010072
0 0.303931 0.683524 0.005151 0.011903
0 0.312688 0.569985 0.007212 0.011903
0 0.322218 0.459650 0.007727 0.012819
0 0.319642 0.357557 0.005666 0.010072
0 0.317324 0.255920 0.007212 0.010072
0 0.316036 0.148791 0.007727 0.011903
0 0.364460 0.787448 0.006697 0.009156
0 0.364460 0.686270 0.008757 0.010072
0 0.369353 0.568611 0.006182 0.012819
0 0.377853 0.458735 0.005666 0.009156
0 0.377595 0.359846 0.005151 0.009156
0 0.374246 0.256378 0.003606 0.007325
0 0.373474 0.149707 0.006182 0.010072
0 0.424473 0.786990 0.006182 0.008240
0 0.423700 0.684898 0.006697 0.009156
0 0.427306 0.564948 0.006697 0.014650
0 0.434003 0.456445 0.006697 0.010072
0 0.432715 0.359388 0.006182 0.011903
0 0.431427 0.260499 0.007727 0.010072
0 0.431427 0.146960 0.006697 0.010072
0 0.486031 0.785617 0.005666 0.009156
0 0.486547 0.683524 0.005666 0.011903
0 0.486547 0.566780 0.005666 0.009156
0 0.488607 0.464228 0.007727 0.010988
0 0.490410 0.359388 0.007212 0.006409
0 0.488865 0.258210 0.005151 0.010988
0 0.490410 0.148333 0.004121 0.007325
0 0.547075 0.788364 0.007212 0.009156
0 0.548106 0.684898 0.005151 0.009156
0 0.544500 0.566780 0.006182 0.009156
0 0.544757 0.461482 0.003606 0.007325
0 0.545272 0.358930 0.004636 0.007325
0 0.547848 0.256836 0.004636 0.008240
0 0.546560 0.147875 0.003091 0.006409
0 0.607089 0.786533 0.005666 0.009156
0 0.609149 0.689017 0.007727 0.011903
0 0.602453 0.564033 0.006697 0.014650
0 0.598847 0.460108 0.003606 0.011903
0 0.602453 0.358472 0.006697 0.013735
0 0.604256 0.256836 0.010303 0.017398
0 0.605285 0.148333 0.006182 0.010988
0 0.666072 0.787448 0.008242 0.010988
0 0.671480 0.683066 0.012879 0.018313
0 0.661436 0.566322 0.004122 0.010072
0 0.653966 0.461024 0.006697 0.010072
0 0.655769 0.360761 0.007212 0.010988
0 0.661436 0.259583 0.006182 0.010072
0 0.664526 0.148333 0.005151 0.012819
