0 0.692865 0.743714 0.006268 0.013417
0 0.633340 0.759339 0.006695 0.012660
0 0.649276 0.345512 0.013118 0.017259
0 0.633446 0.154941 0.007121 0.011902
0 0.642516 0.249878 0.011404 0.014968
0 0.565700 0.170230 0.014068 0.021979
0 0.575628 0.265848 0.011326 0.019378
0 0.506511 0.205947 0.007218 0.018137
0 0.459071 0.229193 0.009882 0.025147
0 0.418735 0.249356 0.005842 0.014175
0 0.374930 0.269157 0.010812 0.019222
0 0.332514 0.275860 0.009010 0.016018
0 0.515265 0.292057 0.005580 0.011436
0 0.467148 0.319265 0.011326 0.019378
0 0.425377 0.327181 0.007383 0.014640
0 0.383485 0.339360 0.009184 0.017844
0 0.337950 0.349353 0.007809 0.013883
0 0.473747 0.396633 0.005745 0.007940
0 0.433042 0.401880 0.006007 0.010679
0 0.390457 0.409573 0.009524 0.016173
0 0.342994 0.418738 0.015609 0.022444
0 0.443066 0.479154 0.010900 0.020135
0 0.398166 0.484728 0.010464 0.015571
0 0.350131 0.485144 0.006355 0.014330
0 0.480705 0.458397 0.012953 0.020755
0 0.513702 0.377995 0.010376 0.014658
0 0.528187 0.460495 0.007722 0.012970
0 0.589203 0.366468 0.008497 0.015864
0 0.596893 0.455247 0.009010 0.016018
0 0.658825 0.445470 0.007896 0.014796
0 0.668840 0.542000 0.006181 0.012504
0 0.608970 0.556789 0.010900 0.020135
0 0.684430 0.644359 0.010987 0.021048
0 0.621815 0.655283 0.009184 0.017844
0 0.369484 0.806607 0.008158 0.017534
0 0.411245 0.793058 0.010047 0.021650
0 0.466769 0.790851 0.012352 0.019687
0 0.520055 0.781805 0.008497 0.015864
0 0.574363 0.769633 0.009611 0.017086
0 0.565530 0.663355 0.005493 0.010524
0 0.509076 0.672418 0.007295 0.013728
0 0.455305 0.673626 0.008846 0.019515
0 0.406269 0.688432 0.007984 0.015709
0 0.351791 0.676707 0.010037 0.016329
0 0.545081 0.548844 0.005755 0.013262
0 0.496959 0.548347 0.007635 0.012057
0 0.447659 0.560415 0.007470 0.015553
0 0.397527 0.560995 0.006181 0.012504
0 0.344614 0.562884 0.006869 0.014485
