0 0.693606 0.741850 0.006334 0.013536
0 0.634130 0.758049 0.006761 0.012778
0 0.648802 0.344075 0.013228 0.017452
0 0.632390 0.153659 0.007187 0.012019
0 0.641750 0.248506 0.011500 0.015135
0 0.564693 0.169602 0.014195 0.022204
0 0.574913 0.265122 0.011433 0.019567
0 0.505613 0.205889 0.007301 0.018287
0 0.458246 0.229592 0.009996 0.025353
0 0.417971 0.250144 0.005907 0.014293
0 0.374227 0.270367 0.010916 0.019407
0 0.331833 0.277479 0.009096 0.016172
0 0.514630 0.291913 0.005638 0.011539
0 0.466597 0.319585 0.011433 0.019567
0 0.424851 0.327903 0.007457 0.014774
0 0.382996 0.340487 0.009276 0.018008
0 0.337492 0.350919 0.007884 0.014016
0 0.473432 0.396888 0.005794 0.008027
0 0.432744 0.402527 0.006064 0.010781
0 0.390183 0.410631 0.009613 0.016332
0 0.342749 0.420254 0.015745 0.022683
0 0.443003 0.479703 0.011006 0.020325
0 0.398121 0.485711 0.010556 0.015734
0 0.350087 0.486591 0.006424 0.014454
0 0.480579 0.458584 0.013072 0.020965
0 0.513329 0.377864 0.010467 0.014815
0 0.528066 0.460224 0.007794 0.013098
0 0.588794 0.365609 0.008581 0.016013
0 0.596755 0.454312 0.009096 0.016172
0 0.658657 0.443938 0.007974 0.014934
0 0.668965 0.540370 0.006244 0.012618
0 0.609142 0.555737 0.011006 0.020325
0 0.684868 0.642578 0.011097 0.021243
0 0.622287 0.654105 0.009276 0.018008
0 0.370422 0.807861 0.008244 0.017688
0 0.412142 0.793910 0.010153 0.021840
0 0.467658 0.791167 0.012465 0.019887
0 0.520915 0.781607 0.008581 0.016013
0 0.575185 0.768912 0.009703 0.017251
0 0.566028 0.662720 0.005547 0.010621
0 0.509602 0.672328 0.007367 0.013856
0 0.455836 0.674054 0.008941 0.019685
0 0.406845 0.689334 0.008064 0.015853
0 0.352333 0.678134 0.010130 0.016492
0 0.545230 0.548408 0.005817 0.013376
0 0.497106 0.548376 0.007704 0.012179
0 0.447845 0.560919 0.007548 0.015693
0 0.397715 0.561983 0.006244 0.012618
0 0.344808 0.564383 0.006941 0.014614
