0 0.370610 0.130968 0.007175 0.012755
0 0.441306 0.131301 0.005551 0.010736
0 0.504214 0.153044 0.005551 0.010736
0 0.553185 0.177896 0.006071 0.010793
0 0.594349 0.179628 0.007175 0.012755
0 0.634473 0.181247 0.003864 0.006868
0 0.683551 0.188021 0.005519 0.009812
0 0.368494 0.229534 0.009806 0.013965
0 0.434091 0.233947 0.007663 0.011888
0 0.491501 0.241171 0.008246 0.013794
0 0.543820 0.267319 0.006039 0.009869
0 0.587388 0.267459 0.004480 0.009698
0 0.632646 0.271495 0.004416 0.007849
0 0.681820 0.275498 0.004967 0.008830
0 0.364542 0.328364 0.006559 0.009926
0 0.431487 0.331532 0.007111 0.010907
0 0.488265 0.341934 0.006559 0.009926
0 0.540949 0.350031 0.005943 0.007096
0 0.586484 0.353634 0.007471 0.006344
0 0.631987 0.358161 0.006007 0.008944
0 0.682868 0.365598 0.008214 0.012869
0 0.357295 0.431933 0.007695 0.012812
0 0.429942 0.436190 0.009318 0.014832
0 0.486409 0.440529 0.009838 0.014889
0 0.540666 0.440914 0.005551 0.010736
0 0.585128 0.445327 0.004999 0.009755
0 0.629363 0.448787 0.004967 0.008830
0 0.679672 0.450131 0.005519 0.009812
0 0.357094 0.527927 0.007727 0.013737
0 0.430685 0.535071 0.011237 0.010439
0 0.491748 0.534811 0.008214 0.012869
0 0.540853 0.533240 0.005063 0.011603
0 0.585136 0.535313 0.006103 0.011717
0 0.630815 0.534757 0.005519 0.009812
0 0.677245 0.542633 0.007079 0.009983
0 0.356038 0.633567 0.005519 0.009812
0 0.429724 0.637938 0.004999 0.009755
0 0.488364 0.632310 0.009286 0.013908
0 0.539885 0.621264 0.010455 0.017719
0 0.583536 0.626515 0.008278 0.014718
0 0.626504 0.628909 0.007599 0.010040
0 0.677921 0.635940 0.009774 0.013040
0 0.355221 0.732276 0.010942 0.016852
0 0.430191 0.737252 0.011949 0.016041
0 0.499045 0.723004 0.007695 0.012812
0 0.540690 0.710874 0.008734 0.012926
0 0.582116 0.720055 0.008798 0.014775
0 0.625228 0.718291 0.005031 0.010679
0 0.673202 0.726799 0.007727 0.013737
