0 0.382358 0.888911 0.009201 0.015630
0 0.441081 0.863210 0.008794 0.016354
0 0.496481 0.831867 0.009738 0.015860
0 0.552382 0.808387 0.012793 0.023462
0 0.609865 0.775643 0.010644 0.022541
0 0.665034 0.750963 0.010644 0.022541
0 0.718796 0.726381 0.009461 0.017539
0 0.704427 0.616412 0.010238 0.023264
0 0.675564 0.498021 0.009054 0.018263
0 0.654189 0.411761 0.010256 0.019677
0 0.644479 0.338168 0.009201 0.015630
0 0.632898 0.263360 0.008405 0.013491
0 0.623825 0.181920 0.007998 0.014215
0 0.650545 0.638016 0.017329 0.030799
0 0.592803 0.654208 0.010256 0.019677
0 0.535051 0.687066 0.012941 0.020829
0 0.479208 0.713047 0.019365 0.027180
0 0.422723 0.746875 0.021623 0.032642
0 0.365658 0.776410 0.014385 0.027739
0 0.360185 0.654547 0.013331 0.023693
0 0.412188 0.633748 0.007590 0.014939
0 0.467922 0.602766 0.008127 0.015169
0 0.521832 0.575091 0.009313 0.020171
0 0.575510 0.554078 0.009331 0.016584
0 0.627735 0.528641 0.006923 0.013754
0 0.356851 0.548427 0.008405 0.013491
0 0.346640 0.466971 0.007313 0.016617
0 0.335540 0.389431 0.010664 0.018954
0 0.325191 0.309045 0.010404 0.017045
0 0.409632 0.533356 0.008257 0.016123
0 0.459173 0.509069 0.011738 0.019414
0 0.509890 0.491347 0.008794 0.016354
0 0.560042 0.465285 0.013755 0.019381
0 0.606962 0.442627 0.007998 0.014215
0 0.596538 0.363788 0.007590 0.014939
0 0.585782 0.284586 0.007072 0.011121
0 0.572960 0.202735 0.009349 0.012997
0 0.524095 0.225721 0.010145 0.015136
0 0.539073 0.304626 0.010812 0.016322
0 0.549081 0.386675 0.012274 0.019645
0 0.477461 0.244216 0.008405 0.013491
0 0.488745 0.325211 0.007608 0.011352
0 0.500169 0.405137 0.012682 0.018921
0 0.447870 0.432121 0.006943 0.010167
0 0.438140 0.347934 0.009219 0.012043
0 0.425587 0.265969 0.006923 0.013754
0 0.396764 0.446979 0.010145 0.015136
0 0.390173 0.364980 0.013071 0.021784
0 0.374981 0.288692 0.010386 0.020632
