0 0.333729 0.799302 0.005245 0.012087
0 0.393877 0.796404 0.005763 0.011166
0 0.337952 0.393700 0.012021 0.014005
0 0.335018 0.201133 0.006281 0.010245
0 0.335314 0.297427 0.010454 0.012138
0 0.403231 0.195378 0.012557 0.018640
0 0.402747 0.292607 0.009947 0.016763
0 0.465002 0.212372 0.005780 0.016722
0 0.513987 0.220693 0.007883 0.023223
0 0.555677 0.228160 0.004727 0.013008
0 0.600748 0.234204 0.009426 0.016758
0 0.643177 0.227774 0.007854 0.013965
0 0.464750 0.299876 0.004718 0.010230
0 0.514788 0.311891 0.009947 0.016763
0 0.556700 0.306854 0.006290 0.013023
0 0.599146 0.305980 0.007860 0.015817
0 0.644967 0.301832 0.006808 0.012103
0 0.515809 0.390123 0.005228 0.006531
0 0.556412 0.382784 0.005236 0.009309
0 0.599104 0.377278 0.008376 0.013970
0 0.646744 0.371723 0.014120 0.018655
0 0.554051 0.461975 0.009429 0.017684
0 0.598817 0.453671 0.009415 0.013054
0 0.646170 0.439322 0.005248 0.013013
0 0.514960 0.453095 0.011512 0.017704
0 0.474644 0.384040 0.009412 0.012128
0 0.468397 0.469750 0.006805 0.011176
0 0.399158 0.395884 0.007334 0.013960
0 0.400215 0.485690 0.007855 0.013965
0 0.338263 0.495088 0.006811 0.013029
0 0.337784 0.593242 0.005242 0.011161
0 0.398190 0.589415 0.009429 0.017684
0 0.332379 0.698851 0.009432 0.018610
0 0.395114 0.690372 0.007860 0.015817
0 0.658358 0.761894 0.006819 0.015806
0 0.615908 0.761380 0.008393 0.019525
0 0.561005 0.776264 0.010988 0.016773
0 0.507642 0.783726 0.007334 0.013959
0 0.452967 0.788423 0.008378 0.014896
0 0.451336 0.681031 0.004715 0.009304
0 0.507822 0.672612 0.006287 0.012097
0 0.560901 0.657282 0.007346 0.017663
0 0.610639 0.656799 0.006813 0.013954
0 0.663157 0.628512 0.008896 0.013975
0 0.460346 0.561960 0.004724 0.012082
0 0.507695 0.546685 0.006802 0.010251
0 0.557426 0.543425 0.006293 0.013949
0 0.606860 0.528594 0.005242 0.011161
0 0.659161 0.514197 0.005769 0.013018
