0 0.676905 0.251095 0.007818 0.012989
0 0.618136 0.247000 0.007305 0.013901
0 0.561618 0.249772 0.008354 0.013030
0 0.505823 0.244953 0.010665 0.019877
0 0.447146 0.248035 0.008518 0.019710
0 0.391853 0.244688 0.008518 0.019710
0 0.337890 0.241923 0.007865 0.014897
0 0.334654 0.351611 0.008006 0.020622
0 0.343686 0.476114 0.007352 0.015810
0 0.350590 0.566992 0.008448 0.016847
0 0.348513 0.640442 0.007818 0.012989
0 0.348000 0.715926 0.007234 0.011038
0 0.344137 0.796405 0.006721 0.011951
0 0.388278 0.357217 0.014562 0.025894
0 0.444689 0.369732 0.008448 0.016847
0 0.503634 0.366671 0.011131 0.017056
0 0.559755 0.369126 0.017128 0.021331
0 0.617663 0.364550 0.018854 0.026228
0 0.675464 0.364267 0.011831 0.023776
0 0.662112 0.480815 0.011202 0.019919
0 0.610367 0.475355 0.006208 0.012863
0 0.553591 0.477628 0.006744 0.012905
0 0.499021 0.477685 0.007399 0.017718
0 0.445676 0.471622 0.007841 0.013943
0 0.393020 0.470393 0.005647 0.011867
0 0.649148 0.581619 0.007234 0.011038
0 0.646348 0.662661 0.005718 0.014730
0 0.644971 0.740467 0.008961 0.015935
0 0.642462 0.820574 0.008914 0.014026
0 0.597543 0.570433 0.006768 0.013859
0 0.547569 0.569413 0.010034 0.016018
0 0.497491 0.561693 0.007305 0.013901
0 0.446677 0.562041 0.012157 0.015231
0 0.399398 0.560752 0.006721 0.011951
0 0.397193 0.639450 0.006208 0.012863
0 0.395244 0.718646 0.006114 0.009046
0 0.394823 0.801305 0.008283 0.010168
0 0.443968 0.803217 0.008867 0.012118
0 0.441928 0.722278 0.009427 0.013114
0 0.445009 0.640780 0.010571 0.016060
0 0.490348 0.808260 0.007234 0.011038
0 0.492076 0.727136 0.006650 0.009088
0 0.493511 0.646944 0.011084 0.015148
0 0.546472 0.646763 0.006090 0.008092
0 0.542808 0.730127 0.008260 0.009213
0 0.542118 0.812766 0.005647 0.011867
0 0.596479 0.657346 0.008867 0.012118
0 0.590214 0.737161 0.011155 0.018010
0 0.592850 0.815757 0.008471 0.017802
