0 0.313021 0.088426 0.005208 0.008333
0 0.312500 0.188889 0.004167 0.012963
0 0.311719 0.290278 0.004687 0.012037
0 0.313021 0.396296 0.005208 0.012963
0 0.315365 0.497222 0.004687 0.009259
0 0.316146 0.602315 0.004167 0.008333
0 0.320573 0.705556 0.005729 0.009259
0 0.371354 0.080556 0.005208 0.009259
0 0.370312 0.186111 0.005208 0.007407
0 0.371354 0.287037 0.002083 0.009259
0 0.372917 0.393519 0.003125 0.007407
0 0.372917 0.493519 0.003125 0.005556
0 0.375000 0.601389 0.004167 0.008333
0 0.375781 0.702315 0.006771 0.006481
0 0.431510 0.103704 0.004687 0.005556
0 0.432031 0.196759 0.004687 0.006481
0 0.433854 0.291667 0.003125 0.009259
0 0.433594 0.388889 0.003646 0.009259
0 0.436979 0.486574 0.004167 0.008333
0 0.437760 0.584259 0.004687 0.007407
0 0.438802 0.677778 0.003646 0.009259
0 0.487240 0.121759 0.005729 0.004630
0 0.536458 0.124537 0.005208 0.010185
0 0.585417 0.121296 0.006250 0.011111
0 0.635417 0.121296 0.004167 0.009259
0 0.490104 0.211111 0.005208 0.011111
0 0.538281 0.210648 0.004687 0.006481
0 0.586198 0.209722 0.004687 0.010185
0 0.637500 0.208333 0.004167 0.009259
0 0.490885 0.299537 0.002604 0.006481
0 0.491927 0.391667 0.001563 0.007407
0 0.493750 0.478241 0.002083 0.008333
0 0.495312 0.567130 0.002083 0.006481
0 0.495573 0.658796 0.003646 0.008333
0 0.539323 0.298148 0.009896 0.014815
0 0.540365 0.388426 0.003646 0.008333
0 0.589323 0.294907 0.006771 0.012037
0 0.637500 0.295833 0.005208 0.010185
0 0.589323 0.384722 0.003646 0.010185
0 0.639583 0.384722 0.003125 0.008333
0 0.541667 0.475463 0.005208 0.006481
0 0.591406 0.472222 0.005729 0.009259
0 0.642969 0.468519 0.006771 0.011111
0 0.542448 0.564815 0.002604 0.007407
0 0.542188 0.654167 0.005208 0.010185
0 0.592969 0.562037 0.004687 0.009259
0 0.593750 0.650926 0.004167 0.011111
0 0.645573 0.561574 0.003646 0.010185
0 0.645052 0.650926 0.004687 0.007407
