0 0.618858 0.140567 0.006528 0.011602
0 0.550821 0.133427 0.005021 0.009817
0 0.489562 0.147707 0.005021 0.009817
0 0.441611 0.166449 0.005523 0.009817
0 0.401944 0.163771 0.006528 0.011602
0 0.363281 0.161095 0.003515 0.006247
0 0.315831 0.162434 0.005021 0.008925
0 0.617603 0.235617 0.009038 0.012495
0 0.554336 0.232940 0.007030 0.010710
0 0.498852 0.233833 0.007531 0.012495
0 0.447636 0.253467 0.005523 0.008925
0 0.405709 0.249004 0.004017 0.008925
0 0.362026 0.248112 0.004017 0.007140
0 0.314576 0.246774 0.004519 0.008032
0 0.618105 0.331114 0.006025 0.008925
0 0.553583 0.327098 0.006528 0.009817
0 0.498602 0.331114 0.006025 0.008925
0 0.447636 0.333345 0.005523 0.006247
0 0.403701 0.332006 0.007030 0.005355
0 0.359766 0.331559 0.005523 0.008032
0 0.310558 0.333345 0.007531 0.011602
0 0.621620 0.431519 0.007030 0.011602
0 0.551574 0.427948 0.008536 0.013387
0 0.497095 0.426164 0.009038 0.013387
0 0.444874 0.420809 0.005021 0.009817
0 0.401944 0.420363 0.004519 0.008925
0 0.359264 0.419024 0.004519 0.008032
0 0.310810 0.415008 0.005021 0.008925
0 0.618607 0.523892 0.007030 0.012495
0 0.547558 0.522999 0.010544 0.008925
0 0.488810 0.516305 0.007531 0.011602
0 0.441611 0.509612 0.004519 0.010710
0 0.398931 0.506934 0.005523 0.010710
0 0.354996 0.501579 0.005021 0.008925
0 0.310057 0.504257 0.006528 0.008925
0 0.616096 0.625635 0.005021 0.008925
0 0.545047 0.622065 0.004519 0.008925
0 0.488810 0.610463 0.008536 0.012495
0 0.439603 0.594399 0.009540 0.016065
0 0.397425 0.594845 0.007531 0.013387
0 0.356000 0.592613 0.007030 0.008925
0 0.306290 0.593952 0.009038 0.011602
0 0.613585 0.720685 0.010043 0.015173
0 0.541281 0.717561 0.011046 0.014280
0 0.475504 0.696588 0.007030 0.011602
0 0.435836 0.680524 0.008034 0.011602
0 0.395668 0.684986 0.008034 0.013387
0 0.354243 0.678739 0.004519 0.009817
0 0.307797 0.681862 0.007030 0.012495
