0 0.284967 0.865690 0.005782 0.009474
0 0.291804 0.765866 0.005087 0.013828
0 0.298451 0.665063 0.005536 0.013030
0 0.307506 0.560148 0.006121 0.014069
0 0.317222 0.460527 0.005332 0.010273
0 0.325692 0.356409 0.004748 0.009234
0 0.337646 0.254972 0.006367 0.010514
0 0.342320 0.886989 0.005850 0.010393
0 0.349012 0.781991 0.005714 0.008555
0 0.357436 0.682069 0.002746 0.009671
0 0.366784 0.576754 0.003646 0.008074
0 0.374104 0.477510 0.003510 0.006237
0 0.384070 0.370937 0.004748 0.009233
0 0.392234 0.270955 0.007199 0.007998
0 0.403753 0.877926 0.005061 0.006598
0 0.411083 0.785695 0.005129 0.007516
0 0.419842 0.691926 0.003781 0.009912
0 0.426701 0.595379 0.004299 0.010032
0 0.437214 0.499215 0.004748 0.009234
0 0.445141 0.402449 0.005197 0.008435
0 0.453022 0.309878 0.004299 0.010032
0 0.460419 0.872894 0.006028 0.005920
0 0.509499 0.881517 0.005918 0.011312
0 0.557882 0.896055 0.007020 0.012472
0 0.607535 0.907616 0.004816 0.010153
0 0.469805 0.784879 0.005985 0.012231
0 0.517614 0.796479 0.005129 0.007516
0 0.565131 0.808478 0.005400 0.011192
0 0.615976 0.821719 0.004816 0.010153
0 0.477054 0.697303 0.003060 0.007034
0 0.484833 0.606110 0.002094 0.007712
0 0.492982 0.520612 0.002679 0.008752
0 0.501040 0.432757 0.002543 0.006914
0 0.508010 0.341844 0.004231 0.009113
0 0.525054 0.709881 0.010912 0.016991
0 0.532698 0.620527 0.004231 0.009113
0 0.574471 0.724659 0.007605 0.013512
0 0.622382 0.734880 0.005917 0.011312
0 0.581046 0.635523 0.004366 0.010951
0 0.630958 0.647145 0.003713 0.008993
0 0.540363 0.534449 0.005646 0.007636
0 0.589520 0.549167 0.006367 0.010514
0 0.640455 0.564765 0.007537 0.012593
0 0.547680 0.445953 0.003128 0.007953
0 0.553963 0.357217 0.005918 0.011312
0 0.597648 0.460392 0.005332 0.010273
0 0.604931 0.372356 0.004952 0.011991
0 0.649853 0.473015 0.004366 0.010951
0 0.655877 0.384218 0.005197 0.008435
