0 0.376058 0.138786 0.006636 0.013827
0 0.433947 0.166297 0.007017 0.013151
0 0.327517 0.533243 0.013432 0.018463
0 0.299686 0.718489 0.007398 0.012474
0 0.312468 0.625374 0.011676 0.016015
0 0.365016 0.752077 0.014551 0.023158
0 0.377164 0.657737 0.011786 0.020274
0 0.427059 0.760992 0.007755 0.018523
0 0.475590 0.773054 0.010630 0.025665
0 0.516943 0.782946 0.006255 0.014504
0 0.561387 0.795605 0.011282 0.020055
0 0.601654 0.819257 0.009401 0.016712
0 0.438170 0.676164 0.005886 0.011818
0 0.488200 0.685081 0.011786 0.020274
0 0.528146 0.707172 0.007767 0.015160
0 0.569150 0.725451 0.009647 0.018503
0 0.612998 0.748286 0.008148 0.014484
0 0.499340 0.609753 0.005898 0.008455
0 0.537720 0.633535 0.006267 0.011141
0 0.578361 0.656399 0.009905 0.016931
0 0.623788 0.681345 0.016062 0.023815
0 0.545709 0.555889 0.011405 0.020951
0 0.587996 0.582315 0.010790 0.016473
0 0.632005 0.615656 0.006759 0.014723
0 0.506690 0.548432 0.013420 0.021826
0 0.458675 0.598735 0.010667 0.015578
0 0.463746 0.513182 0.008025 0.013589
0 0.387090 0.556266 0.008898 0.016494
0 0.399766 0.469745 0.009401 0.016712
0 0.340975 0.435202 0.008271 0.015379
0 0.353247 0.339969 0.006513 0.012932
0 0.411265 0.368483 0.011405 0.020951
0 0.361716 0.235493 0.011528 0.021845
0 0.421386 0.269468 0.009646 0.018502
0 0.685669 0.308335 0.008640 0.018065
0 0.644481 0.291397 0.010642 0.022302
0 0.593229 0.254437 0.012793 0.020711
0 0.542504 0.225295 0.008898 0.016494
0 0.490151 0.198291 0.010028 0.017826
0 0.474636 0.301604 0.005763 0.010922
0 0.528260 0.332955 0.007644 0.014265
0 0.577688 0.369598 0.009390 0.020076
0 0.625807 0.390493 0.008394 0.016275
0 0.673009 0.439450 0.010409 0.017150
0 0.467912 0.420594 0.006132 0.013608
0 0.511797 0.454831 0.007903 0.012693
0 0.559548 0.478412 0.007890 0.016056
0 0.605510 0.513075 0.006513 0.012932
0 0.654305 0.548495 0.007263 0.014941
