0 0.269528 0.114873 0.008862 0.011220
0 0.260924 0.216634 0.004952 0.010620
0 0.252698 0.327961 0.005001 0.011614
0 0.248263 0.442371 0.007235 0.011957
0 0.240972 0.551840 0.005510 0.010706
0 0.236522 0.660744 0.007235 0.011957
0 0.228490 0.768098 0.007090 0.008976
0 0.329446 0.121070 0.005607 0.012692
0 0.323370 0.228723 0.007139 0.009969
0 0.318824 0.339615 0.008765 0.009233
0 0.312505 0.452235 0.004904 0.009626
0 0.305701 0.563280 0.007503 0.006082
0 0.299710 0.674951 0.011097 0.011564
0 0.293027 0.783511 0.003690 0.007468
0 0.391005 0.134025 0.006021 0.009797
0 0.385560 0.240274 0.005269 0.005739
0 0.384148 0.356149 0.003593 0.005482
0 0.378423 0.462356 0.007139 0.009969
0 0.374311 0.564307 0.003082 0.006390
0 0.367577 0.662352 0.005972 0.008804
0 0.361852 0.768558 0.007283 0.012950
0 0.456962 0.149156 0.010028 0.012385
0 0.448139 0.255386 0.006069 0.010792
0 0.443097 0.370706 0.007283 0.012950
0 0.437031 0.472355 0.007332 0.013943
0 0.434799 0.564587 0.006166 0.012778
0 0.429312 0.654317 0.007332 0.013943
0 0.422274 0.752815 0.006166 0.012778
0 0.514904 0.167059 0.005097 0.013600
0 0.508510 0.269660 0.007745 0.011049
0 0.499837 0.384420 0.005972 0.008804
0 0.489981 0.482987 0.007283 0.012950
0 0.485732 0.570405 0.004856 0.008633
0 0.478423 0.662859 0.004904 0.009626
0 0.474347 0.758308 0.007041 0.007982
0 0.573271 0.182025 0.008159 0.008154
0 0.568322 0.283848 0.006069 0.010792
0 0.553758 0.398205 0.007138 0.009969
0 0.541836 0.492951 0.007089 0.008976
0 0.533373 0.580222 0.004345 0.009540
0 0.530463 0.674851 0.008910 0.012214
0 0.525047 0.763092 0.005558 0.011699
0 0.629633 0.197685 0.007696 0.010055
0 0.625060 0.297563 0.008304 0.011135
0 0.607035 0.407886 0.006724 0.012864
0 0.590205 0.499376 0.006628 0.010878
0 0.582764 0.588806 0.008449 0.014115
0 0.582208 0.681295 0.006069 0.010791
0 0.573734 0.774569 0.008352 0.012128
