0 0.668574 0.201378 0.005186 0.011981
0 0.608668 0.203683 0.005705 0.011060
0 0.663128 0.605056 0.011929 0.013825
0 0.665462 0.796757 0.006224 0.010138
0 0.665462 0.700907 0.010374 0.011981
0 0.597517 0.801827 0.012448 0.018433
0 0.598296 0.705054 0.009855 0.016590
0 0.536056 0.784315 0.005705 0.016590
0 0.487301 0.775560 0.007779 0.023041
0 0.445809 0.767725 0.004667 0.012903
0 0.400945 0.761274 0.009336 0.016590
0 0.358673 0.767264 0.007779 0.013825
0 0.536574 0.697220 0.004667 0.010138
0 0.486782 0.684778 0.009855 0.016590
0 0.445030 0.689387 0.006224 0.012903
0 0.402759 0.689847 0.007780 0.015668
0 0.357117 0.693533 0.006743 0.011981
0 0.486005 0.606899 0.005186 0.006451
0 0.445549 0.613812 0.005186 0.009216
0 0.403019 0.618880 0.008298 0.013825
0 0.355561 0.623950 0.014004 0.018433
0 0.448142 0.535012 0.009336 0.017512
0 0.403538 0.542845 0.009336 0.012903
0 0.356339 0.556670 0.005186 0.012903
0 0.487042 0.544228 0.011410 0.017512
0 0.526979 0.613351 0.009336 0.011981
0 0.533462 0.528100 0.006743 0.011060
0 0.602185 0.602292 0.007262 0.013825
0 0.601408 0.512892 0.007779 0.013825
0 0.663128 0.504136 0.006743 0.012903
0 0.663906 0.406443 0.005186 0.011060
0 0.603741 0.409669 0.009336 0.017512
0 0.669611 0.301376 0.009336 0.018433
0 0.607113 0.309210 0.007779 0.015668
0 0.345188 0.235479 0.006743 0.015668
0 0.387459 0.236400 0.008298 0.019354
0 0.442178 0.222115 0.010891 0.016590
0 0.495341 0.215203 0.007262 0.013825
0 0.549801 0.211055 0.008298 0.014746
0 0.551097 0.317965 0.004667 0.009216
0 0.494822 0.325800 0.006224 0.011981
0 0.441918 0.340546 0.007262 0.017512
0 0.392386 0.340546 0.006743 0.013825
0 0.340002 0.368194 0.008817 0.013825
0 0.541761 0.436396 0.004667 0.011981
0 0.494563 0.451143 0.006743 0.010138
0 0.445030 0.453908 0.006224 0.013825
0 0.395757 0.468192 0.005186 0.011060
0 0.343631 0.482017 0.005705 0.012903
