0 0.299472 0.214526 0.006829 0.011268
0 0.352879 0.214959 0.006341 0.012135
0 0.404091 0.221460 0.007316 0.011268
0 0.454816 0.221026 0.009267 0.017336
0 0.507980 0.227961 0.007316 0.017336
0 0.558217 0.228827 0.007316 0.017336
0 0.607235 0.230127 0.006829 0.013002
0 0.607722 0.329806 0.006829 0.018202
0 0.596749 0.442052 0.006341 0.013868
0 0.588456 0.523962 0.007316 0.014735
0 0.588701 0.590704 0.006829 0.011268
0 0.587482 0.659179 0.006341 0.009534
0 0.589189 0.732420 0.005853 0.010401
0 0.558949 0.331106 0.012682 0.022536
0 0.507492 0.338473 0.007316 0.014735
0 0.454085 0.331540 0.009755 0.014735
0 0.403116 0.329806 0.015120 0.018202
0 0.350684 0.321572 0.016583 0.022536
0 0.298253 0.317238 0.010242 0.020802
0 0.307763 0.423851 0.009755 0.017336
0 0.354830 0.422550 0.005365 0.011268
0 0.406286 0.428617 0.005853 0.011268
0 0.455792 0.432518 0.006341 0.015602
0 0.504322 0.430784 0.006829 0.012135
0 0.552120 0.433385 0.004877 0.010401
0 0.317274 0.516161 0.006341 0.009534
0 0.318005 0.589837 0.004877 0.013002
0 0.317517 0.660479 0.007804 0.013869
0 0.318005 0.733287 0.007803 0.012135
0 0.364340 0.509660 0.005853 0.012135
0 0.409701 0.512261 0.008779 0.013869
0 0.455304 0.508794 0.006341 0.012135
0 0.501396 0.512694 0.010730 0.013002
0 0.544316 0.514861 0.005853 0.010401
0 0.544560 0.586370 0.005365 0.011268
0 0.544560 0.658312 0.005365 0.007801
0 0.543097 0.733287 0.007316 0.008667
0 0.498469 0.731553 0.007803 0.010401
0 0.502127 0.658312 0.008291 0.011268
0 0.501151 0.584203 0.009267 0.013868
0 0.456280 0.732853 0.006341 0.009534
0 0.456523 0.659179 0.005853 0.007801
0 0.457011 0.586370 0.009755 0.013002
0 0.408969 0.582469 0.005365 0.006934
0 0.410432 0.658312 0.007316 0.007801
0 0.409213 0.733287 0.004877 0.010401
0 0.363365 0.588537 0.007803 0.010401
0 0.367268 0.661345 0.009755 0.015602
0 0.363121 0.732420 0.007316 0.015602
