0 0.627312 0.854585 0.006640 0.013973
0 0.568840 0.829350 0.007046 0.013250
0 0.670978 0.456410 0.013605 0.018403
0 0.696539 0.269209 0.007453 0.012527
0 0.684902 0.363256 0.011825 0.015962
0 0.630518 0.238177 0.014682 0.023210
0 0.619534 0.333429 0.011866 0.020372
0 0.568115 0.231789 0.007718 0.018781
0 0.519236 0.221682 0.010575 0.026029
0 0.477592 0.213456 0.006233 0.014695
0 0.432808 0.202580 0.011348 0.020173
0 0.392079 0.180491 0.009456 0.016811
0 0.558050 0.317445 0.005897 0.011930
0 0.507707 0.310557 0.011866 0.020372
0 0.467318 0.290023 0.007789 0.015292
0 0.425917 0.273360 0.009680 0.018654
0 0.381601 0.252239 0.008195 0.014569
0 0.497490 0.386673 0.005968 0.008441
0 0.458652 0.364375 0.006304 0.011207
0 0.417557 0.343092 0.009974 0.017010
0 0.371629 0.319918 0.016238 0.023807
0 0.451629 0.442689 0.011459 0.021096
0 0.408834 0.417896 0.010900 0.016486
0 0.364224 0.386231 0.006752 0.014894
0 0.490898 0.448564 0.013533 0.021891
0 0.538458 0.396057 0.010788 0.015564
0 0.534467 0.482191 0.008084 0.013648
0 0.610873 0.435750 0.008938 0.016613
0 0.599258 0.523170 0.009456 0.016811
0 0.658727 0.555432 0.008308 0.015491
0 0.647629 0.651587 0.006527 0.013051
0 0.589015 0.625348 0.011459 0.021095
0 0.640470 0.756866 0.011571 0.022018
0 0.580125 0.725211 0.009680 0.018654
0 0.314295 0.697106 0.008643 0.018257
0 0.355863 0.712412 0.010646 0.022540
0 0.407794 0.747414 0.012903 0.020770
0 0.459094 0.774584 0.008938 0.016613
0 0.512001 0.799540 0.010086 0.017932
0 0.526252 0.695138 0.005785 0.011008
0 0.472012 0.665869 0.007677 0.014370
0 0.421917 0.631110 0.009385 0.020300
0 0.373339 0.612115 0.008419 0.016413
0 0.325320 0.564897 0.010493 0.017209
0 0.531473 0.575353 0.006121 0.013773
0 0.486974 0.542783 0.007972 0.012726
0 0.438731 0.521074 0.007901 0.016215
0 0.392141 0.488161 0.006527 0.013051
0 0.342698 0.454607 0.007270 0.015094
