0 0.435275 0.099052 0.008707 0.015469
0 0.508470 0.124634 0.006835 0.012845
0 0.571180 0.169602 0.006835 0.012845
0 0.619101 0.212815 0.007366 0.013090
0 0.661547 0.229303 0.008706 0.015470
0 0.702929 0.245303 0.004688 0.008329
0 0.753003 0.269836 0.006697 0.011899
0 0.421943 0.200346 0.011505 0.017639
0 0.489396 0.228332 0.009101 0.014769
0 0.548051 0.256307 0.009907 0.016905
0 0.599294 0.302054 0.007229 0.012144
0 0.644409 0.317751 0.005634 0.011410
0 0.690836 0.338087 0.005358 0.009519
0 0.741324 0.359786 0.006027 0.010710
0 0.406679 0.301258 0.007761 0.012389
0 0.475670 0.328435 0.008431 0.013579
0 0.533311 0.359475 0.007761 0.012389
0 0.586972 0.386665 0.006817 0.009308
0 0.633735 0.406650 0.008275 0.009097
0 0.680359 0.427581 0.007091 0.011199
0 0.732227 0.453443 0.009770 0.015959
0 0.387467 0.405900 0.009239 0.015715
0 0.462242 0.436241 0.011110 0.018339
0 0.520246 0.460891 0.011642 0.018584
0 0.576408 0.480658 0.006835 0.012844
0 0.621968 0.501099 0.006164 0.011655
0 0.667400 0.520472 0.006027 0.010710
0 0.719364 0.539824 0.006697 0.011899
0 0.376412 0.505214 0.009377 0.016660
0 0.451837 0.538881 0.012550 0.014590
0 0.515121 0.560409 0.009770 0.015959
0 0.566168 0.576313 0.006440 0.013546
0 0.611807 0.594268 0.007505 0.014035
0 0.659189 0.609999 0.006697 0.011899
0 0.706394 0.634727 0.008294 0.012633
0 0.363379 0.614210 0.006697 0.011899
0 0.439216 0.645040 0.006165 0.011655
0 0.500597 0.660146 0.010972 0.017394
0 0.555217 0.667102 0.012588 0.021665
0 0.599842 0.688122 0.010046 0.017850
0 0.644081 0.705938 0.008826 0.012878
0 0.696550 0.731573 0.011367 0.016693
0 0.351377 0.716116 0.012982 0.020964
0 0.428477 0.748030 0.013908 0.020507
0 0.501412 0.757858 0.009239 0.015714
0 0.545924 0.760165 0.010302 0.016203
0 0.587800 0.784460 0.010577 0.018094
0 0.632659 0.798023 0.006303 0.012600
0 0.681393 0.823958 0.009377 0.016660
