0 0.354153 0.695837 0.007371 0.012323
0 0.407174 0.704206 0.006931 0.013103
0 0.458333 0.706192 0.007855 0.012403
0 0.508648 0.714981 0.010110 0.018754
0 0.561766 0.716856 0.008172 0.018433
0 0.611664 0.724274 0.008172 0.018433
0 0.660374 0.731060 0.007461 0.014045
0 0.666056 0.632187 0.007732 0.019213
0 0.661021 0.518952 0.007022 0.014826
0 0.657064 0.436272 0.008035 0.015848
0 0.660787 0.370057 0.007370 0.012323
0 0.663148 0.301880 0.006796 0.010519
0 0.668663 0.229455 0.006356 0.011300
0 0.617724 0.622860 0.013773 0.024484
0 0.567046 0.607069 0.008035 0.015848
0 0.513685 0.605151 0.010458 0.016250
0 0.463017 0.598475 0.015969 0.020579
0 0.410557 0.598009 0.017648 0.025127
0 0.358300 0.593673 0.011259 0.022360
0 0.373298 0.489404 0.010595 0.018835
0 0.419937 0.498449 0.005917 0.012082
0 0.471315 0.500906 0.006402 0.012162
0 0.520646 0.505190 0.007112 0.016549
0 0.568714 0.514908 0.007416 0.013184
0 0.616282 0.520203 0.005387 0.011139
0 0.387550 0.399333 0.006796 0.010519
0 0.392120 0.326314 0.005523 0.013723
0 0.395319 0.256107 0.008475 0.015068
0 0.399601 0.183910 0.008385 0.013344
0 0.433918 0.413542 0.006447 0.013023
0 0.479066 0.418434 0.009444 0.015228
0 0.524140 0.429389 0.006931 0.013103
0 0.570082 0.433113 0.011336 0.014688
0 0.612787 0.438034 0.006356 0.011300
0 0.616758 0.367086 0.005917 0.012082
0 0.620511 0.295669 0.005736 0.008636
0 0.622969 0.220999 0.007719 0.009818
0 0.578593 0.215367 0.008294 0.011622
0 0.578402 0.288677 0.008824 0.012564
0 0.573569 0.362086 0.009929 0.015309
0 0.536794 0.207124 0.006796 0.010519
0 0.533193 0.280302 0.006221 0.008716
0 0.529880 0.352661 0.010369 0.014527
0 0.482002 0.348617 0.005691 0.007774
0 0.487410 0.273569 0.007673 0.008957
0 0.490110 0.198939 0.005387 0.011139
0 0.437064 0.335079 0.008294 0.011621
0 0.444734 0.263445 0.010504 0.017111
0 0.444326 0.192205 0.008081 0.016710
