0 0.328026 0.231465 0.007506 0.012398
0 0.386301 0.232758 0.006978 0.013336
0 0.442150 0.240636 0.008038 0.012405
0 0.497503 0.240942 0.010196 0.019055
0 0.555480 0.249324 0.008067 0.019025
0 0.610294 0.251039 0.008067 0.019025
0 0.663775 0.253210 0.007515 0.014289
0 0.663821 0.361964 0.007540 0.019962
0 0.651302 0.484252 0.006986 0.015227
0 0.641855 0.573486 0.008054 0.016188
0 0.641797 0.646303 0.007506 0.012398
0 0.640134 0.720987 0.006965 0.010499
0 0.641641 0.800917 0.006437 0.011437
0 0.610594 0.362634 0.013947 0.024781
0 0.554410 0.369881 0.008054 0.016188
0 0.496167 0.361497 0.010716 0.016225
0 0.440560 0.358823 0.016587 0.020090
0 0.383387 0.349035 0.018204 0.024841
0 0.326196 0.343502 0.011277 0.022852
0 0.336056 0.459959 0.010729 0.019063
0 0.387420 0.459263 0.005909 0.012375
0 0.443538 0.466671 0.006441 0.012383
0 0.497539 0.471687 0.006995 0.017119
0 0.550503 0.470541 0.007510 0.013343
0 0.602646 0.474111 0.005372 0.011422
0 0.345985 0.560812 0.006965 0.010499
0 0.346424 0.641201 0.005385 0.014259
0 0.345549 0.718261 0.008582 0.015250
0 0.345727 0.797700 0.008574 0.013358
0 0.397374 0.554442 0.006446 0.013328
0 0.446857 0.557976 0.009647 0.015265
0 0.496636 0.554894 0.006978 0.013336
0 0.546911 0.559856 0.011771 0.014349
0 0.593735 0.562879 0.006437 0.011437
0 0.593653 0.640897 0.005909 0.012375
0 0.593303 0.719383 0.005892 0.008593
0 0.591342 0.801155 0.008025 0.009568
0 0.542654 0.798579 0.008566 0.011467
0 0.547001 0.718731 0.009102 0.012420
0 0.546297 0.637866 0.010180 0.015272
0 0.496611 0.799350 0.006965 0.010499
0 0.497235 0.718977 0.006424 0.008600
0 0.498122 0.639553 0.010708 0.014334
0 0.445718 0.634559 0.005888 0.007647
0 0.446945 0.717324 0.008021 0.008623
0 0.445250 0.799100 0.005372 0.011422
0 0.395927 0.640479 0.008566 0.011467
0 0.399831 0.719970 0.010720 0.017171
0 0.394961 0.797447 0.008059 0.017134
