0 0.345522 0.801764 0.005528 0.012587
0 0.406991 0.796197 0.006045 0.011668
0 0.344289 0.386707 0.012482 0.014842
0 0.338653 0.189865 0.006562 0.010749
0 0.340273 0.288348 0.010854 0.012864
0 0.408330 0.181028 0.013093 0.019604
0 0.409166 0.280500 0.010399 0.017572
0 0.471732 0.195738 0.006138 0.017350
0 0.521939 0.202129 0.008377 0.024089
0 0.564674 0.207963 0.005010 0.013507
0 0.610848 0.212195 0.009866 0.017544
0 0.654149 0.203783 0.008221 0.014620
0 0.472672 0.285252 0.004964 0.010666
0 0.524006 0.295377 0.010399 0.017572
0 0.566798 0.288412 0.006609 0.013590
0 0.610192 0.285681 0.008253 0.016514
0 0.656993 0.279456 0.007126 0.012670
0 0.526121 0.375353 0.005434 0.006905
0 0.567543 0.366090 0.005481 0.009746
0 0.611125 0.358611 0.008754 0.014648
0 0.659767 0.350867 0.014691 0.019688
0 0.566212 0.447193 0.009882 0.018491
0 0.611878 0.436762 0.009804 0.013756
0 0.660105 0.420037 0.005543 0.013534
0 0.526115 0.439802 0.012012 0.018602
0 0.483941 0.370913 0.009788 0.012809
0 0.478726 0.458852 0.007110 0.011723
0 0.406910 0.386293 0.007690 0.014592
0 0.409219 0.478106 0.008221 0.014620
0 0.345995 0.490399 0.007141 0.013618
0 0.346848 0.590818 0.005512 0.011640
0 0.408568 0.584290 0.009882 0.018491
0 0.342766 0.699074 0.009897 0.019438
0 0.406804 0.687688 0.008252 0.016514
0 0.676984 0.749455 0.007188 0.016459
0 0.633566 0.750765 0.008847 0.020329
0 0.577625 0.768366 0.011463 0.017627
0 0.523156 0.778307 0.007690 0.014592
0 0.467309 0.785477 0.008770 0.015595
0 0.464171 0.675700 0.004948 0.009719
0 0.521820 0.664645 0.006593 0.012643
0 0.575890 0.646668 0.007752 0.018380
0 0.626747 0.644022 0.007157 0.014565
0 0.680066 0.612817 0.009287 0.014675
0 0.471755 0.553517 0.004995 0.012560
0 0.519967 0.535845 0.007095 0.010776
0 0.570778 0.530359 0.006624 0.014537
0 0.621128 0.513050 0.005512 0.011640
0 0.674415 0.496062 0.006076 0.013562
