0 0.288356 0.228497 0.006090 0.010163
0 0.294437 0.314508 0.005350 0.011476
0 0.310867 0.409599 0.007116 0.011988
0 0.327708 0.501752 0.007630 0.012900
0 0.333526 0.589852 0.005648 0.010035
0 0.339530 0.677496 0.006973 0.010419
0 0.346848 0.769589 0.007558 0.012115
0 0.338142 0.210452 0.006460 0.009506
0 0.346096 0.297128 0.008297 0.010802
0 0.359539 0.396708 0.006305 0.012516
0 0.375461 0.488725 0.005576 0.009250
0 0.383015 0.573504 0.005135 0.009123
0 0.388278 0.662972 0.003666 0.007170
0 0.396003 0.754546 0.006090 0.010163
0 0.389611 0.195945 0.005946 0.008594
0 0.396974 0.283597 0.006460 0.009506
0 0.409494 0.385458 0.006891 0.014213
0 0.423764 0.476746 0.006531 0.010291
0 0.430290 0.560212 0.006233 0.011732
0 0.436961 0.645246 0.007414 0.010547
0 0.445886 0.742512 0.006531 0.010291
0 0.442477 0.181840 0.005576 0.009250
0 0.450945 0.269171 0.005792 0.011604
0 0.460122 0.369182 0.005576 0.009250
0 0.469950 0.456523 0.007485 0.011330
0 0.479737 0.545888 0.006685 0.007281
0 0.486367 0.632948 0.005278 0.010691
0 0.496328 0.726691 0.004108 0.007298
0 0.494577 0.164331 0.006901 0.009634
0 0.503594 0.252711 0.005135 0.009123
0 0.509790 0.354794 0.006018 0.009378
0 0.518288 0.444936 0.003666 0.007170
0 0.526791 0.532660 0.004549 0.007426
0 0.537025 0.619481 0.004620 0.008210
0 0.544488 0.713143 0.003153 0.006257
0 0.546155 0.151001 0.005576 0.009250
0 0.555587 0.234028 0.007558 0.012115
0 0.559674 0.342760 0.006891 0.014213
0 0.564753 0.432684 0.004026 0.011092
0 0.575834 0.518857 0.006820 0.013429
0 0.585369 0.605477 0.010198 0.017462
0 0.594781 0.698172 0.006161 0.010947
0 0.596634 0.135573 0.007928 0.011459
0 0.609475 0.223650 0.012477 0.018885
0 0.610044 0.326155 0.004324 0.009651
0 0.611921 0.418215 0.006531 0.010291
0 0.621347 0.503659 0.007045 0.011203
0 0.634158 0.588928 0.006090 0.010163
0 0.645553 0.683465 0.005422 0.012260
