0 0.360100 0.143294 0.006839 0.012158
0 0.430711 0.137159 0.005266 0.010278
0 0.494166 0.153118 0.005266 0.010278
0 0.543791 0.173457 0.005787 0.010288
0 0.584951 0.171421 0.006839 0.012158
0 0.625069 0.169367 0.003683 0.006546
0 0.674277 0.171643 0.005261 0.009352
0 0.360839 0.241923 0.009448 0.013131
0 0.426477 0.240329 0.007355 0.011242
0 0.484021 0.242292 0.007886 0.013103
0 0.537027 0.263618 0.005782 0.009362
0 0.580541 0.259772 0.004220 0.009334
0 0.625856 0.259663 0.004209 0.007482
0 0.675080 0.259162 0.004734 0.008417
0 0.359753 0.340984 0.006302 0.009371
0 0.426701 0.338023 0.006829 0.010306
0 0.483705 0.343217 0.006302 0.009371
0 0.536554 0.346484 0.005766 0.006584
0 0.582133 0.345916 0.007323 0.005687
0 0.627706 0.346274 0.005776 0.008436
0 0.678735 0.349046 0.007880 0.012177
0 0.355514 0.445078 0.007360 0.012168
0 0.428188 0.442684 0.008933 0.014048
0 0.484706 0.441851 0.009454 0.014057
0 0.538902 0.437272 0.005266 0.010278
0 0.583433 0.437611 0.004740 0.009343
0 0.627710 0.437020 0.004734 0.008417
0 0.677991 0.433760 0.005261 0.009352
0 0.358092 0.540964 0.007366 0.013094
0 0.431792 0.541366 0.010989 0.009456
0 0.492766 0.535519 0.007880 0.012177
0 0.541761 0.529458 0.004750 0.011195
0 0.586046 0.527478 0.005792 0.011214
0 0.631648 0.522744 0.005261 0.009352
0 0.678244 0.526361 0.006823 0.009381
0 0.360095 0.646560 0.005261 0.009352
0 0.433809 0.644185 0.004740 0.009343
0 0.492209 0.633199 0.008927 0.013122
0 0.543343 0.617454 0.009991 0.016844
0 0.587088 0.618705 0.007891 0.014029
0 0.630068 0.617165 0.007344 0.009390
0 0.681620 0.619483 0.009443 0.012205
0 0.362137 0.745213 0.010506 0.015928
0 0.437151 0.743324 0.011542 0.015021
0 0.505501 0.722796 0.007360 0.012168
0 0.546740 0.706872 0.008401 0.012187
0 0.588377 0.712251 0.008412 0.014038
0 0.631381 0.706545 0.004745 0.010269
0 0.679537 0.710653 0.007366 0.013094
