0 0.669043 0.201326 0.006055 0.009864
0 0.671061 0.299075 0.005045 0.011658
0 0.662484 0.410275 0.007064 0.011658
0 0.653150 0.518337 0.007568 0.012555
0 0.655672 0.618327 0.005550 0.009864
0 0.657943 0.717870 0.007064 0.009864
0 0.659204 0.822792 0.007568 0.011658
0 0.611775 0.197291 0.006559 0.008968
0 0.611775 0.296385 0.008577 0.009864
0 0.606983 0.411620 0.006055 0.012555
0 0.598657 0.519233 0.005550 0.008967
0 0.598909 0.616085 0.005045 0.008968
0 0.602190 0.717421 0.003532 0.007174
0 0.602946 0.821895 0.006055 0.009864
0 0.552994 0.197740 0.006055 0.008071
0 0.553752 0.297729 0.006559 0.008968
0 0.550220 0.415208 0.006559 0.014349
0 0.543661 0.521476 0.006559 0.009864
0 0.544922 0.616534 0.006055 0.011658
0 0.546183 0.713386 0.007568 0.009864
0 0.546183 0.824586 0.006559 0.009864
0 0.492700 0.199085 0.005550 0.008967
0 0.492196 0.299075 0.005550 0.011658
0 0.492196 0.413414 0.005550 0.008968
0 0.490178 0.513853 0.007568 0.010761
0 0.488412 0.616534 0.007064 0.006277
0 0.489925 0.715628 0.005045 0.010761
0 0.488412 0.823241 0.004037 0.007174
0 0.432910 0.196394 0.007064 0.008968
0 0.431901 0.297729 0.005045 0.008968
0 0.435433 0.413414 0.006055 0.008968
0 0.435181 0.516543 0.003532 0.007174
0 0.434676 0.616982 0.004540 0.007174
0 0.432154 0.716973 0.004541 0.008071
0 0.433415 0.823689 0.003027 0.006277
0 0.374129 0.198188 0.005550 0.008968
0 0.372111 0.293695 0.007568 0.011658
0 0.378670 0.416105 0.006559 0.014349
0 0.382202 0.517888 0.003532 0.011658
0 0.378670 0.617431 0.006559 0.013452
0 0.376904 0.716973 0.010091 0.017039
0 0.375895 0.823241 0.006055 0.010761
0 0.316357 0.197291 0.008073 0.010761
0 0.311060 0.299523 0.012614 0.017936
0 0.320898 0.413862 0.004037 0.009864
0 0.328214 0.516991 0.006559 0.009864
0 0.326448 0.615188 0.007064 0.010761
0 0.320898 0.714282 0.006055 0.009864
0 0.317871 0.823241 0.005045 0.012555
