0 0.325595 0.150254 0.008340 0.009885
0 0.321982 0.252070 0.004449 0.009885
0 0.319200 0.363278 0.004449 0.010873
0 0.320313 0.476957 0.006674 0.010873
0 0.318366 0.586188 0.005005 0.009885
0 0.319200 0.694429 0.006674 0.010873
0 0.316420 0.801683 0.006674 0.007908
0 0.385097 0.147288 0.005005 0.011862
0 0.384263 0.254542 0.006674 0.008896
0 0.385097 0.364761 0.008340 0.007908
0 0.384263 0.476957 0.004449 0.008896
0 0.382874 0.587671 0.007230 0.004943
0 0.382318 0.698878 0.010566 0.009885
0 0.380928 0.807121 0.003337 0.006919
0 0.446546 0.150748 0.005561 0.008896
0 0.446269 0.256519 0.005005 0.004943
0 0.450439 0.371185 0.003337 0.004943
0 0.449883 0.476957 0.006674 0.008896
0 0.450717 0.578280 0.002781 0.005932
0 0.448770 0.676141 0.005561 0.007908
0 0.448215 0.781913 0.006674 0.011862
0 0.512444 0.155690 0.009453 0.010873
0 0.508829 0.261955 0.005561 0.009885
0 0.509385 0.376623 0.006674 0.011862
0 0.508274 0.477945 0.006674 0.012851
0 0.510498 0.569383 0.005561 0.011862
0 0.509385 0.658843 0.006674 0.012851
0 0.507161 0.757200 0.005561 0.011862
0 0.570556 0.164587 0.004449 0.012851
0 0.569166 0.266898 0.007230 0.009885
0 0.566107 0.381565 0.005561 0.007908
0 0.561103 0.480417 0.006674 0.011862
0 0.561103 0.567406 0.004450 0.007908
0 0.558323 0.659832 0.004450 0.008896
0 0.558879 0.754728 0.006674 0.006919
0 0.628947 0.170518 0.007785 0.006919
0 0.628947 0.271841 0.005561 0.009885
0 0.620049 0.387002 0.006674 0.008896
0 0.612819 0.482394 0.006674 0.007908
0 0.608650 0.569877 0.003893 0.008896
0 0.610319 0.663785 0.008342 0.010873
0 0.609206 0.751764 0.005005 0.010874
0 0.685391 0.177438 0.007230 0.008896
0 0.685669 0.276783 0.007785 0.009885
0 0.673157 0.388485 0.006117 0.011862
0 0.660922 0.481405 0.006117 0.009885
0 0.657864 0.570866 0.007785 0.012851
0 0.661757 0.662302 0.005561 0.009885
0 0.657864 0.755717 0.007785 0.010873
