0 0.379167 0.457407 0.027083 0.048148
0 0.379167 0.581481 0.027083 0.048148
0 0.221354 0.741667 0.027083 0.048148
0 0.243229 0.517593 0.027083 0.048148
0 0.271875 0.229630 0.027083 0.048148
0 0.251563 0.434259 0.027083 0.048148
0 0.870833 0.687037 0.027083 0.048148
0 0.235937 0.591667 0.027083 0.048148
0 0.260937 0.334259 0.027083 0.048148
0 0.389583 0.332407 0.027083 0.048148
0 0.345313 0.215741 0.027083 0.048148
0 0.366667 0.700926 0.027083 0.048148
0 0.414062 0.589815 0.027083 0.048148
0 0.308333 0.210185 0.027083 0.048148
0 0.347396 0.455556 0.027083 0.048148
0 0.532292 0.262037 0.027083 0.048148
0 0.821875 0.837037 0.027083 0.048148
0 0.227604 0.670370 0.027083 0.048148
0 0.616146 0.287037 0.027083 0.048148
0 0.817708 0.710185 0.027083 0.048148
0 0.378125 0.354630 0.027083 0.048148
0 0.405729 0.362037 0.027083 0.048148
0 0.730729 0.897222 0.027083 0.048148
0 0.563021 0.696296 0.027083 0.048148
0 0.276562 0.549074 0.027083 0.048148
0 0.434375 0.595370 0.027083 0.048148
0 0.332813 0.197222 0.027083 0.048148
0 0.295312 0.187037 0.027083 0.048148
0 0.245312 0.774074 0.027083 0.048148
0 0.277083 0.496296 0.027083 0.048148
0 0.277083 0.181481 0.027083 0.048148
0 0.429688 0.271296 0.027083 0.048148
0 0.347396 0.345370 0.027083 0.048148
0 0.469792 0.346296 0.027083 0.048148
0 0.331250 0.787963 0.027083 0.048148
0 0.261458 0.560185 0.027083 0.048148
0 0.727604 0.518519 0.027083 0.048148
0 0.819271 0.759259 0.027083 0.048148
0 0.298438 0.516667 0.027083 0.048148
0 0.192188 0.279630 0.027083 0.048148
0 0.183333 0.631481 0.027083 0.048148
0 0.722396 0.699074 0.027083 0.048148
0 0.389062 0.541667 0.027083 0.048148
0 0.500521 0.249074 0.027083 0.048148
0 0.183854 0.709259 0.027083 0.048148
0 0.120833 0.830556 0.027083 0.048148
0 0.838021 0.687963 0.027083 0.048148
0 0.564583 0.787963 0.027083 0.048148
0 0.434896 0.329630 0.027083 0.048148
