0 0.245833 0.209259 0.027083 0.048148
0 0.256250 0.753704 0.027083 0.048148
0 0.247917 0.300000 0.027083 0.048148
0 0.248958 0.389815 0.027083 0.048148
0 0.250521 0.486111 0.027083 0.048148
0 0.252083 0.573148 0.027083 0.048148
0 0.253646 0.664815 0.027083 0.048148
0 0.664583 0.725926 0.027083 0.048148
0 0.726562 0.225000 0.027083 0.048148
0 0.703646 0.536111 0.027083 0.048148
0 0.706771 0.324074 0.027083 0.048148
0 0.728125 0.276852 0.027083 0.048148
0 0.525521 0.188889 0.027083 0.048148
0 0.254688 0.799074 0.027083 0.048148
0 0.673438 0.374074 0.027083 0.048148
0 0.309375 0.497222 0.027083 0.048148
0 0.736979 0.725926 0.027083 0.048148
0 0.731250 0.393519 0.027083 0.048148
0 0.696354 0.570370 0.027083 0.048148
0 0.390104 0.120370 0.027083 0.048148
0 0.735417 0.134259 0.027083 0.048148
0 0.292708 0.715741 0.027083 0.048148
0 0.235417 0.773148 0.027083 0.048148
0 0.704688 0.228704 0.027083 0.048148
0 0.705208 0.267593 0.027083 0.048148
0 0.731771 0.438889 0.027083 0.048148
0 0.303125 0.225000 0.027083 0.048148
0 0.209896 0.469444 0.027083 0.048148
0 0.468229 0.792593 0.027083 0.048148
0 0.695833 0.396296 0.027083 0.048148
0 0.517708 0.148148 0.027083 0.048148
0 0.674479 0.178704 0.027083 0.048148
0 0.716146 0.369444 0.027083 0.048148
0 0.186979 0.492593 0.027083 0.048148
0 0.480729 0.832407 0.027083 0.048148
0 0.355729 0.512963 0.027083 0.048148
0 0.512500 0.792593 0.027083 0.048148
0 0.288542 0.206481 0.027083 0.048148
0 0.745313 0.768519 0.027083 0.048148
0 0.431771 0.132407 0.027083 0.048148
0 0.273958 0.462037 0.027083 0.048148
0 0.431771 0.790741 0.027083 0.048148
0 0.768750 0.433333 0.027083 0.048148
0 0.356250 0.775926 0.027083 0.048148
0 0.223438 0.192593 0.027083 0.048148
0 0.381771 0.768519 0.027083 0.048148
0 0.244271 0.165741 0.027083 0.048148
0 0.449479 0.826852 0.027083 0.048148
0 0.735417 0.535185 0.027083 0.048148
