0 0.459375 0.750000 0.027083 0.048148
0 0.151042 0.687037 0.027083 0.048148
0 0.151042 0.312037 0.027083 0.048148
0 0.323958 0.505556 0.027083 0.048148
0 0.313542 0.466667 0.027083 0.048148
0 0.510938 0.963889 0.027083 0.048148
0 0.322396 0.327778 0.027083 0.048148
0 0.713542 0.625000 0.027083 0.048148
0 0.583854 0.787037 0.027083 0.048148
0 0.280729 0.511111 0.027083 0.048148
0 0.684896 0.951852 0.027083 0.048148
0 0.656250 0.961111 0.027083 0.048148
0 0.646354 0.924074 0.027083 0.048148
0 0.368229 0.500000 0.027083 0.048148
0 0.368229 0.873148 0.027083 0.048148
0 0.541667 0.798148 0.027083 0.048148
0 0.667188 0.915741 0.027083 0.048148
0 0.298958 0.307407 0.027083 0.048148
0 0.258333 0.290741 0.027083 0.048148
0 0.682813 0.880556 0.027083 0.048148
0 0.230729 0.403704 0.027083 0.048148
0 0.260417 0.717593 0.027083 0.048148
0 0.241667 0.517593 0.027083 0.048148
0 0.497917 0.430556 0.027083 0.048148
0 0.521875 0.726852 0.027083 0.048148
0 0.541146 0.167593 0.027083 0.048148
0 0.299479 0.711111 0.027083 0.048148
0 0.581771 0.708333 0.027083 0.048148
0 0.269792 0.816667 0.027083 0.048148
0 0.251042 0.616667 0.027083 0.048148
0 0.585417 0.368519 0.027083 0.048148
0 0.518750 0.571296 0.027083 0.048148
0 0.539062 0.412037 0.027083 0.048148
0 0.316146 0.284259 0.027083 0.048148
0 0.220833 0.298148 0.027083 0.048148
0 0.289583 0.611111 0.027083 0.048148
0 0.493229 0.967593 0.027083 0.048148
0 0.279167 0.925000 0.027083 0.048148
0 0.354167 0.345370 0.027083 0.048148
0 0.506771 0.174074 0.027083 0.048148
0 0.727604 0.728704 0.027083 0.048148
0 0.203646 0.575926 0.027083 0.048148
0 0.308854 0.811111 0.027083 0.048148
0 0.450521 0.192593 0.027083 0.048148
0 0.551562 0.127778 0.027083 0.048148
0 0.522396 0.430556 0.027083 0.048148
0 0.268750 0.582407 0.027083 0.048148
0 0.457813 0.571296 0.027083 0.048148
0 0.633854 0.966667 0.027083 0.048148
