0 0.181250 0.755556 0.027083 0.048148
0 0.189062 0.131481 0.027083 0.048148
0 0.644271 0.765741 0.027083 0.048148
0 0.703125 0.561111 0.027083 0.048148
0 0.186979 0.237963 0.027083 0.048148
0 0.738021 0.208333 0.027083 0.048148
0 0.185417 0.340741 0.027083 0.048148
0 0.181771 0.655556 0.027083 0.048148
0 0.182812 0.550000 0.027083 0.048148
0 0.184375 0.450926 0.027083 0.048148
0 0.255729 0.158333 0.027083 0.048148
0 0.679167 0.140741 0.027083 0.048148
0 0.713542 0.318519 0.027083 0.048148
0 0.737500 0.399074 0.027083 0.048148
0 0.693229 0.594444 0.027083 0.048148
0 0.738542 0.260185 0.027083 0.048148
0 0.747396 0.104630 0.027083 0.048148
0 0.737500 0.306481 0.027083 0.048148
0 0.251563 0.467593 0.027083 0.048148
0 0.506250 0.138889 0.027083 0.048148
0 0.606771 0.667593 0.027083 0.048148
0 0.235937 0.134259 0.027083 0.048148
0 0.222396 0.762963 0.027083 0.048148
0 0.720313 0.363889 0.027083 0.048148
0 0.573438 0.357407 0.027083 0.048148
0 0.735938 0.511111 0.027083 0.048148
0 0.713542 0.251852 0.027083 0.048148
0 0.328646 0.410185 0.027083 0.048148
0 0.296875 0.790741 0.027083 0.048148
0 0.668229 0.368519 0.027083 0.048148
0 0.407292 0.773148 0.027083 0.048148
0 0.591146 0.633333 0.027083 0.048148
0 0.733333 0.757407 0.027083 0.048148
0 0.479167 0.137037 0.027083 0.048148
0 0.457292 0.772222 0.027083 0.048148
0 0.736458 0.454630 0.027083 0.048148
0 0.714063 0.202778 0.027083 0.048148
0 0.533854 0.138889 0.027083 0.048148
0 0.178646 0.803704 0.027083 0.048148
0 0.529167 0.078704 0.027083 0.048148
0 0.322917 0.787037 0.027083 0.048148
0 0.348438 0.768519 0.027083 0.048148
0 0.405208 0.067593 0.027083 0.048148
0 0.165104 0.112037 0.027083 0.048148
0 0.158854 0.778704 0.027083 0.048148
0 0.186458 0.501852 0.027083 0.048148
0 0.735417 0.558333 0.027083 0.048148
0 0.539062 0.354630 0.027083 0.048148
0 0.329167 0.257407 0.027083 0.048148
