0 0.628125 0.809259 0.027083 0.048148
0 0.559375 0.847222 0.027083 0.048148
0 0.546875 0.503704 0.027083 0.048148
0 0.652083 0.834259 0.027083 0.048148
0 0.535417 0.470370 0.027083 0.048148
0 0.681771 0.202778 0.027083 0.048148
0 0.723958 0.316667 0.027083 0.048148
0 0.826042 0.555556 0.027083 0.048148
0 0.688021 0.162963 0.027083 0.048148
0 0.293229 0.162037 0.027083 0.048148
0 0.710938 0.722222 0.027083 0.048148
0 0.605208 0.836111 0.027083 0.048148
0 0.798438 0.403704 0.027083 0.048148
0 0.675521 0.324074 0.027083 0.048148
0 0.496875 0.363889 0.027083 0.048148
0 0.525521 0.786111 0.027083 0.048148
0 0.668229 0.280556 0.027083 0.048148
0 0.690104 0.655556 0.027083 0.048148
0 0.305729 0.701852 0.027083 0.048148
0 0.397917 0.303704 0.027083 0.048148
0 0.296354 0.269444 0.027083 0.048148
0 0.400521 0.155556 0.027083 0.048148
0 0.368750 0.863889 0.027083 0.048148
0 0.586458 0.286111 0.027083 0.048148
0 0.607292 0.780556 0.027083 0.048148
0 0.297396 0.375926 0.027083 0.048148
0 0.544271 0.814815 0.027083 0.048148
0 0.569271 0.076852 0.027083 0.048148
0 0.495312 0.273148 0.027083 0.048148
0 0.299479 0.488889 0.027083 0.048148
0 0.505208 0.816667 0.027083 0.048148
0 0.429688 0.087037 0.027083 0.048148
0 0.311979 0.814815 0.027083 0.048148
0 0.507292 0.653704 0.027083 0.048148
0 0.559375 0.159259 0.027083 0.048148
0 0.613021 0.875926 0.027083 0.048148
0 0.576042 0.209259 0.027083 0.048148
0 0.445312 0.307407 0.027083 0.048148
0 0.468229 0.159259 0.027083 0.048148
0 0.464062 0.889815 0.027083 0.048148
0 0.321875 0.673148 0.027083 0.048148
0 0.529167 0.158333 0.027083 0.048148
0 0.686979 0.247222 0.027083 0.048148
0 0.837500 0.515741 0.027083 0.048148
0 0.723437 0.444444 0.027083 0.048148
0 0.628125 0.203704 0.027083 0.048148
0 0.354167 0.504630 0.027083 0.048148
0 0.409896 0.719444 0.027083 0.048148
0 0.528125 0.078704 0.027083 0.048148
