0 0.337500 0.308333 0.027083 0.048148
0 0.710417 0.580556 0.027083 0.048148
0 0.625000 0.768519 0.027083 0.048148
0 0.780729 0.224074 0.027083 0.048148
0 0.697917 0.611111 0.027083 0.048148
0 0.367188 0.618519 0.027083 0.048148
0 0.770312 0.325926 0.027083 0.048148
0 0.147396 0.622222 0.027083 0.048148
0 0.362500 0.250000 0.027083 0.048148
0 0.190104 0.643519 0.027083 0.048148
0 0.598958 0.657407 0.027083 0.048148
0 0.760938 0.422222 0.027083 0.048148
0 0.725521 0.134259 0.027083 0.048148
0 0.725521 0.367593 0.027083 0.048148
0 0.797917 0.118519 0.027083 0.048148
0 0.544792 0.079630 0.027083 0.048148
0 0.184896 0.534259 0.027083 0.048148
0 0.177604 0.361111 0.027083 0.048148
0 0.744271 0.332407 0.027083 0.048148
0 0.692708 0.365741 0.027083 0.048148
0 0.748437 0.537037 0.027083 0.048148
0 0.294271 0.254630 0.027083 0.048148
0 0.321354 0.687963 0.027083 0.048148
0 0.220312 0.208333 0.027083 0.048148
0 0.381250 0.710185 0.027083 0.048148
0 0.516667 0.067593 0.027083 0.048148
0 0.756250 0.209259 0.027083 0.048148
0 0.265625 0.693519 0.027083 0.048148
0 0.140625 0.669444 0.027083 0.048148
0 0.776042 0.276852 0.027083 0.048148
0 0.721875 0.198148 0.027083 0.048148
0 0.672917 0.042593 0.027083 0.048148
0 0.242188 0.842593 0.027083 0.048148
0 0.820833 0.039815 0.027083 0.048148
0 0.308333 0.633333 0.027083 0.048148
0 0.306771 0.123148 0.027083 0.048148
0 0.248958 0.342593 0.027083 0.048148
0 0.291667 0.700000 0.027083 0.048148
0 0.608854 0.332407 0.027083 0.048148
0 0.579688 0.683333 0.027083 0.048148
0 0.911458 0.641667 0.027083 0.048148
0 0.861979 0.566667 0.027083 0.048148
0 0.336458 0.841667 0.027083 0.048148
0 0.076563 0.785185 0.027083 0.048148
0 0.928125 0.094444 0.027083 0.048148
0 0.468750 0.763889 0.027083 0.048148
0 0.254688 0.862037 0.027083 0.048148
0 0.700521 0.132407 0.027083 0.048148
0 0.381250 0.118519 0.027083 0.048148
