0 0.659896 0.739815 0.027083 0.048148
0 0.566667 0.478704 0.027083 0.048148
0 0.601042 0.787037 0.027083 0.048148
0 0.638021 0.767593 0.027083 0.048148
0 0.684375 0.757407 0.027083 0.048148
0 0.588542 0.275000 0.027083 0.048148
0 0.552604 0.450000 0.027083 0.048148
0 0.513021 0.364815 0.027083 0.048148
0 0.564063 0.739815 0.027083 0.048148
0 0.660417 0.250000 0.027083 0.048148
0 0.632292 0.262037 0.027083 0.048148
0 0.667708 0.180556 0.027083 0.048148
0 0.670312 0.290741 0.027083 0.048148
0 0.713021 0.275000 0.027083 0.048148
0 0.652083 0.805556 0.027083 0.048148
0 0.374479 0.682407 0.027083 0.048148
0 0.516667 0.848148 0.027083 0.048148
0 0.640104 0.715741 0.027083 0.048148
0 0.618750 0.187963 0.027083 0.048148
0 0.673958 0.141667 0.027083 0.048148
0 0.409896 0.197222 0.027083 0.048148
0 0.572917 0.202778 0.027083 0.048148
0 0.323437 0.321296 0.027083 0.048148
0 0.648438 0.150000 0.027083 0.048148
0 0.313021 0.227778 0.027083 0.048148
0 0.583854 0.763889 0.027083 0.048148
0 0.564583 0.362963 0.027083 0.048148
0 0.499479 0.855556 0.027083 0.048148
0 0.680729 0.224074 0.027083 0.048148
0 0.706771 0.588889 0.027083 0.048148
0 0.573958 0.250000 0.027083 0.048148
0 0.432812 0.124074 0.027083 0.048148
0 0.425521 0.846296 0.027083 0.048148
0 0.672396 0.798148 0.027083 0.048148
0 0.369271 0.279630 0.027083 0.048148
0 0.821354 0.468519 0.027083 0.048148
0 0.685937 0.264815 0.027083 0.048148
0 0.417708 0.332407 0.027083 0.048148
0 0.548438 0.774074 0.027083 0.048148
0 0.557813 0.085185 0.027083 0.048148
0 0.867188 0.669444 0.027083 0.048148
0 0.695312 0.134259 0.027083 0.048148
0 0.470313 0.186111 0.027083 0.048148
0 0.728646 0.643519 0.027083 0.048148
0 0.460938 0.323148 0.027083 0.048148
0 0.501042 0.287037 0.027083 0.048148
0 0.373958 0.405556 0.027083 0.048148
0 0.331771 0.418519 0.027083 0.048148
0 0.360938 0.717593 0.027083 0.048148
