0 0.337500 0.403704 0.027083 0.048148
0 0.351562 0.525926 0.027083 0.048148
0 0.215625 0.737037 0.027083 0.048148
0 0.333854 0.283333 0.027083 0.048148
0 0.211979 0.512037 0.027083 0.048148
0 0.213021 0.586111 0.027083 0.048148
0 0.207292 0.220370 0.027083 0.048148
0 0.210417 0.426852 0.027083 0.048148
0 0.208854 0.326852 0.027083 0.048148
0 0.848958 0.437037 0.027083 0.048148
0 0.306771 0.413889 0.027083 0.048148
0 0.355729 0.645370 0.027083 0.048148
0 0.354167 0.261111 0.027083 0.048148
0 0.214062 0.664815 0.027083 0.048148
0 0.386458 0.521296 0.027083 0.048148
0 0.267708 0.172222 0.027083 0.048148
0 0.543750 0.571296 0.027083 0.048148
0 0.406771 0.519444 0.027083 0.048148
0 0.548438 0.159259 0.027083 0.048148
0 0.319792 0.347222 0.027083 0.048148
0 0.825000 0.414815 0.027083 0.048148
0 0.637500 0.282407 0.027083 0.048148
0 0.344271 0.237037 0.027083 0.048148
0 0.825000 0.460185 0.027083 0.048148
0 0.470313 0.164815 0.027083 0.048148
0 0.366146 0.204630 0.027083 0.048148
0 0.729688 0.709259 0.027083 0.048148
0 0.173958 0.584259 0.027083 0.048148
0 0.266667 0.490741 0.027083 0.048148
0 0.432812 0.519444 0.027083 0.048148
0 0.235417 0.547222 0.027083 0.048148
0 0.683854 0.339815 0.027083 0.048148
0 0.173437 0.290741 0.027083 0.048148
0 0.333333 0.488889 0.027083 0.048148
0 0.235417 0.625000 0.027083 0.048148
0 0.111458 0.437037 0.027083 0.048148
0 0.294271 0.306481 0.027083 0.048148
0 0.430729 0.158333 0.027083 0.048148
0 0.236979 0.185185 0.027083 0.048148
0 0.240625 0.704630 0.027083 0.048148
0 0.343750 0.329630 0.027083 0.048148
0 0.231250 0.468519 0.027083 0.048148
0 0.323958 0.260185 0.027083 0.048148
0 0.430729 0.352778 0.027083 0.048148
0 0.758333 0.841667 0.027083 0.048148
0 0.144271 0.552778 0.027083 0.048148
0 0.138021 0.333333 0.027083 0.048148
0 0.136458 0.812963 0.027083 0.048148
0 0.150000 0.313889 0.027083 0.048148
