0 0.708333 0.512037 0.027083 0.048148
0 0.734375 0.149074 0.027083 0.048148
0 0.792188 0.279630 0.027083 0.048148
0 0.233333 0.385185 0.027083 0.048148
0 0.266146 0.908333 0.027083 0.048148
0 0.243750 0.948148 0.027083 0.048148
0 0.297396 0.303704 0.027083 0.048148
0 0.253646 0.700000 0.027083 0.048148
0 0.247396 0.600000 0.027083 0.048148
0 0.224479 0.280556 0.027083 0.048148
0 0.241146 0.500000 0.027083 0.048148
0 0.260937 0.800000 0.027083 0.048148
0 0.714583 0.575926 0.027083 0.048148
0 0.289583 0.938889 0.027083 0.048148
0 0.491146 0.202778 0.027083 0.048148
0 0.650000 0.869444 0.027083 0.048148
0 0.783333 0.137963 0.027083 0.048148
0 0.268750 0.250926 0.027083 0.048148
0 0.259375 0.541667 0.027083 0.048148
0 0.777083 0.187037 0.027083 0.048148
0 0.566146 0.863889 0.027083 0.048148
0 0.228646 0.733333 0.027083 0.048148
0 0.663542 0.482407 0.027083 0.048148
0 0.235417 0.830556 0.027083 0.048148
0 0.613021 0.912963 0.027083 0.048148
0 0.632812 0.171296 0.027083 0.048148
0 0.744271 0.498148 0.027083 0.048148
0 0.221354 0.629630 0.027083 0.048148
0 0.241667 0.450926 0.027083 0.048148
0 0.528646 0.195370 0.027083 0.048148
0 0.307292 0.576852 0.027083 0.048148
0 0.669792 0.837963 0.027083 0.048148
0 0.281771 0.762963 0.027083 0.048148
0 0.436979 0.172222 0.027083 0.048148
0 0.606250 0.176852 0.027083 0.048148
0 0.206250 0.414815 0.027083 0.048148
0 0.283854 0.835185 0.027083 0.048148
0 0.778646 0.829630 0.027083 0.048148
0 0.280208 0.680556 0.027083 0.048148
0 0.199479 0.310185 0.027083 0.048148
0 0.377604 0.629630 0.027083 0.048148
0 0.788021 0.364815 0.027083 0.048148
0 0.285938 0.866667 0.027083 0.048148
0 0.316667 0.283333 0.027083 0.048148
0 0.215104 0.533333 0.027083 0.048148
0 0.616146 0.866667 0.027083 0.048148
0 0.695312 0.157407 0.027083 0.048148
0 0.481771 0.495370 0.027083 0.048148
0 0.687500 0.818519 0.027083 0.048148
