0 0.432292 0.824074 0.027083 0.048148
0 0.276042 0.839815 0.027083 0.048148
0 0.103125 0.437963 0.027083 0.048148
0 0.340625 0.525926 0.027083 0.048148
0 0.480208 0.814815 0.027083 0.048148
0 0.467708 0.853704 0.027083 0.048148
0 0.669792 0.771296 0.027083 0.048148
0 0.385937 0.838889 0.027083 0.048148
0 0.368750 0.805556 0.027083 0.048148
0 0.578125 0.792593 0.027083 0.048148
0 0.309896 0.723148 0.027083 0.048148
0 0.528646 0.801852 0.027083 0.048148
0 0.319271 0.417593 0.027083 0.048148
0 0.477083 0.671296 0.027083 0.048148
0 0.379167 0.635185 0.027083 0.048148
0 0.368229 0.755556 0.027083 0.048148
0 0.482812 0.205556 0.027083 0.048148
0 0.300000 0.384259 0.027083 0.048148
0 0.602604 0.823148 0.027083 0.048148
0 0.451042 0.656481 0.027083 0.048148
0 0.404687 0.134259 0.027083 0.048148
0 0.450521 0.857407 0.027083 0.048148
0 0.347396 0.315741 0.027083 0.048148
0 0.624479 0.817593 0.027083 0.048148
0 0.287500 0.641667 0.027083 0.048148
0 0.538542 0.107407 0.027083 0.048148
0 0.602083 0.579630 0.027083 0.048148
0 0.236979 0.575000 0.027083 0.048148
0 0.304688 0.671296 0.027083 0.048148
0 0.579167 0.600000 0.027083 0.048148
0 0.649479 0.223148 0.027083 0.048148
0 0.328125 0.454630 0.027083 0.048148
0 0.857812 0.203704 0.027083 0.048148
0 0.656771 0.578704 0.027083 0.048148
0 0.470313 0.616667 0.027083 0.048148
0 0.385417 0.375926 0.027083 0.048148
0 0.465104 0.123148 0.027083 0.048148
0 0.259375 0.258333 0.027083 0.048148
0 0.355729 0.656481 0.027083 0.048148
0 0.271875 0.463889 0.027083 0.048148
0 0.725000 0.211111 0.027083 0.048148
0 0.279687 0.569444 0.027083 0.048148
0 0.264062 0.355556 0.027083 0.048148
0 0.892708 0.175926 0.027083 0.048148
0 0.315625 0.801852 0.027083 0.048148
0 0.388021 0.138889 0.027083 0.048148
0 0.296875 0.809259 0.027083 0.048148
0 0.672917 0.331481 0.027083 0.048148
0 0.485417 0.359259 0.027083 0.048148
