0 0.406771 0.848148 0.027083 0.048148
0 0.455729 0.846296 0.027083 0.048148
0 0.357292 0.853704 0.027083 0.048148
0 0.657292 0.835185 0.027083 0.048148
0 0.242188 0.836111 0.027083 0.048148
0 0.326042 0.518519 0.027083 0.048148
0 0.283854 0.719444 0.027083 0.048148
0 0.415625 0.125926 0.027083 0.048148
0 0.557813 0.841667 0.027083 0.048148
0 0.441146 0.885185 0.027083 0.048148
0 0.341146 0.816667 0.027083 0.048148
0 0.556771 0.121296 0.027083 0.048148
0 0.345833 0.300926 0.027083 0.048148
0 0.558333 0.257407 0.027083 0.048148
0 0.507812 0.840741 0.027083 0.048148
0 0.264583 0.629630 0.027083 0.048148
0 0.517708 0.121296 0.027083 0.048148
0 0.480208 0.123148 0.027083 0.048148
0 0.582812 0.877778 0.027083 0.048148
0 0.666667 0.259259 0.027083 0.048148
0 0.396875 0.126852 0.027083 0.048148
0 0.211979 0.513889 0.027083 0.048148
0 0.257292 0.225000 0.027083 0.048148
0 0.493750 0.209259 0.027083 0.048148
0 0.580729 0.256481 0.027083 0.048148
0 0.530208 0.321296 0.027083 0.048148
0 0.627604 0.905556 0.027083 0.048148
0 0.498958 0.087037 0.027083 0.048148
0 0.260417 0.552778 0.027083 0.048148
0 0.258854 0.440741 0.027083 0.048148
0 0.295833 0.366667 0.027083 0.048148
0 0.318750 0.442593 0.027083 0.048148
0 0.382292 0.719444 0.027083 0.048148
0 0.402604 0.347222 0.027083 0.048148
0 0.256771 0.326852 0.027083 0.048148
0 0.720313 0.171296 0.027083 0.048148
0 0.406771 0.924074 0.027083 0.048148
0 0.361458 0.636111 0.027083 0.048148
0 0.212500 0.327778 0.027083 0.048148
0 0.607292 0.875926 0.027083 0.048148
0 0.422396 0.887037 0.027083 0.048148
0 0.341146 0.766667 0.027083 0.048148
0 0.330729 0.367593 0.027083 0.048148
0 0.502604 0.253704 0.027083 0.048148
0 0.214583 0.442593 0.027083 0.048148
0 0.265104 0.804630 0.027083 0.048148
0 0.572396 0.640741 0.027083 0.048148
0 0.383333 0.371296 0.027083 0.048148
0 0.488021 0.370370 0.027083 0.048148
