0 0.202604 0.116667 0.027083 0.048148
0 0.219271 0.725926 0.027083 0.048148
0 0.671875 0.678704 0.027083 0.048148
0 0.204687 0.219444 0.027083 0.048148
0 0.207292 0.320370 0.027083 0.048148
0 0.215625 0.627778 0.027083 0.048148
0 0.213021 0.525000 0.027083 0.048148
0 0.720313 0.471296 0.027083 0.048148
0 0.210417 0.427778 0.027083 0.048148
0 0.740625 0.119444 0.027083 0.048148
0 0.720833 0.233333 0.027083 0.048148
0 0.747396 0.309259 0.027083 0.048148
0 0.743229 0.175000 0.027083 0.048148
0 0.729688 0.277778 0.027083 0.048148
0 0.276562 0.437037 0.027083 0.048148
0 0.266667 0.133333 0.027083 0.048148
0 0.614062 0.558333 0.027083 0.048148
0 0.332813 0.745370 0.027083 0.048148
0 0.681250 0.064815 0.027083 0.048148
0 0.350000 0.371296 0.027083 0.048148
0 0.710417 0.503704 0.027083 0.048148
0 0.630729 0.582407 0.027083 0.048148
0 0.744792 0.219444 0.027083 0.048148
0 0.513021 0.084259 0.027083 0.048148
0 0.718229 0.167593 0.027083 0.048148
0 0.757812 0.683333 0.027083 0.048148
0 0.441146 0.712963 0.027083 0.048148
0 0.197396 0.750000 0.027083 0.048148
0 0.214062 0.475926 0.027083 0.048148
0 0.371875 0.058333 0.027083 0.048148
0 0.616146 0.614815 0.027083 0.048148
0 0.509375 0.042593 0.027083 0.048148
0 0.750521 0.419444 0.027083 0.048148
0 0.343750 0.220370 0.027083 0.048148
0 0.748437 0.354630 0.027083 0.048148
0 0.717187 0.121296 0.027083 0.048148
0 0.258854 0.727778 0.027083 0.048148
0 0.752083 0.465741 0.027083 0.048148
0 0.539062 0.081481 0.027083 0.048148
0 0.218229 0.774074 0.027083 0.048148
0 0.358854 0.739815 0.027083 0.048148
0 0.382812 0.715741 0.027083 0.048148
0 0.140625 0.435185 0.027083 0.048148
0 0.483854 0.086111 0.027083 0.048148
0 0.289062 0.108333 0.027083 0.048148
0 0.708333 0.313889 0.027083 0.048148
0 0.595833 0.180556 0.027083 0.048148
0 0.295312 0.739815 0.027083 0.048148
0 0.589063 0.287963 0.027083 0.048148
