0 0.663021 0.486111 0.027083 0.048148
0 0.221875 0.291667 0.027083 0.048148
0 0.226562 0.788889 0.027083 0.048148
0 0.224479 0.495370 0.027083 0.048148
0 0.225000 0.590741 0.027083 0.048148
0 0.226562 0.686111 0.027083 0.048148
0 0.222917 0.400926 0.027083 0.048148
0 0.220312 0.191667 0.027083 0.048148
0 0.705729 0.149074 0.027083 0.048148
0 0.711458 0.616667 0.027083 0.048148
0 0.752604 0.280556 0.027083 0.048148
0 0.752604 0.147222 0.027083 0.048148
0 0.665625 0.547222 0.027083 0.048148
0 0.400521 0.462037 0.027083 0.048148
0 0.472917 0.162037 0.027083 0.048148
0 0.589583 0.812963 0.027083 0.048148
0 0.203646 0.823148 0.027083 0.048148
0 0.292187 0.218519 0.027083 0.048148
0 0.401042 0.323148 0.027083 0.048148
0 0.753125 0.776852 0.027083 0.048148
0 0.621354 0.458333 0.027083 0.048148
0 0.424479 0.125000 0.027083 0.048148
0 0.263021 0.172222 0.027083 0.048148
0 0.340625 0.327778 0.027083 0.048148
0 0.247917 0.821296 0.027083 0.048148
0 0.510417 0.161111 0.027083 0.048148
0 0.607812 0.155556 0.027083 0.048148
0 0.609896 0.784259 0.027083 0.048148
0 0.142187 0.575926 0.027083 0.048148
0 0.142187 0.799074 0.027083 0.048148
0 0.727604 0.596296 0.027083 0.048148
0 0.451042 0.856481 0.027083 0.048148
0 0.400000 0.099074 0.027083 0.048148
0 0.249479 0.525926 0.027083 0.048148
0 0.891667 0.450926 0.027083 0.048148
0 0.203125 0.756481 0.027083 0.048148
0 0.253125 0.578704 0.027083 0.048148
0 0.698438 0.478704 0.027083 0.048148
0 0.115104 0.161111 0.027083 0.048148
0 0.175000 0.099074 0.027083 0.048148
0 0.238542 0.448148 0.027083 0.048148
0 0.828646 0.391667 0.027083 0.048148
0 0.201042 0.624074 0.027083 0.048148
0 0.510938 0.796296 0.027083 0.048148
0 0.247917 0.650000 0.027083 0.048148
0 0.097917 0.185185 0.027083 0.048148
0 0.882292 0.593519 0.027083 0.048148
0 0.135937 0.239815 0.027083 0.048148
0 0.843229 0.364815 0.027083 0.048148
