0 0.443229 0.825926 0.027083 0.048148
0 0.293750 0.555556 0.027083 0.048148
0 0.535937 0.438889 0.027083 0.048148
0 0.281771 0.511111 0.027083 0.048148
0 0.292187 0.358333 0.027083 0.048148
0 0.257812 0.312037 0.027083 0.048148
0 0.467708 0.479630 0.027083 0.048148
0 0.449479 0.169444 0.027083 0.048148
0 0.544271 0.142593 0.027083 0.048148
0 0.469271 0.351852 0.027083 0.048148
0 0.222396 0.318519 0.027083 0.048148
0 0.575000 0.775926 0.027083 0.048148
0 0.597396 0.860185 0.027083 0.048148
0 0.723958 0.685185 0.027083 0.048148
0 0.315625 0.643519 0.027083 0.048148
0 0.551042 0.275926 0.027083 0.048148
0 0.578125 0.872222 0.027083 0.048148
0 0.503125 0.152778 0.027083 0.048148
0 0.751042 0.924074 0.027083 0.048148
0 0.520312 0.333333 0.027083 0.048148
0 0.342187 0.550000 0.027083 0.048148
0 0.433333 0.209259 0.027083 0.048148
0 0.193229 0.442593 0.027083 0.048148
0 0.384375 0.334259 0.027083 0.048148
0 0.246354 0.559259 0.027083 0.048148
0 0.412500 0.180556 0.027083 0.048148
0 0.456771 0.312037 0.027083 0.048148
0 0.205729 0.568519 0.027083 0.048148
0 0.306771 0.614815 0.027083 0.048148
0 0.535417 0.182407 0.027083 0.048148
0 0.341667 0.957407 0.027083 0.048148
0 0.215625 0.676852 0.027083 0.048148
0 0.330729 0.375000 0.027083 0.048148
0 0.538542 0.311111 0.027083 0.048148
0 0.267188 0.338889 0.027083 0.048148
0 0.226042 0.787963 0.027083 0.048148
0 0.298958 0.300000 0.027083 0.048148
0 0.164583 0.634259 0.027083 0.048148
0 0.236458 0.897222 0.027083 0.048148
0 0.740625 0.802778 0.027083 0.048148
0 0.272396 0.477778 0.027083 0.048148
0 0.277604 0.889815 0.027083 0.048148
0 0.536458 0.368519 0.027083 0.048148
0 0.622917 0.190741 0.027083 0.048148
0 0.485938 0.463889 0.027083 0.048148
0 0.494792 0.187963 0.027083 0.048148
0 0.256250 0.670370 0.027083 0.048148
0 0.266667 0.779630 0.027083 0.048148
0 0.512500 0.475926 0.027083 0.048148
