0 0.394271 0.814815 0.027083 0.048148
0 0.444271 0.816667 0.027083 0.048148
0 0.260417 0.703704 0.027083 0.048148
0 0.270833 0.677778 0.027083 0.048148
0 0.343229 0.818519 0.027083 0.048148
0 0.651042 0.813889 0.027083 0.048148
0 0.548438 0.816667 0.027083 0.048148
0 0.350000 0.598148 0.027083 0.048148
0 0.414062 0.076852 0.027083 0.048148
0 0.225521 0.795370 0.027083 0.048148
0 0.559375 0.078704 0.027083 0.048148
0 0.497917 0.812963 0.027083 0.048148
0 0.429167 0.855556 0.027083 0.048148
0 0.340104 0.252778 0.027083 0.048148
0 0.327083 0.781481 0.027083 0.048148
0 0.558333 0.217593 0.027083 0.048148
0 0.251563 0.585185 0.027083 0.048148
0 0.519271 0.077778 0.027083 0.048148
0 0.573958 0.854630 0.027083 0.048148
0 0.528646 0.281481 0.027083 0.048148
0 0.501042 0.211111 0.027083 0.048148
0 0.581771 0.218519 0.027083 0.048148
0 0.395833 0.076852 0.027083 0.048148
0 0.200521 0.464815 0.027083 0.048148
0 0.288021 0.316667 0.027083 0.048148
0 0.480729 0.076852 0.027083 0.048148
0 0.424479 0.644444 0.027083 0.048148
0 0.251042 0.170370 0.027083 0.048148
0 0.726562 0.137037 0.027083 0.048148
0 0.465625 0.267593 0.027083 0.048148
0 0.397396 0.302778 0.027083 0.048148
0 0.316667 0.475000 0.027083 0.048148
0 0.248958 0.670370 0.027083 0.048148
0 0.248438 0.391667 0.027083 0.048148
0 0.248958 0.506481 0.027083 0.048148
0 0.639583 0.275000 0.027083 0.048148
0 0.500000 0.041667 0.027083 0.048148
0 0.669792 0.225000 0.027083 0.048148
0 0.427604 0.214815 0.027083 0.048148
0 0.247917 0.273148 0.027083 0.048148
0 0.394271 0.895370 0.027083 0.048148
0 0.358333 0.785185 0.027083 0.048148
0 0.178646 0.456481 0.027083 0.048148
0 0.203646 0.274074 0.027083 0.048148
0 0.411458 0.783333 0.027083 0.048148
0 0.249479 0.763889 0.027083 0.048148
0 0.493750 0.165741 0.027083 0.048148
0 0.409375 0.855556 0.027083 0.048148
0 0.846875 0.460185 0.027083 0.048148
