0 0.650000 0.526852 0.027083 0.048148
0 0.571875 0.807407 0.027083 0.048148
0 0.328125 0.817593 0.027083 0.048148
0 0.418229 0.475000 0.027083 0.048148
0 0.852083 0.308333 0.027083 0.048148
0 0.270833 0.812963 0.027083 0.048148
0 0.582812 0.387037 0.027083 0.048148
0 0.393750 0.581481 0.027083 0.048148
0 0.398438 0.414815 0.027083 0.048148
0 0.681771 0.624074 0.027083 0.048148
0 0.366667 0.488889 0.027083 0.048148
0 0.669792 0.443519 0.027083 0.048148
0 0.856771 0.687037 0.027083 0.048148
0 0.675000 0.866667 0.027083 0.048148
0 0.635938 0.900926 0.027083 0.048148
0 0.654687 0.895370 0.027083 0.048148
0 0.340625 0.853704 0.027083 0.048148
0 0.898438 0.311111 0.027083 0.048148
0 0.493750 0.937037 0.027083 0.048148
0 0.819271 0.491667 0.027083 0.048148
0 0.663021 0.507407 0.027083 0.048148
0 0.597396 0.425000 0.027083 0.048148
0 0.638542 0.339815 0.027083 0.048148
0 0.354167 0.378704 0.027083 0.048148
0 0.841146 0.834259 0.027083 0.048148
0 0.475000 0.567593 0.027083 0.048148
0 0.509896 0.933333 0.027083 0.048148
0 0.226042 0.812037 0.027083 0.048148
0 0.698958 0.225926 0.027083 0.048148
0 0.428646 0.353704 0.027083 0.048148
0 0.604688 0.490741 0.027083 0.048148
0 0.468229 0.921296 0.027083 0.048148
0 0.424479 0.811111 0.027083 0.048148
0 0.639583 0.273148 0.027083 0.048148
0 0.879167 0.544444 0.027083 0.048148
0 0.879167 0.830556 0.027083 0.048148
0 0.880729 0.235185 0.027083 0.048148
0 0.249479 0.725926 0.027083 0.048148
0 0.249479 0.899074 0.027083 0.048148
0 0.594792 0.779630 0.027083 0.048148
0 0.855729 0.197222 0.027083 0.048148
0 0.832292 0.587963 0.027083 0.048148
0 0.673958 0.925926 0.027083 0.048148
0 0.368750 0.154630 0.027083 0.048148
0 0.351562 0.792593 0.027083 0.048148
0 0.761458 0.753704 0.027083 0.048148
0 0.403646 0.604630 0.027083 0.048148
0 0.551042 0.365741 0.027083 0.048148
0 0.239063 0.748148 0.027083 0.048148
