0 0.341146 0.820370 0.027083 0.048148
0 0.427083 0.487963 0.027083 0.048148
0 0.296875 0.350000 0.027083 0.048148
0 0.321875 0.614815 0.027083 0.048148
0 0.305729 0.446296 0.027083 0.048148
0 0.328125 0.682407 0.027083 0.048148
0 0.314063 0.537963 0.027083 0.048148
0 0.407813 0.442593 0.027083 0.048148
0 0.432292 0.350926 0.027083 0.048148
0 0.448437 0.598148 0.027083 0.048148
0 0.334896 0.755556 0.027083 0.048148
0 0.414583 0.375000 0.027083 0.048148
0 0.759896 0.168519 0.027083 0.048148
0 0.458333 0.707407 0.027083 0.048148
0 0.628125 0.595370 0.027083 0.048148
0 0.345833 0.291667 0.027083 0.048148
0 0.398958 0.502778 0.027083 0.048148
0 0.428646 0.567593 0.027083 0.048148
0 0.430208 0.425000 0.027083 0.048148
0 0.453646 0.388889 0.027083 0.048148
0 0.528125 0.237963 0.027083 0.048148
0 0.692187 0.201852 0.027083 0.048148
0 0.368750 0.587037 0.027083 0.048148
0 0.453646 0.324074 0.027083 0.048148
0 0.604167 0.215741 0.027083 0.048148
0 0.495833 0.578704 0.027083 0.048148
0 0.455208 0.168519 0.027083 0.048148
0 0.351562 0.713889 0.027083 0.048148
0 0.557813 0.562037 0.027083 0.048148
0 0.480208 0.586111 0.027083 0.048148
0 0.318229 0.312037 0.027083 0.048148
0 0.320833 0.854630 0.027083 0.048148
0 0.544792 0.837963 0.027083 0.048148
0 0.561458 0.225000 0.027083 0.048148
0 0.374479 0.688889 0.027083 0.048148
0 0.357812 0.553704 0.027083 0.048148
0 0.425521 0.620370 0.027083 0.048148
0 0.503646 0.242593 0.027083 0.048148
0 0.336979 0.572222 0.027083 0.048148
0 0.345833 0.644444 0.027083 0.048148
0 0.334375 0.467593 0.027083 0.048148
0 0.293229 0.304630 0.027083 0.048148
0 0.278125 0.565741 0.027083 0.048148
0 0.655729 0.287037 0.027083 0.048148
0 0.827083 0.400926 0.027083 0.048148
0 0.810417 0.700000 0.027083 0.048148
0 0.560937 0.872222 0.027083 0.048148
0 0.669792 0.218519 0.027083 0.048148
0 0.485938 0.372222 0.027083 0.048148
