0 0.527604 0.856481 0.027083 0.048148
0 0.550000 0.881481 0.027083 0.048148
0 0.600521 0.311111 0.027083 0.048148
0 0.467187 0.566667 0.027083 0.048148
0 0.465104 0.880556 0.027083 0.048148
0 0.633333 0.423148 0.027083 0.048148
0 0.456771 0.533333 0.027083 0.048148
0 0.552083 0.302778 0.027083 0.048148
0 0.582812 0.380556 0.027083 0.048148
0 0.256771 0.695370 0.027083 0.048148
0 0.606771 0.361111 0.027083 0.048148
0 0.248958 0.323148 0.027083 0.048148
0 0.610417 0.277778 0.027083 0.048148
0 0.716667 0.650926 0.027083 0.048148
0 0.376042 0.910185 0.027083 0.048148
0 0.628125 0.534259 0.027083 0.048148
0 0.509375 0.826852 0.027083 0.048148
0 0.583854 0.277778 0.027083 0.048148
0 0.339583 0.370370 0.027083 0.048148
0 0.589063 0.423148 0.027083 0.048148
0 0.377604 0.174074 0.027083 0.048148
0 0.248958 0.227778 0.027083 0.048148
0 0.296875 0.301852 0.027083 0.048148
0 0.241667 0.819444 0.027083 0.048148
0 0.283854 0.877778 0.027083 0.048148
0 0.632812 0.280556 0.027083 0.048148
0 0.512500 0.915741 0.027083 0.048148
0 0.434896 0.820370 0.027083 0.048148
0 0.591146 0.725000 0.027083 0.048148
0 0.427604 0.437963 0.027083 0.048148
0 0.512500 0.375926 0.027083 0.048148
0 0.451042 0.852778 0.027083 0.048148
0 0.242708 0.523148 0.027083 0.048148
0 0.347396 0.235185 0.027083 0.048148
0 0.504167 0.180556 0.027083 0.048148
0 0.245312 0.421296 0.027083 0.048148
0 0.606250 0.787037 0.027083 0.048148
0 0.430208 0.175000 0.027083 0.048148
0 0.180729 0.517593 0.027083 0.048148
0 0.731250 0.616667 0.027083 0.048148
0 0.533854 0.917593 0.027083 0.048148
0 0.608333 0.400926 0.027083 0.048148
0 0.478125 0.545370 0.027083 0.048148
0 0.240104 0.724074 0.027083 0.048148
0 0.668750 0.249074 0.027083 0.048148
0 0.767188 0.545370 0.027083 0.048148
0 0.358333 0.173148 0.027083 0.048148
0 0.229687 0.254630 0.027083 0.048148
0 0.416146 0.848148 0.027083 0.048148
