0 0.440625 0.845370 0.027083 0.048148
0 0.285417 0.832407 0.027083 0.048148
0 0.325000 0.723148 0.027083 0.048148
0 0.473958 0.881481 0.027083 0.048148
0 0.322917 0.670370 0.027083 0.048148
0 0.487500 0.843519 0.027083 0.048148
0 0.586458 0.841667 0.027083 0.048148
0 0.367188 0.533333 0.027083 0.048148
0 0.398438 0.648148 0.027083 0.048148
0 0.491667 0.645370 0.027083 0.048148
0 0.378646 0.814815 0.027083 0.048148
0 0.536979 0.839815 0.027083 0.048148
0 0.352604 0.421296 0.027083 0.048148
0 0.678646 0.837037 0.027083 0.048148
0 0.394271 0.850000 0.027083 0.048148
0 0.307812 0.636111 0.027083 0.048148
0 0.526563 0.241667 0.027083 0.048148
0 0.560937 0.349074 0.027083 0.048148
0 0.609375 0.875000 0.027083 0.048148
0 0.469271 0.681481 0.027083 0.048148
0 0.302604 0.252778 0.027083 0.048148
0 0.456771 0.882407 0.027083 0.048148
0 0.630729 0.874074 0.027083 0.048148
0 0.385937 0.325926 0.027083 0.048148
0 0.451562 0.159259 0.027083 0.048148
0 0.644792 0.665741 0.027083 0.048148
0 0.587500 0.155556 0.027083 0.048148
0 0.304688 0.563889 0.027083 0.048148
0 0.326042 0.801852 0.027083 0.048148
0 0.303125 0.457407 0.027083 0.048148
0 0.707812 0.400000 0.027083 0.048148
0 0.261458 0.562963 0.027083 0.048148
0 0.335417 0.386111 0.027083 0.048148
0 0.514062 0.158333 0.027083 0.048148
0 0.530208 0.515741 0.027083 0.048148
0 0.440104 0.371296 0.027083 0.048148
0 0.586979 0.286111 0.027083 0.048148
0 0.379688 0.766667 0.027083 0.048148
0 0.316667 0.748148 0.027083 0.048148
0 0.306250 0.712963 0.027083 0.048148
0 0.264062 0.800926 0.027083 0.048148
0 0.493750 0.701852 0.027083 0.048148
0 0.259896 0.459259 0.027083 0.048148
0 0.439063 0.915741 0.027083 0.048148
0 0.506771 0.603704 0.027083 0.048148
0 0.690104 0.289815 0.027083 0.048148
0 0.648438 0.908333 0.027083 0.048148
0 0.301563 0.349074 0.027083 0.048148
0 0.258333 0.350000 0.027083 0.048148
