0 0.569271 0.859259 0.027083 0.048148
0 0.486979 0.562037 0.027083 0.048148
0 0.593229 0.882407 0.027083 0.048148
0 0.502604 0.898148 0.027083 0.048148
0 0.616667 0.262037 0.027083 0.048148
0 0.475000 0.528704 0.027083 0.048148
0 0.658333 0.372222 0.027083 0.048148
0 0.760938 0.604630 0.027083 0.048148
0 0.622396 0.223148 0.027083 0.048148
0 0.234375 0.233333 0.027083 0.048148
0 0.610938 0.381481 0.027083 0.048148
0 0.628646 0.707407 0.027083 0.048148
0 0.238542 0.337037 0.027083 0.048148
0 0.487500 0.867593 0.027083 0.048148
0 0.604167 0.337963 0.027083 0.048148
0 0.436979 0.425000 0.027083 0.048148
0 0.525000 0.345370 0.027083 0.048148
0 0.339583 0.223148 0.027083 0.048148
0 0.468229 0.838889 0.027083 0.048148
0 0.408854 0.942593 0.027083 0.048148
0 0.252083 0.766667 0.027083 0.048148
0 0.315104 0.922222 0.027083 0.048148
0 0.555208 0.925000 0.027083 0.048148
0 0.367708 0.155556 0.027083 0.048148
0 0.240625 0.442593 0.027083 0.048148
0 0.243229 0.553704 0.027083 0.048148
0 0.548438 0.830556 0.027083 0.048148
0 0.505208 0.139815 0.027083 0.048148
0 0.258854 0.872222 0.027083 0.048148
0 0.650000 0.770370 0.027083 0.048148
0 0.338542 0.368519 0.027083 0.048148
0 0.247917 0.658333 0.027083 0.048148
0 0.564583 0.263889 0.027083 0.048148
0 0.296875 0.567593 0.027083 0.048148
0 0.546875 0.886111 0.027083 0.048148
0 0.267188 0.733333 0.027083 0.048148
0 0.621354 0.304630 0.027083 0.048148
0 0.513542 0.270370 0.027083 0.048148
0 0.353646 0.775926 0.027083 0.048148
0 0.650521 0.220370 0.027083 0.048148
0 0.464062 0.143519 0.027083 0.048148
0 0.384896 0.371296 0.027083 0.048148
0 0.659375 0.499074 0.027083 0.048148
0 0.448437 0.869444 0.027083 0.048148
0 0.405208 0.225000 0.027083 0.048148
0 0.772396 0.564815 0.027083 0.048148
0 0.433333 0.337037 0.027083 0.048148
0 0.597396 0.227778 0.027083 0.048148
0 0.508333 0.415741 0.027083 0.048148
