0 0.747917 0.512037 0.027083 0.048148
0 0.688021 0.726852 0.027083 0.048148
0 0.207292 0.723148 0.027083 0.048148
0 0.359896 0.362963 0.027083 0.048148
0 0.781771 0.145370 0.027083 0.048148
0 0.648958 0.620370 0.027083 0.048148
0 0.211979 0.075000 0.027083 0.048148
0 0.719792 0.075926 0.027083 0.048148
0 0.782292 0.343519 0.027083 0.048148
0 0.210417 0.185185 0.027083 0.048148
0 0.379167 0.299074 0.027083 0.048148
0 0.208854 0.292593 0.027083 0.048148
0 0.738021 0.545370 0.027083 0.048148
0 0.757292 0.260185 0.027083 0.048148
0 0.280729 0.101852 0.027083 0.048148
0 0.781771 0.247222 0.027083 0.048148
0 0.782292 0.199074 0.027083 0.048148
0 0.207292 0.510185 0.027083 0.048148
0 0.207292 0.618519 0.027083 0.048148
0 0.790104 0.037963 0.027083 0.048148
0 0.541146 0.076852 0.027083 0.048148
0 0.781250 0.459259 0.027083 0.048148
0 0.150000 0.048148 0.027083 0.048148
0 0.208333 0.406481 0.027083 0.048148
0 0.419271 0.648148 0.027083 0.048148
0 0.250000 0.730556 0.027083 0.048148
0 0.116146 0.840741 0.027083 0.048148
0 0.764062 0.307407 0.027083 0.048148
0 0.883333 0.841667 0.027083 0.048148
0 0.279167 0.423148 0.027083 0.048148
0 0.257812 0.842593 0.027083 0.048148
0 0.368750 0.829630 0.027083 0.048148
0 0.262500 0.075926 0.027083 0.048148
0 0.082812 0.805556 0.027083 0.048148
0 0.107813 0.053704 0.027083 0.048148
0 0.642188 0.893519 0.027083 0.048148
0 0.925521 0.806481 0.027083 0.048148
0 0.920833 0.064815 0.027083 0.048148
0 0.442708 0.737037 0.027083 0.048148
0 0.128646 0.860185 0.027083 0.048148
0 0.870833 0.861111 0.027083 0.048148
0 0.245312 0.862037 0.027083 0.048148
0 0.513542 0.074074 0.027083 0.048148
0 0.709375 0.314815 0.027083 0.048148
0 0.328646 0.756481 0.027083 0.048148
0 0.632292 0.590741 0.027083 0.048148
0 0.654167 0.912963 0.027083 0.048148
0 0.885417 0.079630 0.027083 0.048148
0 0.738542 0.344444 0.027083 0.048148
