0 0.707812 0.657407 0.027083 0.048148
0 0.492708 0.948148 0.027083 0.048148
0 0.668229 0.599074 0.027083 0.048148
0 0.705208 0.727778 0.027083 0.048148
0 0.200521 0.850000 0.027083 0.048148
0 0.228125 0.107407 0.027083 0.048148
0 0.157812 0.766667 0.027083 0.048148
0 0.685937 0.630556 0.027083 0.048148
0 0.156250 0.836111 0.027083 0.048148
0 0.535937 0.931481 0.027083 0.048148
0 0.254167 0.201852 0.027083 0.048148
0 0.784896 0.499074 0.027083 0.048148
0 0.776563 0.536111 0.027083 0.048148
0 0.180729 0.553704 0.027083 0.048148
0 0.747917 0.662963 0.027083 0.048148
0 0.308333 0.131481 0.027083 0.048148
0 0.192188 0.447222 0.027083 0.048148
0 0.542188 0.211111 0.027083 0.048148
0 0.244792 0.325000 0.027083 0.048148
0 0.247396 0.493519 0.027083 0.048148
0 0.798958 0.348148 0.027083 0.048148
0 0.555208 0.967593 0.027083 0.048148
0 0.371875 0.910185 0.027083 0.048148
0 0.804167 0.299074 0.027083 0.048148
0 0.169792 0.656481 0.027083 0.048148
0 0.755729 0.625000 0.027083 0.048148
0 0.231250 0.619444 0.027083 0.048148
0 0.741146 0.859259 0.027083 0.048148
0 0.264583 0.877778 0.027083 0.048148
0 0.429167 0.490741 0.027083 0.048148
0 0.694792 0.262963 0.027083 0.048148
0 0.718750 0.270370 0.027083 0.048148
0 0.791146 0.472222 0.027083 0.048148
0 0.842187 0.362963 0.027083 0.048148
0 0.832292 0.474074 0.027083 0.048148
0 0.225000 0.661111 0.027083 0.048148
0 0.325000 0.204630 0.027083 0.048148
0 0.245833 0.442593 0.027083 0.048148
0 0.215104 0.734259 0.027083 0.048148
0 0.430208 0.929630 0.027083 0.048148
0 0.477604 0.913889 0.027083 0.048148
0 0.556771 0.177778 0.027083 0.048148
0 0.288021 0.540741 0.027083 0.048148
0 0.493229 0.150000 0.027083 0.048148
0 0.761979 0.598148 0.027083 0.048148
0 0.875000 0.653704 0.027083 0.048148
0 0.215625 0.231481 0.027083 0.048148
0 0.204687 0.332407 0.027083 0.048148
0 0.734375 0.277778 0.027083 0.048148
