0 0.399479 0.529630 0.027083 0.048148
0 0.397396 0.397222 0.027083 0.048148
0 0.357812 0.133333 0.027083 0.048148
0 0.406250 0.259259 0.027083 0.048148
0 0.435937 0.537037 0.027083 0.048148
0 0.422396 0.290741 0.027083 0.048148
0 0.363542 0.395370 0.027083 0.048148
0 0.388021 0.660185 0.027083 0.048148
0 0.734896 0.368519 0.027083 0.048148
0 0.525000 0.161111 0.027083 0.048148
0 0.177083 0.675000 0.027083 0.048148
0 0.311979 0.126852 0.027083 0.048148
0 0.448437 0.190741 0.027083 0.048148
0 0.343750 0.112037 0.027083 0.048148
0 0.821875 0.162963 0.027083 0.048148
0 0.175521 0.289815 0.027083 0.048148
0 0.788021 0.859259 0.027083 0.048148
0 0.460417 0.542593 0.027083 0.048148
0 0.361979 0.276852 0.027083 0.048148
0 0.493750 0.274074 0.027083 0.048148
0 0.178646 0.748148 0.027083 0.048148
0 0.393750 0.287037 0.027083 0.048148
0 0.253646 0.749074 0.027083 0.048148
0 0.350000 0.760185 0.027083 0.048148
0 0.359375 0.688889 0.027083 0.048148
0 0.764583 0.045370 0.027083 0.048148
0 0.394792 0.226852 0.027083 0.048148
0 0.651042 0.204630 0.027083 0.048148
0 0.410938 0.321296 0.027083 0.048148
0 0.268750 0.512963 0.027083 0.048148
0 0.841146 0.176852 0.027083 0.048148
0 0.773438 0.646296 0.027083 0.048148
0 0.570833 0.187037 0.027083 0.048148
0 0.315104 0.473148 0.027083 0.048148
0 0.892188 0.949074 0.027083 0.048148
0 0.600521 0.646296 0.027083 0.048148
0 0.776563 0.444444 0.027083 0.048148
0 0.142187 0.447222 0.027083 0.048148
0 0.120833 0.705556 0.027083 0.048148
0 0.124479 0.350926 0.027083 0.048148
0 0.415104 0.202778 0.027083 0.048148
0 0.144271 0.322222 0.027083 0.048148
0 0.372396 0.768519 0.027083 0.048148
0 0.350000 0.957407 0.027083 0.048148
0 0.485938 0.550926 0.027083 0.048148
0 0.697396 0.812963 0.027083 0.048148
0 0.834896 0.880556 0.027083 0.048148
0 0.883854 0.659259 0.027083 0.048148
0 0.714583 0.244444 0.027083 0.048148
