0 0.393229 0.892593 0.027083 0.048148
0 0.442708 0.892593 0.027083 0.048148
0 0.269792 0.762963 0.027083 0.048148
0 0.646354 0.882407 0.027083 0.048148
0 0.226562 0.879630 0.027083 0.048148
0 0.342187 0.898148 0.027083 0.048148
0 0.259896 0.787963 0.027083 0.048148
0 0.545312 0.888889 0.027083 0.048148
0 0.346354 0.682407 0.027083 0.048148
0 0.333333 0.339815 0.027083 0.048148
0 0.326562 0.862037 0.027083 0.048148
0 0.403646 0.164815 0.027083 0.048148
0 0.427604 0.931481 0.027083 0.048148
0 0.547396 0.160185 0.027083 0.048148
0 0.495312 0.887037 0.027083 0.048148
0 0.420833 0.723148 0.027083 0.048148
0 0.548438 0.298148 0.027083 0.048148
0 0.250000 0.672222 0.027083 0.048148
0 0.312500 0.561111 0.027083 0.048148
0 0.327604 0.811111 0.027083 0.048148
0 0.267188 0.706481 0.027083 0.048148
0 0.507292 0.161111 0.027083 0.048148
0 0.282292 0.405556 0.027083 0.048148
0 0.570833 0.925000 0.027083 0.048148
0 0.519792 0.362037 0.027083 0.048148
0 0.491146 0.293519 0.027083 0.048148
0 0.271875 0.841667 0.027083 0.048148
0 0.483333 0.249074 0.027083 0.048148
0 0.469271 0.162037 0.027083 0.048148
0 0.712500 0.212037 0.027083 0.048148
0 0.385417 0.164815 0.027083 0.048148
0 0.500521 0.828704 0.027083 0.048148
0 0.658333 0.300926 0.027083 0.048148
0 0.805729 0.914815 0.027083 0.048148
0 0.244271 0.481481 0.027083 0.048148
0 0.244271 0.262963 0.027083 0.048148
0 0.108333 0.950926 0.027083 0.048148
0 0.570833 0.297222 0.027083 0.048148
0 0.197396 0.554630 0.027083 0.048148
0 0.481771 0.805556 0.027083 0.048148
0 0.245833 0.594444 0.027083 0.048148
0 0.305208 0.483333 0.027083 0.048148
0 0.560937 0.684259 0.027083 0.048148
0 0.643229 0.677778 0.027083 0.048148
0 0.476562 0.412037 0.027083 0.048148
0 0.390104 0.387037 0.027083 0.048148
0 0.595313 0.924074 0.027083 0.048148
0 0.248438 0.756481 0.027083 0.048148
0 0.863542 0.812037 0.027083 0.048148
