0 0.298438 0.526852 0.027083 0.048148
0 0.267188 0.396296 0.027083 0.048148
0 0.258854 0.329630 0.027083 0.048148
0 0.546354 0.799074 0.027083 0.048148
0 0.645312 0.770370 0.027083 0.048148
0 0.597396 0.786111 0.027083 0.048148
0 0.326042 0.759259 0.027083 0.048148
0 0.419792 0.872222 0.027083 0.048148
0 0.348958 0.852778 0.027083 0.048148
0 0.595833 0.191667 0.027083 0.048148
0 0.323437 0.464815 0.027083 0.048148
0 0.292708 0.300000 0.027083 0.048148
0 0.333854 0.508333 0.027083 0.048148
0 0.301042 0.440741 0.027083 0.048148
0 0.383333 0.277778 0.027083 0.048148
0 0.280729 0.465741 0.027083 0.048148
0 0.377604 0.853704 0.027083 0.048148
0 0.561979 0.835185 0.027083 0.048148
0 0.313542 0.647222 0.027083 0.048148
0 0.285938 0.388889 0.027083 0.048148
0 0.533333 0.569444 0.027083 0.048148
0 0.394271 0.836111 0.027083 0.048148
0 0.345313 0.692593 0.027083 0.048148
0 0.324479 0.308333 0.027083 0.048148
0 0.630729 0.206481 0.027083 0.048148
0 0.310937 0.273148 0.027083 0.048148
0 0.585938 0.827778 0.027083 0.048148
0 0.198437 0.376852 0.027083 0.048148
0 0.235417 0.812037 0.027083 0.048148
0 0.609896 0.804630 0.027083 0.048148
0 0.215104 0.573148 0.027083 0.048148
0 0.400521 0.877778 0.027083 0.048148
0 0.756771 0.644444 0.027083 0.048148
0 0.221875 0.651852 0.027083 0.048148
0 0.189583 0.264815 0.027083 0.048148
0 0.369271 0.316667 0.027083 0.048148
0 0.504687 0.216667 0.027083 0.048148
0 0.228646 0.735185 0.027083 0.048148
0 0.357292 0.653704 0.027083 0.048148
0 0.385417 0.915741 0.027083 0.048148
0 0.207292 0.483333 0.027083 0.048148
0 0.604688 0.861111 0.027083 0.048148
0 0.157292 0.535185 0.027083 0.048148
0 0.341146 0.257407 0.027083 0.048148
0 0.635417 0.623148 0.027083 0.048148
0 0.334375 0.334259 0.027083 0.048148
0 0.409375 0.800000 0.027083 0.048148
0 0.194792 0.543519 0.027083 0.048148
0 0.607292 0.271296 0.027083 0.048148
