0 0.548958 0.341667 0.027083 0.048148
0 0.534896 0.758333 0.027083 0.048148
0 0.359896 0.527778 0.027083 0.048148
0 0.615104 0.481481 0.027083 0.048148
0 0.647396 0.580556 0.027083 0.048148
0 0.292187 0.760185 0.027083 0.048148
0 0.636458 0.819444 0.027083 0.048148
0 0.333854 0.435185 0.027083 0.048148
0 0.597396 0.852778 0.027083 0.048148
0 0.783333 0.450926 0.027083 0.048148
0 0.616146 0.848148 0.027083 0.048148
0 0.455729 0.885185 0.027083 0.048148
0 0.635938 0.399074 0.027083 0.048148
0 0.666667 0.184259 0.027083 0.048148
0 0.563542 0.377778 0.027083 0.048148
0 0.602604 0.297222 0.027083 0.048148
0 0.471875 0.880556 0.027083 0.048148
0 0.322396 0.325926 0.027083 0.048148
0 0.606771 0.229630 0.027083 0.048148
0 0.430729 0.867593 0.027083 0.048148
0 0.628125 0.462963 0.027083 0.048148
0 0.369271 0.551852 0.027083 0.048148
0 0.635938 0.877778 0.027083 0.048148
0 0.527604 0.423148 0.027083 0.048148
0 0.380729 0.675000 0.027083 0.048148
0 0.491146 0.559259 0.027083 0.048148
0 0.388542 0.757407 0.027083 0.048148
0 0.438542 0.918519 0.027083 0.048148
0 0.531771 0.500926 0.027083 0.048148
0 0.396875 0.302778 0.027083 0.048148
0 0.499479 0.256481 0.027083 0.048148
0 0.571875 0.445370 0.027083 0.048148
0 0.471875 0.595370 0.027083 0.048148
0 0.341146 0.461111 0.027083 0.048148
0 0.659375 0.728704 0.027083 0.048148
0 0.238021 0.535185 0.027083 0.048148
0 0.646354 0.324074 0.027083 0.048148
0 0.408854 0.749074 0.027083 0.048148
0 0.515625 0.726852 0.027083 0.048148
0 0.629687 0.359259 0.027083 0.048148
0 0.646354 0.428704 0.027083 0.048148
0 0.596354 0.370370 0.027083 0.048148
0 0.521354 0.349074 0.027083 0.048148
0 0.440625 0.516667 0.027083 0.048148
0 0.388542 0.516667 0.027083 0.048148
0 0.653646 0.819444 0.027083 0.048148
0 0.375000 0.590741 0.027083 0.048148
0 0.229687 0.572222 0.027083 0.048148
0 0.350000 0.504630 0.027083 0.048148
