0 0.255729 0.689815 0.027083 0.048148
0 0.409375 0.314815 0.027083 0.048148
0 0.388021 0.566667 0.027083 0.048148
0 0.754167 0.289815 0.027083 0.048148
0 0.848958 0.312963 0.027083 0.048148
0 0.426042 0.344444 0.027083 0.048148
0 0.180729 0.568519 0.027083 0.048148
0 0.180729 0.305556 0.027083 0.048148
0 0.531250 0.402778 0.027083 0.048148
0 0.234375 0.752778 0.027083 0.048148
0 0.186979 0.157407 0.027083 0.048148
0 0.267188 0.168519 0.027083 0.048148
0 0.441667 0.308333 0.027083 0.048148
0 0.228646 0.561111 0.027083 0.048148
0 0.734896 0.476852 0.027083 0.048148
0 0.270833 0.532407 0.027083 0.048148
0 0.516667 0.351852 0.027083 0.048148
0 0.255729 0.265741 0.027083 0.048148
0 0.460938 0.373148 0.027083 0.048148
0 0.326042 0.324074 0.027083 0.048148
0 0.594792 0.337037 0.027083 0.048148
0 0.454688 0.633333 0.027083 0.048148
0 0.244792 0.377778 0.027083 0.048148
0 0.261458 0.637963 0.027083 0.048148
0 0.218750 0.645370 0.027083 0.048148
0 0.527083 0.311111 0.027083 0.048148
0 0.427083 0.733333 0.027083 0.048148
0 0.615625 0.313889 0.027083 0.048148
0 0.361979 0.222222 0.027083 0.048148
0 0.570312 0.325926 0.027083 0.048148
0 0.231250 0.688889 0.027083 0.048148
0 0.348438 0.328704 0.027083 0.048148
0 0.274479 0.489815 0.027083 0.048148
0 0.233854 0.486111 0.027083 0.048148
0 0.251563 0.526852 0.027083 0.048148
0 0.721354 0.524074 0.027083 0.048148
0 0.610938 0.364815 0.027083 0.048148
0 0.267188 0.047222 0.027083 0.048148
0 0.332813 0.286111 0.027083 0.048148
0 0.210417 0.726852 0.027083 0.048148
0 0.596354 0.425000 0.027083 0.048148
0 0.509375 0.448148 0.027083 0.048148
0 0.498958 0.894444 0.027083 0.048148
0 0.753125 0.494444 0.027083 0.048148
0 0.477604 0.317593 0.027083 0.048148
0 0.371875 0.825926 0.027083 0.048148
0 0.802604 0.304630 0.027083 0.048148
0 0.422917 0.949074 0.027083 0.048148
0 0.491146 0.412963 0.027083 0.048148
