0 0.222917 0.574074 0.027083 0.048148
0 0.242708 0.221296 0.027083 0.048148
0 0.216667 0.649074 0.027083 0.048148
0 0.230208 0.408333 0.027083 0.048148
0 0.235937 0.308333 0.027083 0.048148
0 0.251563 0.686111 0.027083 0.048148
0 0.224479 0.506481 0.027083 0.048148
0 0.373958 0.332407 0.027083 0.048148
0 0.213021 0.723148 0.027083 0.048148
0 0.680729 0.273148 0.027083 0.048148
0 0.485417 0.400926 0.027083 0.048148
0 0.555729 0.311111 0.027083 0.048148
0 0.403646 0.322222 0.027083 0.048148
0 0.390625 0.360185 0.027083 0.048148
0 0.722917 0.279630 0.027083 0.048148
0 0.494271 0.351852 0.027083 0.048148
0 0.422917 0.382407 0.027083 0.048148
0 0.257812 0.543519 0.027083 0.048148
0 0.258854 0.502778 0.027083 0.048148
0 0.542188 0.412037 0.027083 0.048148
0 0.670312 0.441667 0.027083 0.048148
0 0.516146 0.323148 0.027083 0.048148
0 0.396875 0.147222 0.027083 0.048148
0 0.538542 0.328704 0.027083 0.048148
0 0.300521 0.353704 0.027083 0.048148
0 0.235937 0.742593 0.027083 0.048148
0 0.366146 0.562037 0.027083 0.048148
0 0.478125 0.315741 0.027083 0.048148
0 0.248958 0.372222 0.027083 0.048148
0 0.461458 0.374074 0.027083 0.048148
0 0.434375 0.829630 0.027083 0.048148
0 0.202604 0.538889 0.027083 0.048148
0 0.239583 0.614815 0.027083 0.048148
0 0.222917 0.185185 0.027083 0.048148
0 0.190104 0.750000 0.027083 0.048148
0 0.655729 0.501852 0.027083 0.048148
0 0.554688 0.356481 0.027083 0.048148
0 0.292187 0.205556 0.027083 0.048148
0 0.321354 0.355556 0.027083 0.048148
0 0.690625 0.447222 0.027083 0.048148
0 0.241667 0.541667 0.027083 0.048148
0 0.231771 0.687037 0.027083 0.048148
0 0.328646 0.259259 0.027083 0.048148
0 0.192188 0.443519 0.027083 0.048148
0 0.580729 0.421296 0.027083 0.048148
0 0.471875 0.835185 0.027083 0.048148
0 0.194271 0.683333 0.027083 0.048148
0 0.304167 0.312963 0.027083 0.048148
0 0.251042 0.267593 0.027083 0.048148
