0 0.444792 0.887037 0.027083 0.048148
0 0.279687 0.904630 0.027083 0.048148
0 0.492708 0.878704 0.027083 0.048148
0 0.354687 0.354630 0.027083 0.048148
0 0.692187 0.833333 0.027083 0.048148
0 0.315625 0.782407 0.027083 0.048148
0 0.543750 0.863889 0.027083 0.048148
0 0.377083 0.869444 0.027083 0.048148
0 0.386458 0.688889 0.027083 0.048148
0 0.592187 0.856481 0.027083 0.048148
0 0.480208 0.920370 0.027083 0.048148
0 0.394271 0.900926 0.027083 0.048148
0 0.414583 0.167593 0.027083 0.048148
0 0.555208 0.139815 0.027083 0.048148
0 0.291146 0.697222 0.027083 0.048148
0 0.496354 0.238889 0.027083 0.048148
0 0.563542 0.275926 0.027083 0.048148
0 0.620833 0.888889 0.027083 0.048148
0 0.346875 0.575926 0.027083 0.048148
0 0.306250 0.807407 0.027083 0.048148
0 0.320833 0.862037 0.027083 0.048148
0 0.498958 0.400926 0.027083 0.048148
0 0.394792 0.418519 0.027083 0.048148
0 0.515625 0.148148 0.027083 0.048148
0 0.334375 0.500926 0.027083 0.048148
0 0.545833 0.807407 0.027083 0.048148
0 0.570833 0.865741 0.027083 0.048148
0 0.325000 0.461111 0.027083 0.048148
0 0.644792 0.882407 0.027083 0.048148
0 0.489063 0.365741 0.027083 0.048148
0 0.484375 0.669444 0.027083 0.048148
0 0.671875 0.259259 0.027083 0.048148
0 0.461458 0.925000 0.027083 0.048148
0 0.239063 0.625926 0.027083 0.048148
0 0.262500 0.295370 0.027083 0.048148
0 0.305729 0.426852 0.027083 0.048148
0 0.266667 0.397222 0.027083 0.048148
0 0.395833 0.172222 0.027083 0.048148
0 0.478125 0.155556 0.027083 0.048148
0 0.282813 0.621296 0.027083 0.048148
0 0.231250 0.586111 0.027083 0.048148
0 0.275000 0.511111 0.027083 0.048148
0 0.596875 0.510185 0.027083 0.048148
0 0.484896 0.533333 0.027083 0.048148
0 0.300521 0.872222 0.027083 0.048148
0 0.531771 0.417593 0.027083 0.048148
0 0.517188 0.529630 0.027083 0.048148
0 0.372396 0.831481 0.027083 0.048148
0 0.362500 0.701852 0.027083 0.048148
