0 0.401562 0.415741 0.027083 0.048148
0 0.397917 0.280556 0.027083 0.048148
0 0.414583 0.544444 0.027083 0.048148
0 0.368229 0.423148 0.027083 0.048148
0 0.414583 0.675926 0.027083 0.048148
0 0.330208 0.162037 0.027083 0.048148
0 0.727604 0.294444 0.027083 0.048148
0 0.450000 0.542593 0.027083 0.048148
0 0.434896 0.200000 0.027083 0.048148
0 0.505729 0.152778 0.027083 0.048148
0 0.820312 0.762037 0.027083 0.048148
0 0.773438 0.363889 0.027083 0.048148
0 0.475000 0.540741 0.027083 0.048148
0 0.631250 0.160185 0.027083 0.048148
0 0.356771 0.308333 0.027083 0.048148
0 0.421875 0.262963 0.027083 0.048148
0 0.408854 0.338889 0.027083 0.048148
0 0.484896 0.269444 0.027083 0.048148
0 0.286979 0.564815 0.027083 0.048148
0 0.290625 0.733333 0.027083 0.048148
0 0.410938 0.236111 0.027083 0.048148
0 0.263021 0.767593 0.027083 0.048148
0 0.730208 0.740741 0.027083 0.048148
0 0.387500 0.258333 0.027083 0.048148
0 0.324479 0.502778 0.027083 0.048148
0 0.389062 0.710185 0.027083 0.048148
0 0.295833 0.174074 0.027083 0.048148
0 0.552083 0.165741 0.027083 0.048148
0 0.501042 0.542593 0.027083 0.048148
0 0.419271 0.304630 0.027083 0.048148
0 0.285417 0.647222 0.027083 0.048148
0 0.262500 0.524074 0.027083 0.048148
0 0.550521 0.859259 0.027083 0.048148
0 0.381250 0.348148 0.027083 0.048148
0 0.364063 0.225926 0.027083 0.048148
0 0.482292 0.301852 0.027083 0.048148
0 0.396875 0.506481 0.027083 0.048148
0 0.290625 0.798148 0.027083 0.048148
0 0.261979 0.210185 0.027083 0.048148
0 0.261979 0.325000 0.027083 0.048148
0 0.261979 0.433333 0.027083 0.048148
0 0.262500 0.604630 0.027083 0.048148
0 0.620833 0.604630 0.027083 0.048148
0 0.388542 0.308333 0.027083 0.048148
0 0.633854 0.701852 0.027083 0.048148
0 0.501563 0.362037 0.027083 0.048148
0 0.262500 0.688889 0.027083 0.048148
0 0.357812 0.349074 0.027083 0.048148
0 0.759896 0.206481 0.027083 0.048148
