0 0.565625 0.328704 0.027083 0.048148
0 0.534896 0.737963 0.027083 0.048148
0 0.624479 0.475926 0.027083 0.048148
0 0.848958 0.187037 0.027083 0.048148
0 0.848958 0.687037 0.027083 0.048148
0 0.296354 0.710185 0.027083 0.048148
0 0.638542 0.460185 0.027083 0.048148
0 0.652083 0.577778 0.027083 0.048148
0 0.370312 0.482407 0.027083 0.048148
0 0.648438 0.397222 0.027083 0.048148
0 0.632812 0.811111 0.027083 0.048148
0 0.791667 0.467593 0.027083 0.048148
0 0.593229 0.837963 0.027083 0.048148
0 0.619271 0.293519 0.027083 0.048148
0 0.379167 0.506481 0.027083 0.048148
0 0.452083 0.851852 0.027083 0.048148
0 0.610938 0.836111 0.027083 0.048148
0 0.427604 0.832407 0.027083 0.048148
0 0.578646 0.368519 0.027083 0.048148
0 0.416667 0.274074 0.027083 0.048148
0 0.401042 0.388889 0.027083 0.048148
0 0.542708 0.483333 0.027083 0.048148
0 0.350521 0.391667 0.027083 0.048148
0 0.627083 0.227778 0.027083 0.048148
0 0.386979 0.637037 0.027083 0.048148
0 0.385417 0.326852 0.027083 0.048148
0 0.453125 0.488889 0.027083 0.048148
0 0.343750 0.286111 0.027083 0.048148
0 0.307812 0.747222 0.027083 0.048148
0 0.688542 0.188889 0.027083 0.048148
0 0.500000 0.537037 0.027083 0.048148
0 0.247917 0.165741 0.027083 0.048148
0 0.244271 0.764815 0.027083 0.048148
0 0.391667 0.742593 0.027083 0.048148
0 0.748437 0.839815 0.027083 0.048148
0 0.582812 0.436111 0.027083 0.048148
0 0.629687 0.867593 0.027083 0.048148
0 0.434896 0.885185 0.027083 0.048148
0 0.468229 0.850000 0.027083 0.048148
0 0.721354 0.712037 0.027083 0.048148
0 0.726042 0.229630 0.027083 0.048148
0 0.644271 0.358333 0.027083 0.048148
0 0.663021 0.323148 0.027083 0.048148
0 0.658333 0.725000 0.027083 0.048148
0 0.638021 0.310185 0.027083 0.048148
0 0.563542 0.405556 0.027083 0.048148
0 0.610938 0.365741 0.027083 0.048148
0 0.391667 0.712963 0.027083 0.048148
0 0.261979 0.149074 0.027083 0.048148
