0 0.503646 0.212037 0.027083 0.048148
0 0.566667 0.680556 0.027083 0.048148
0 0.255729 0.705556 0.027083 0.048148
0 0.704688 0.249074 0.027083 0.048148
0 0.345833 0.600926 0.027083 0.048148
0 0.421354 0.543519 0.027083 0.048148
0 0.301563 0.480556 0.027083 0.048148
0 0.447396 0.138889 0.027083 0.048148
0 0.675000 0.229630 0.027083 0.048148
0 0.364583 0.541667 0.027083 0.048148
0 0.466146 0.547222 0.027083 0.048148
0 0.580208 0.214815 0.027083 0.048148
0 0.627083 0.343519 0.027083 0.048148
0 0.310417 0.198148 0.027083 0.048148
0 0.284896 0.214815 0.027083 0.048148
0 0.484375 0.207407 0.027083 0.048148
0 0.506771 0.548148 0.027083 0.048148
0 0.687500 0.774074 0.027083 0.048148
0 0.611979 0.214815 0.027083 0.048148
0 0.635938 0.239815 0.027083 0.048148
0 0.716667 0.229630 0.027083 0.048148
0 0.575521 0.375926 0.027083 0.048148
0 0.536979 0.211111 0.027083 0.048148
0 0.618229 0.402778 0.027083 0.048148
0 0.360417 0.638889 0.027083 0.048148
0 0.310417 0.526852 0.027083 0.048148
0 0.782813 0.479630 0.027083 0.048148
0 0.747396 0.218519 0.027083 0.048148
0 0.532292 0.375926 0.027083 0.048148
0 0.475000 0.413889 0.027083 0.048148
0 0.380208 0.667593 0.027083 0.048148
0 0.196354 0.478704 0.027083 0.048148
0 0.220312 0.456481 0.027083 0.048148
0 0.285938 0.387037 0.027083 0.048148
0 0.441146 0.507407 0.027083 0.048148
0 0.291146 0.422222 0.027083 0.048148
0 0.354167 0.452778 0.027083 0.048148
0 0.259896 0.200000 0.027083 0.048148
0 0.688542 0.213889 0.027083 0.048148
0 0.740104 0.776852 0.027083 0.048148
0 0.253125 0.758333 0.027083 0.048148
0 0.471875 0.867593 0.027083 0.048148
0 0.447917 0.546296 0.027083 0.048148
0 0.610417 0.317593 0.027083 0.048148
0 0.613542 0.452778 0.027083 0.048148
0 0.637500 0.382407 0.027083 0.048148
0 0.458854 0.450000 0.027083 0.048148
0 0.311458 0.760185 0.027083 0.048148
0 0.482812 0.509259 0.027083 0.048148
