0 0.718229 0.522222 0.027083 0.048148
0 0.147917 0.808333 0.027083 0.048148
0 0.145833 0.437037 0.027083 0.048148
0 0.897396 0.183333 0.027083 0.048148
0 0.182812 0.381481 0.027083 0.048148
0 0.766146 0.697222 0.027083 0.048148
0 0.721354 0.588889 0.027083 0.048148
0 0.181771 0.758333 0.027083 0.048148
0 0.773438 0.169444 0.027083 0.048148
0 0.248958 0.803704 0.027083 0.048148
0 0.258854 0.277778 0.027083 0.048148
0 0.548958 0.837037 0.027083 0.048148
0 0.820312 0.313889 0.027083 0.048148
0 0.182812 0.313889 0.027083 0.048148
0 0.253646 0.594444 0.027083 0.048148
0 0.527604 0.162037 0.027083 0.048148
0 0.255208 0.493519 0.027083 0.048148
0 0.252604 0.695370 0.027083 0.048148
0 0.101562 0.811111 0.027083 0.048148
0 0.558333 0.041667 0.027083 0.048148
0 0.440625 0.475926 0.027083 0.048148
0 0.632292 0.862037 0.027083 0.048148
0 0.256771 0.393519 0.027083 0.048148
0 0.447396 0.326852 0.027083 0.048148
0 0.329167 0.212963 0.027083 0.048148
0 0.258333 0.171296 0.027083 0.048148
0 0.270313 0.840741 0.027083 0.048148
0 0.305208 0.153704 0.027083 0.048148
0 0.223438 0.838889 0.027083 0.048148
0 0.719271 0.333333 0.027083 0.048148
0 0.185417 0.062037 0.027083 0.048148
0 0.774479 0.948148 0.027083 0.048148
0 0.101042 0.437963 0.027083 0.048148
0 0.670312 0.166667 0.027083 0.048148
0 0.676562 0.483333 0.027083 0.048148
0 0.755208 0.517593 0.027083 0.048148
0 0.447917 0.450000 0.027083 0.048148
0 0.513021 0.744444 0.027083 0.048148
0 0.822396 0.171296 0.027083 0.048148
0 0.439063 0.044444 0.027083 0.048148
0 0.763542 0.854630 0.027083 0.048148
0 0.119271 0.514815 0.027083 0.048148
0 0.119271 0.735185 0.027083 0.048148
0 0.119271 0.360185 0.027083 0.048148
0 0.655729 0.431481 0.027083 0.048148
0 0.141667 0.042593 0.027083 0.048148
0 0.281771 0.522222 0.027083 0.048148
0 0.732812 0.957407 0.027083 0.048148
0 0.603646 0.851852 0.027083 0.048148
