0 0.401562 0.262963 0.027083 0.048148
0 0.239063 0.656481 0.027083 0.048148
0 0.419271 0.290741 0.027083 0.048148
0 0.378646 0.527778 0.027083 0.048148
0 0.435937 0.255556 0.027083 0.048148
0 0.767708 0.235185 0.027083 0.048148
0 0.214583 0.725926 0.027083 0.048148
0 0.255208 0.490741 0.027083 0.048148
0 0.531250 0.353704 0.027083 0.048148
0 0.245312 0.604630 0.027083 0.048148
0 0.515104 0.300000 0.027083 0.048148
0 0.473958 0.264815 0.027083 0.048148
0 0.598437 0.287037 0.027083 0.048148
0 0.745313 0.434259 0.027083 0.048148
0 0.496354 0.875926 0.027083 0.048148
0 0.448437 0.598148 0.027083 0.048148
0 0.622396 0.260185 0.027083 0.048148
0 0.455208 0.320370 0.027083 0.048148
0 0.659896 0.629630 0.027083 0.048148
0 0.313542 0.269444 0.027083 0.048148
0 0.259375 0.447222 0.027083 0.048148
0 0.351562 0.659259 0.027083 0.048148
0 0.418229 0.701852 0.027083 0.048148
0 0.646875 0.271296 0.027083 0.048148
0 0.336979 0.352778 0.027083 0.048148
0 0.211979 0.657407 0.027083 0.048148
0 0.320833 0.230556 0.027083 0.048148
0 0.336979 0.274074 0.027083 0.048148
0 0.639583 0.331481 0.027083 0.048148
0 0.328646 0.173148 0.027083 0.048148
0 0.526563 0.259259 0.027083 0.048148
0 0.660937 0.300000 0.027083 0.048148
0 0.572917 0.275000 0.027083 0.048148
0 0.225521 0.625926 0.027083 0.048148
0 0.750521 0.479630 0.027083 0.048148
0 0.350521 0.160185 0.027083 0.048148
0 0.488542 0.364815 0.027083 0.048148
0 0.431771 0.315741 0.027083 0.048148
0 0.528125 0.410185 0.027083 0.048148
0 0.233333 0.485185 0.027083 0.048148
0 0.355208 0.518519 0.027083 0.048148
0 0.326042 0.608333 0.027083 0.048148
0 0.478646 0.293519 0.027083 0.048148
0 0.715625 0.217593 0.027083 0.048148
0 0.292187 0.300926 0.027083 0.048148
0 0.808854 0.956481 0.027083 0.048148
0 0.860417 0.956481 0.027083 0.048148
0 0.163542 0.726852 0.027083 0.048148
0 0.360938 0.801852 0.027083 0.048148
