0 0.427604 0.896296 0.027083 0.048148
0 0.476562 0.890741 0.027083 0.048148
0 0.375000 0.692593 0.027083 0.048148
0 0.263021 0.900926 0.027083 0.048148
0 0.677083 0.859259 0.027083 0.048148
0 0.360938 0.873148 0.027083 0.048148
0 0.528125 0.879630 0.027083 0.048148
0 0.301563 0.781481 0.027083 0.048148
0 0.350000 0.357407 0.027083 0.048148
0 0.377604 0.906481 0.027083 0.048148
0 0.578125 0.875926 0.027083 0.048148
0 0.463021 0.930556 0.027083 0.048148
0 0.413542 0.175926 0.027083 0.048148
0 0.555208 0.156481 0.027083 0.048148
0 0.560937 0.292593 0.027083 0.048148
0 0.292187 0.807407 0.027083 0.048148
0 0.359896 0.823148 0.027083 0.048148
0 0.494792 0.250926 0.027083 0.048148
0 0.278646 0.694444 0.027083 0.048148
0 0.337500 0.577778 0.027083 0.048148
0 0.668750 0.284259 0.027083 0.048148
0 0.604688 0.909259 0.027083 0.048148
0 0.301042 0.426852 0.027083 0.048148
0 0.530729 0.822222 0.027083 0.048148
0 0.515625 0.161111 0.027083 0.048148
0 0.327083 0.500926 0.027083 0.048148
0 0.472396 0.681481 0.027083 0.048148
0 0.389062 0.423148 0.027083 0.048148
0 0.493750 0.412963 0.027083 0.048148
0 0.484375 0.377778 0.027083 0.048148
0 0.305208 0.861111 0.027083 0.048148
0 0.228646 0.619444 0.027083 0.048148
0 0.478125 0.166667 0.027083 0.048148
0 0.667708 0.658333 0.027083 0.048148
0 0.259375 0.290741 0.027083 0.048148
0 0.296875 0.725000 0.027083 0.048148
0 0.267188 0.506481 0.027083 0.048148
0 0.628125 0.905556 0.027083 0.048148
0 0.444271 0.934259 0.027083 0.048148
0 0.222396 0.580556 0.027083 0.048148
0 0.395313 0.178704 0.027083 0.048148
0 0.272396 0.617593 0.027083 0.048148
0 0.586458 0.673148 0.027083 0.048148
0 0.392188 0.873148 0.027083 0.048148
0 0.318229 0.461111 0.027083 0.048148
0 0.261458 0.391667 0.027083 0.048148
0 0.512500 0.800926 0.027083 0.048148
0 0.719792 0.191667 0.027083 0.048148
0 0.508333 0.542593 0.027083 0.048148
