0 0.328646 0.499074 0.027083 0.048148
0 0.314063 0.375926 0.027083 0.048148
0 0.334896 0.350000 0.027083 0.048148
0 0.230729 0.864815 0.027083 0.048148
0 0.306771 0.444444 0.027083 0.048148
0 0.351562 0.617593 0.027083 0.048148
0 0.209375 0.637963 0.027083 0.048148
0 0.225521 0.469444 0.027083 0.048148
0 0.297396 0.516667 0.027083 0.048148
0 0.182292 0.344444 0.027083 0.048148
0 0.192188 0.451852 0.027083 0.048148
0 0.201563 0.552778 0.027083 0.048148
0 0.216146 0.713889 0.027083 0.048148
0 0.366667 0.738889 0.027083 0.048148
0 0.404687 0.227778 0.027083 0.048148
0 0.549479 0.618519 0.027083 0.048148
0 0.237500 0.277778 0.027083 0.048148
0 0.385417 0.607407 0.027083 0.048148
0 0.673438 0.350000 0.027083 0.048148
0 0.330729 0.584259 0.027083 0.048148
0 0.622917 0.182407 0.027083 0.048148
0 0.406250 0.598148 0.027083 0.048148
0 0.321354 0.327778 0.027083 0.048148
0 0.222917 0.792593 0.027083 0.048148
0 0.342187 0.288889 0.027083 0.048148
0 0.328646 0.422222 0.027083 0.048148
0 0.326042 0.640741 0.027083 0.048148
0 0.263542 0.602778 0.027083 0.048148
0 0.470833 0.579630 0.027083 0.048148
0 0.523958 0.194444 0.027083 0.048148
0 0.341667 0.779630 0.027083 0.048148
0 0.178646 0.295370 0.027083 0.048148
0 0.235417 0.670370 0.027083 0.048148
0 0.432292 0.593519 0.027083 0.048148
0 0.621354 0.301852 0.027083 0.048148
0 0.394271 0.339815 0.027083 0.048148
0 0.418750 0.425926 0.027083 0.048148
0 0.753125 0.737963 0.027083 0.048148
0 0.253646 0.828704 0.027083 0.048148
0 0.379167 0.352778 0.027083 0.048148
0 0.733333 0.573148 0.027083 0.048148
0 0.241146 0.749074 0.027083 0.048148
0 0.252604 0.571296 0.027083 0.048148
0 0.210417 0.902778 0.027083 0.048148
0 0.688542 0.262963 0.027083 0.048148
0 0.456250 0.886111 0.027083 0.048148
0 0.197917 0.288889 0.027083 0.048148
0 0.282292 0.451852 0.027083 0.048148
0 0.283333 0.379630 0.027083 0.048148
