0 0.408854 0.845370 0.027083 0.048148
0 0.457292 0.841667 0.027083 0.048148
0 0.241146 0.846296 0.027083 0.048148
0 0.281250 0.726852 0.027083 0.048148
0 0.660937 0.815741 0.027083 0.048148
0 0.558854 0.828704 0.027083 0.048148
0 0.509375 0.831481 0.027083 0.048148
0 0.340625 0.821296 0.027083 0.048148
0 0.357292 0.854630 0.027083 0.048148
0 0.334375 0.298148 0.027083 0.048148
0 0.356771 0.637963 0.027083 0.048148
0 0.271875 0.751852 0.027083 0.048148
0 0.443750 0.882407 0.027083 0.048148
0 0.319271 0.521296 0.027083 0.048148
0 0.400000 0.116667 0.027083 0.048148
0 0.543750 0.101852 0.027083 0.048148
0 0.492188 0.490741 0.027083 0.048148
0 0.340104 0.770370 0.027083 0.048148
0 0.547917 0.238889 0.027083 0.048148
0 0.284375 0.367593 0.027083 0.048148
0 0.258854 0.637037 0.027083 0.048148
0 0.503646 0.105556 0.027083 0.048148
0 0.586458 0.864815 0.027083 0.048148
0 0.657813 0.233333 0.027083 0.048148
0 0.652604 0.611111 0.027083 0.048148
0 0.481771 0.195370 0.027083 0.048148
0 0.277083 0.669444 0.027083 0.048148
0 0.431771 0.674074 0.027083 0.048148
0 0.513542 0.774074 0.027083 0.048148
0 0.309375 0.443519 0.027083 0.048148
0 0.465625 0.109259 0.027083 0.048148
0 0.373437 0.366667 0.027083 0.048148
0 0.381771 0.119444 0.027083 0.048148
0 0.454688 0.630556 0.027083 0.048148
0 0.203646 0.524074 0.027083 0.048148
0 0.536979 0.836111 0.027083 0.048148
0 0.494792 0.751852 0.027083 0.048148
0 0.709896 0.140741 0.027083 0.048148
0 0.248958 0.447222 0.027083 0.048148
0 0.458333 0.300000 0.027083 0.048148
0 0.242708 0.228704 0.027083 0.048148
0 0.610938 0.861111 0.027083 0.048148
0 0.209375 0.560185 0.027083 0.048148
0 0.479167 0.358333 0.027083 0.048148
0 0.424479 0.885185 0.027083 0.048148
0 0.253125 0.559259 0.027083 0.048148
0 0.573958 0.480556 0.027083 0.048148
0 0.570312 0.625000 0.027083 0.048148
0 0.520833 0.305556 0.027083 0.048148
