0 0.257812 0.150926 0.027083 0.048148
0 0.264583 0.728704 0.027083 0.048148
0 0.258854 0.247222 0.027083 0.048148
0 0.259896 0.343519 0.027083 0.048148
0 0.263021 0.635185 0.027083 0.048148
0 0.261979 0.537037 0.027083 0.048148
0 0.260937 0.445370 0.027083 0.048148
0 0.767708 0.179630 0.027083 0.048148
0 0.695833 0.706481 0.027083 0.048148
0 0.742708 0.509259 0.027083 0.048148
0 0.746875 0.285185 0.027083 0.048148
0 0.318229 0.170370 0.027083 0.048148
0 0.418750 0.726852 0.027083 0.048148
0 0.769271 0.233333 0.027083 0.048148
0 0.641667 0.587037 0.027083 0.048148
0 0.771354 0.357407 0.027083 0.048148
0 0.554167 0.136111 0.027083 0.048148
0 0.734375 0.544444 0.027083 0.048148
0 0.656250 0.615741 0.027083 0.048148
0 0.472396 0.726852 0.027083 0.048148
0 0.776563 0.084259 0.027083 0.048148
0 0.708333 0.340741 0.027083 0.048148
0 0.755208 0.329630 0.027083 0.048148
0 0.712500 0.125926 0.027083 0.048148
0 0.630208 0.228704 0.027083 0.048148
0 0.775521 0.693519 0.027083 0.048148
0 0.410417 0.061111 0.027083 0.048148
0 0.520312 0.722222 0.027083 0.048148
0 0.263021 0.775000 0.027083 0.048148
0 0.734375 0.362037 0.027083 0.048148
0 0.771354 0.408333 0.027083 0.048148
0 0.549479 0.095370 0.027083 0.048148
0 0.302083 0.149074 0.027083 0.048148
0 0.371354 0.753704 0.027083 0.048148
0 0.773958 0.507407 0.027083 0.048148
0 0.616667 0.189815 0.027083 0.048148
0 0.393229 0.395370 0.027083 0.048148
0 0.331250 0.612963 0.027083 0.048148
0 0.396875 0.749074 0.027083 0.048148
0 0.456250 0.075000 0.027083 0.048148
0 0.242708 0.750000 0.027083 0.048148
0 0.194271 0.451852 0.027083 0.048148
0 0.577083 0.133333 0.027083 0.048148
0 0.523958 0.134259 0.027083 0.048148
0 0.772396 0.464815 0.027083 0.048148
0 0.263542 0.491667 0.027083 0.048148
0 0.745833 0.223148 0.027083 0.048148
0 0.608333 0.716667 0.027083 0.048148
0 0.284896 0.416667 0.027083 0.048148
