0 0.495312 0.341667 0.027083 0.048148
0 0.201563 0.818519 0.027083 0.048148
0 0.275000 0.550000 0.027083 0.048148
0 0.569271 0.498148 0.027083 0.048148
0 0.211979 0.861111 0.027083 0.048148
0 0.244271 0.441667 0.027083 0.048148
0 0.509896 0.377778 0.027083 0.048148
0 0.593229 0.886111 0.027083 0.048148
0 0.406250 0.956481 0.027083 0.048148
0 0.309375 0.812037 0.027083 0.048148
0 0.232292 0.318519 0.027083 0.048148
0 0.306771 0.437037 0.027083 0.048148
0 0.284896 0.573148 0.027083 0.048148
0 0.311458 0.847222 0.027083 0.048148
0 0.456771 0.783333 0.027083 0.048148
0 0.606250 0.270370 0.027083 0.048148
0 0.363542 0.938889 0.027083 0.048148
0 0.698438 0.762037 0.027083 0.048148
0 0.573958 0.435185 0.027083 0.048148
0 0.251563 0.467593 0.027083 0.048148
0 0.312500 0.494444 0.027083 0.048148
0 0.549479 0.924074 0.027083 0.048148
0 0.559375 0.277778 0.027083 0.048148
0 0.469271 0.348148 0.027083 0.048148
0 0.497917 0.901852 0.027083 0.048148
0 0.474479 0.429630 0.027083 0.048148
0 0.224479 0.842593 0.027083 0.048148
0 0.584896 0.469444 0.027083 0.048148
0 0.370312 0.481481 0.027083 0.048148
0 0.592187 0.400000 0.027083 0.048148
0 0.614583 0.375000 0.027083 0.048148
0 0.401042 0.308333 0.027083 0.048148
0 0.561458 0.208333 0.027083 0.048148
0 0.304167 0.536111 0.027083 0.048148
0 0.328646 0.462037 0.027083 0.048148
0 0.301042 0.720370 0.027083 0.048148
0 0.498437 0.431481 0.027083 0.048148
0 0.629167 0.156481 0.027083 0.048148
0 0.573958 0.917593 0.027083 0.048148
0 0.673958 0.190741 0.027083 0.048148
0 0.387500 0.962037 0.027083 0.048148
0 0.439063 0.241667 0.027083 0.048148
0 0.568229 0.131481 0.027083 0.048148
0 0.321354 0.288889 0.027083 0.048148
0 0.478125 0.814815 0.027083 0.048148
0 0.521875 0.806481 0.027083 0.048148
0 0.370833 0.543519 0.027083 0.048148
0 0.291667 0.513889 0.027083 0.048148
0 0.592187 0.951852 0.027083 0.048148
