0 0.572917 0.512037 0.027083 0.048148
0 0.300000 0.592593 0.027083 0.048148
0 0.497396 0.372222 0.027083 0.048148
0 0.238021 0.851852 0.027083 0.048148
0 0.268750 0.497222 0.027083 0.048148
0 0.340625 0.835185 0.027083 0.048148
0 0.434896 0.957407 0.027083 0.048148
0 0.608854 0.872222 0.027083 0.048148
0 0.497917 0.818519 0.027083 0.048148
0 0.513021 0.408333 0.027083 0.048148
0 0.753125 0.457407 0.027083 0.048148
0 0.611979 0.612963 0.027083 0.048148
0 0.251563 0.382407 0.027083 0.048148
0 0.310417 0.614815 0.027083 0.048148
0 0.568750 0.912037 0.027083 0.048148
0 0.591146 0.421296 0.027083 0.048148
0 0.589583 0.903704 0.027083 0.048148
0 0.552083 0.313889 0.027083 0.048148
0 0.392188 0.948148 0.027083 0.048148
0 0.418229 0.964815 0.027083 0.048148
0 0.319792 0.660185 0.027083 0.048148
0 0.554688 0.242593 0.027083 0.048148
0 0.585938 0.487037 0.027083 0.048148
0 0.277083 0.522222 0.027083 0.048148
0 0.343229 0.863889 0.027083 0.048148
0 0.172396 0.619444 0.027083 0.048148
0 0.477083 0.786111 0.027083 0.048148
0 0.573958 0.453704 0.027083 0.048148
0 0.615104 0.188889 0.027083 0.048148
0 0.558333 0.169444 0.027083 0.048148
0 0.617188 0.140741 0.027083 0.048148
0 0.442708 0.608333 0.027083 0.048148
0 0.409375 0.351852 0.027083 0.048148
0 0.388542 0.573148 0.027083 0.048148
0 0.369792 0.718519 0.027083 0.048148
0 0.375521 0.227778 0.027083 0.048148
0 0.329167 0.750926 0.027083 0.048148
0 0.609896 0.933333 0.027083 0.048148
0 0.163542 0.657407 0.027083 0.048148
0 0.252083 0.887963 0.027083 0.048148
0 0.628125 0.866667 0.027083 0.048148
0 0.290104 0.569444 0.027083 0.048148
0 0.354167 0.759259 0.027083 0.048148
0 0.597917 0.298148 0.027083 0.048148
0 0.660937 0.213889 0.027083 0.048148
0 0.441146 0.286111 0.027083 0.048148
0 0.476562 0.459259 0.027083 0.048148
0 0.702083 0.740741 0.027083 0.048148
0 0.483333 0.544444 0.027083 0.048148
