0 0.549479 0.834259 0.027083 0.048148
0 0.470313 0.526852 0.027083 0.048148
0 0.480208 0.871296 0.027083 0.048148
0 0.572917 0.860185 0.027083 0.048148
0 0.607812 0.227778 0.027083 0.048148
0 0.750000 0.585185 0.027083 0.048148
0 0.649479 0.342593 0.027083 0.048148
0 0.458854 0.492593 0.027083 0.048148
0 0.614583 0.187963 0.027083 0.048148
0 0.218229 0.175926 0.027083 0.048148
0 0.696875 0.733333 0.027083 0.048148
0 0.613021 0.682407 0.027083 0.048148
0 0.226562 0.719444 0.027083 0.048148
0 0.322396 0.321296 0.027083 0.048148
0 0.465625 0.838889 0.027083 0.048148
0 0.632812 0.749074 0.027083 0.048148
0 0.220312 0.284259 0.027083 0.048148
0 0.600521 0.349074 0.027083 0.048148
0 0.288542 0.884259 0.027083 0.048148
0 0.421354 0.384259 0.027083 0.048148
0 0.594271 0.304630 0.027083 0.048148
0 0.446875 0.809259 0.027083 0.048148
0 0.495833 0.097222 0.027083 0.048148
0 0.220312 0.390741 0.027083 0.048148
0 0.221354 0.504630 0.027083 0.048148
0 0.355729 0.104630 0.027083 0.048148
0 0.526563 0.862037 0.027083 0.048148
0 0.326042 0.173148 0.027083 0.048148
0 0.529687 0.804630 0.027083 0.048148
0 0.511458 0.308333 0.027083 0.048148
0 0.231771 0.832407 0.027083 0.048148
0 0.420312 0.292593 0.027083 0.048148
0 0.369792 0.325926 0.027083 0.048148
0 0.533333 0.900926 0.027083 0.048148
0 0.613021 0.272222 0.027083 0.048148
0 0.639583 0.184259 0.027083 0.048148
0 0.242708 0.689815 0.027083 0.048148
0 0.454167 0.098148 0.027083 0.048148
0 0.224479 0.612963 0.027083 0.048148
0 0.277083 0.522222 0.027083 0.048148
0 0.384375 0.911111 0.027083 0.048148
0 0.502083 0.230556 0.027083 0.048148
0 0.647917 0.471296 0.027083 0.048148
0 0.761979 0.545370 0.027083 0.048148
0 0.766667 0.607407 0.027083 0.048148
0 0.393750 0.177778 0.027083 0.048148
0 0.426042 0.838889 0.027083 0.048148
0 0.758333 0.798148 0.027083 0.048148
0 0.554167 0.226852 0.027083 0.048148
