0 0.419792 0.361111 0.027083 0.048148
0 0.339062 0.302778 0.027083 0.048148
0 0.673958 0.294444 0.027083 0.048148
0 0.440104 0.381481 0.027083 0.048148
0 0.488021 0.337037 0.027083 0.048148
0 0.312500 0.750926 0.027083 0.048148
0 0.768229 0.193519 0.027083 0.048148
0 0.313021 0.804630 0.027083 0.048148
0 0.715104 0.614815 0.027083 0.048148
0 0.337500 0.362037 0.027083 0.048148
0 0.631771 0.274074 0.027083 0.048148
0 0.358333 0.282407 0.027083 0.048148
0 0.285938 0.815741 0.027083 0.048148
0 0.559375 0.450926 0.027083 0.048148
0 0.478646 0.396296 0.027083 0.048148
0 0.451562 0.340741 0.027083 0.048148
0 0.811979 0.381481 0.027083 0.048148
0 0.538542 0.308333 0.027083 0.048148
0 0.611458 0.307407 0.027083 0.048148
0 0.498437 0.359259 0.027083 0.048148
0 0.562500 0.337963 0.027083 0.048148
0 0.296354 0.881481 0.027083 0.048148
0 0.630208 0.394444 0.027083 0.048148
0 0.307812 0.638889 0.027083 0.048148
0 0.655729 0.335185 0.027083 0.048148
0 0.277604 0.233333 0.027083 0.048148
0 0.281250 0.451852 0.027083 0.048148
0 0.582292 0.305556 0.027083 0.048148
0 0.407292 0.397222 0.027083 0.048148
0 0.285417 0.642593 0.027083 0.048148
0 0.247917 0.896296 0.027083 0.048148
0 0.358854 0.397222 0.027083 0.048148
0 0.771354 0.391667 0.027083 0.048148
0 0.305729 0.595370 0.027083 0.048148
0 0.631771 0.333333 0.027083 0.048148
0 0.256771 0.372222 0.027083 0.048148
0 0.254688 0.268519 0.027083 0.048148
0 0.556771 0.399074 0.027083 0.048148
0 0.679167 0.352778 0.027083 0.048148
0 0.715104 0.432407 0.027083 0.048148
0 0.295312 0.773148 0.027083 0.048148
0 0.588542 0.912963 0.027083 0.048148
0 0.290625 0.719444 0.027083 0.048148
0 0.369271 0.473148 0.027083 0.048148
0 0.686458 0.275926 0.027083 0.048148
0 0.533854 0.353704 0.027083 0.048148
0 0.266146 0.685185 0.027083 0.048148
0 0.287500 0.478704 0.027083 0.048148
0 0.574479 0.363889 0.027083 0.048148
