0 0.548958 0.870370 0.027083 0.048148
0 0.482292 0.577778 0.027083 0.048148
0 0.571354 0.895370 0.027083 0.048148
0 0.616667 0.308333 0.027083 0.048148
0 0.483854 0.899074 0.027083 0.048148
0 0.652083 0.420370 0.027083 0.048148
0 0.600000 0.380556 0.027083 0.048148
0 0.567187 0.301852 0.027083 0.048148
0 0.741146 0.652778 0.027083 0.048148
0 0.267708 0.717593 0.027083 0.048148
0 0.625521 0.273148 0.027083 0.048148
0 0.624479 0.359259 0.027083 0.048148
0 0.529167 0.841667 0.027083 0.048148
0 0.451042 0.841667 0.027083 0.048148
0 0.254167 0.236111 0.027083 0.048148
0 0.393229 0.932407 0.027083 0.048148
0 0.649479 0.274074 0.027083 0.048148
0 0.254688 0.334259 0.027083 0.048148
0 0.606771 0.423148 0.027083 0.048148
0 0.355208 0.240741 0.027083 0.048148
0 0.472917 0.538889 0.027083 0.048148
0 0.526042 0.892593 0.027083 0.048148
0 0.440104 0.444444 0.027083 0.048148
0 0.384896 0.177778 0.027083 0.048148
0 0.599479 0.274074 0.027083 0.048148
0 0.702604 0.487037 0.027083 0.048148
0 0.533854 0.933333 0.027083 0.048148
0 0.647917 0.537963 0.027083 0.048148
0 0.251042 0.540741 0.027083 0.048148
0 0.304167 0.900000 0.027083 0.048148
0 0.348438 0.379630 0.027083 0.048148
0 0.305208 0.311111 0.027083 0.048148
0 0.515625 0.178704 0.027083 0.048148
0 0.689583 0.787037 0.027083 0.048148
0 0.451562 0.900000 0.027083 0.048148
0 0.577604 0.841667 0.027083 0.048148
0 0.597917 0.800000 0.027083 0.048148
0 0.517188 0.303704 0.027083 0.048148
0 0.416667 0.250000 0.027083 0.048148
0 0.434375 0.868519 0.027083 0.048148
0 0.331771 0.848148 0.027083 0.048148
0 0.411458 0.393519 0.027083 0.048148
0 0.283854 0.872222 0.027083 0.048148
0 0.252604 0.434259 0.027083 0.048148
0 0.438542 0.359259 0.027083 0.048148
0 0.627083 0.796296 0.027083 0.048148
0 0.611979 0.893519 0.027083 0.048148
0 0.526042 0.378704 0.027083 0.048148
0 0.765104 0.869444 0.027083 0.048148
