0 0.360417 0.415741 0.027083 0.048148
0 0.352604 0.293519 0.027083 0.048148
0 0.377604 0.537037 0.027083 0.048148
0 0.245312 0.763889 0.027083 0.048148
0 0.234896 0.535185 0.027083 0.048148
0 0.373437 0.269444 0.027083 0.048148
0 0.222396 0.239815 0.027083 0.048148
0 0.238021 0.611111 0.027083 0.048148
0 0.328646 0.428704 0.027083 0.048148
0 0.231250 0.450000 0.027083 0.048148
0 0.227083 0.348148 0.027083 0.048148
0 0.384375 0.659259 0.027083 0.048148
0 0.573958 0.567593 0.027083 0.048148
0 0.282813 0.186111 0.027083 0.048148
0 0.413021 0.529630 0.027083 0.048148
0 0.341146 0.359259 0.027083 0.048148
0 0.241146 0.690741 0.027083 0.048148
0 0.567187 0.148148 0.027083 0.048148
0 0.433333 0.525926 0.027083 0.048148
0 0.448958 0.157407 0.027083 0.048148
0 0.488021 0.161111 0.027083 0.048148
0 0.361458 0.244444 0.027083 0.048148
0 0.383854 0.210185 0.027083 0.048148
0 0.660937 0.265741 0.027083 0.048148
0 0.364583 0.338889 0.027083 0.048148
0 0.259896 0.570370 0.027083 0.048148
0 0.358333 0.501852 0.027083 0.048148
0 0.459375 0.524074 0.027083 0.048148
0 0.359375 0.695370 0.027083 0.048148
0 0.290625 0.508333 0.027083 0.048148
0 0.269792 0.729630 0.027083 0.048148
0 0.261979 0.649074 0.027083 0.048148
0 0.342187 0.271296 0.027083 0.048148
0 0.253646 0.489815 0.027083 0.048148
0 0.313542 0.320370 0.027083 0.048148
0 0.767188 0.690741 0.027083 0.048148
0 0.259375 0.370370 0.027083 0.048148
0 0.667708 0.147222 0.027083 0.048148
0 0.433333 0.267593 0.027083 0.048148
0 0.238542 0.190741 0.027083 0.048148
0 0.255729 0.204630 0.027083 0.048148
0 0.496354 0.516667 0.027083 0.048148
0 0.350521 0.555556 0.027083 0.048148
0 0.321354 0.289815 0.027083 0.048148
0 0.466667 0.821296 0.027083 0.048148
0 0.223958 0.799074 0.027083 0.048148
0 0.416146 0.275000 0.027083 0.048148
0 0.505729 0.749074 0.027083 0.048148
0 0.381771 0.495370 0.027083 0.048148
