0 0.275000 0.748148 0.027083 0.048148
0 0.250000 0.256481 0.027083 0.048148
0 0.240625 0.632407 0.027083 0.048148
0 0.393229 0.362037 0.027083 0.048148
0 0.392188 0.603704 0.027083 0.048148
0 0.245833 0.350000 0.027083 0.048148
0 0.243229 0.456481 0.027083 0.048148
0 0.236979 0.713889 0.027083 0.048148
0 0.240625 0.561111 0.027083 0.048148
0 0.715625 0.265741 0.027083 0.048148
0 0.234896 0.791667 0.027083 0.048148
0 0.761979 0.268519 0.027083 0.048148
0 0.513542 0.421296 0.027083 0.048148
0 0.411979 0.387037 0.027083 0.048148
0 0.544792 0.337037 0.027083 0.048148
0 0.278125 0.598148 0.027083 0.048148
0 0.278125 0.555556 0.027083 0.048148
0 0.585938 0.367593 0.027083 0.048148
0 0.446354 0.407407 0.027083 0.048148
0 0.423958 0.349074 0.027083 0.048148
0 0.261458 0.596296 0.027083 0.048148
0 0.710417 0.446296 0.027083 0.048148
0 0.503125 0.333333 0.027083 0.048148
0 0.318750 0.350000 0.027083 0.048148
0 0.253125 0.752778 0.027083 0.048148
0 0.580729 0.427778 0.027083 0.048148
0 0.585417 0.319444 0.027083 0.048148
0 0.434896 0.749074 0.027083 0.048148
0 0.211979 0.822222 0.027083 0.048148
0 0.316146 0.389815 0.027083 0.048148
0 0.258854 0.812037 0.027083 0.048148
0 0.262500 0.417593 0.027083 0.048148
0 0.257292 0.675000 0.027083 0.048148
0 0.338021 0.389815 0.027083 0.048148
0 0.341667 0.284259 0.027083 0.048148
0 0.517188 0.470370 0.027083 0.048148
0 0.733333 0.452778 0.027083 0.048148
0 0.565625 0.339815 0.027083 0.048148
0 0.218750 0.597222 0.027083 0.048148
0 0.496875 0.467593 0.027083 0.048148
0 0.520833 0.369444 0.027083 0.048148
0 0.331771 0.740741 0.027083 0.048148
0 0.228646 0.219444 0.027083 0.048148
0 0.270313 0.462037 0.027083 0.048148
0 0.277083 0.697222 0.027083 0.048148
0 0.645312 0.638889 0.027083 0.048148
0 0.716667 0.487037 0.027083 0.048148
0 0.669271 0.438889 0.027083 0.048148
0 0.696875 0.511111 0.027083 0.048148
