0 0.371875 0.426852 0.027083 0.048148
0 0.380729 0.546296 0.027083 0.048148
0 0.243750 0.734259 0.027083 0.048148
0 0.247396 0.517593 0.027083 0.048148
0 0.252604 0.236111 0.027083 0.048148
0 0.250521 0.338889 0.027083 0.048148
0 0.245833 0.589815 0.027083 0.048148
0 0.248958 0.436111 0.027083 0.048148
0 0.371354 0.306481 0.027083 0.048148
0 0.244271 0.665741 0.027083 0.048148
0 0.378125 0.662037 0.027083 0.048148
0 0.340625 0.431481 0.027083 0.048148
0 0.565104 0.610185 0.027083 0.048148
0 0.415104 0.545370 0.027083 0.048148
0 0.392708 0.287963 0.027083 0.048148
0 0.311979 0.194444 0.027083 0.048148
0 0.583854 0.210185 0.027083 0.048148
0 0.433854 0.545370 0.027083 0.048148
0 0.356250 0.370370 0.027083 0.048148
0 0.664062 0.342593 0.027083 0.048148
0 0.281771 0.209259 0.027083 0.048148
0 0.739062 0.762037 0.027083 0.048148
0 0.268750 0.553704 0.027083 0.048148
0 0.503125 0.208333 0.027083 0.048148
0 0.266667 0.628704 0.027083 0.048148
0 0.364583 0.510185 0.027083 0.048148
0 0.332813 0.327778 0.027083 0.048148
0 0.267708 0.477778 0.027083 0.048148
0 0.382812 0.264815 0.027083 0.048148
0 0.405729 0.239815 0.027083 0.048148
0 0.629167 0.303704 0.027083 0.048148
0 0.299479 0.504630 0.027083 0.048148
0 0.460417 0.549074 0.027083 0.048148
0 0.748958 0.223148 0.027083 0.048148
0 0.268750 0.706481 0.027083 0.048148
0 0.432812 0.305556 0.027083 0.048148
0 0.643229 0.237037 0.027083 0.048148
0 0.410417 0.333333 0.027083 0.048148
0 0.436979 0.109259 0.027083 0.048148
0 0.341667 0.302778 0.027083 0.048148
0 0.468750 0.200000 0.027083 0.048148
0 0.417187 0.271296 0.027083 0.048148
0 0.664062 0.389815 0.027083 0.048148
0 0.644271 0.701852 0.027083 0.048148
0 0.268750 0.761111 0.027083 0.048148
0 0.379167 0.362037 0.027083 0.048148
0 0.388021 0.506481 0.027083 0.048148
0 0.499479 0.834259 0.027083 0.048148
0 0.362500 0.330556 0.027083 0.048148
