0 0.567708 0.799074 0.027083 0.048148
0 0.491146 0.546296 0.027083 0.048148
0 0.544792 0.822222 0.027083 0.048148
0 0.591146 0.817593 0.027083 0.048148
0 0.548438 0.283333 0.027083 0.048148
0 0.303125 0.830556 0.027083 0.048148
0 0.615625 0.733333 0.027083 0.048148
0 0.446354 0.438889 0.027083 0.048148
0 0.549479 0.775000 0.027083 0.048148
0 0.559375 0.859259 0.027083 0.048148
0 0.478646 0.787963 0.027083 0.048148
0 0.511979 0.835185 0.027083 0.048148
0 0.558854 0.353704 0.027083 0.048148
0 0.584375 0.344444 0.027083 0.048148
0 0.602083 0.325000 0.027083 0.048148
0 0.514583 0.367593 0.027083 0.048148
0 0.594271 0.283333 0.027083 0.048148
0 0.477604 0.516667 0.027083 0.048148
0 0.592187 0.387037 0.027083 0.048148
0 0.632812 0.378704 0.027083 0.048148
0 0.505729 0.291667 0.027083 0.048148
0 0.314063 0.798148 0.027083 0.048148
0 0.272396 0.374074 0.027083 0.048148
0 0.428646 0.828704 0.027083 0.048148
0 0.576042 0.252778 0.027083 0.048148
0 0.306771 0.714815 0.027083 0.048148
0 0.592708 0.768519 0.027083 0.048148
0 0.345313 0.875000 0.027083 0.048148
0 0.431250 0.884259 0.027083 0.048148
0 0.317188 0.458333 0.027083 0.048148
0 0.609375 0.361111 0.027083 0.048148
0 0.767188 0.459259 0.027083 0.048148
0 0.682813 0.425926 0.027083 0.048148
0 0.606771 0.250000 0.027083 0.048148
0 0.576562 0.855556 0.027083 0.048148
0 0.493229 0.444444 0.027083 0.048148
0 0.400521 0.390741 0.027083 0.048148
0 0.415104 0.888889 0.027083 0.048148
0 0.374479 0.243519 0.027083 0.048148
0 0.266146 0.288889 0.027083 0.048148
0 0.725000 0.564815 0.027083 0.048148
0 0.380729 0.205556 0.027083 0.048148
0 0.367708 0.712037 0.027083 0.048148
0 0.461979 0.825000 0.027083 0.048148
0 0.413542 0.267593 0.027083 0.048148
0 0.495312 0.811111 0.027083 0.048148
0 0.762500 0.755556 0.027083 0.048148
0 0.648958 0.782407 0.027083 0.048148
0 0.228125 0.278704 0.027083 0.048148
