0 0.324479 0.166667 0.027083 0.048148
0 0.287500 0.720370 0.027083 0.048148
0 0.318750 0.258333 0.027083 0.048148
0 0.311979 0.350000 0.027083 0.048148
0 0.304167 0.448148 0.027083 0.048148
0 0.292187 0.629630 0.027083 0.048148
0 0.298438 0.535185 0.027083 0.048148
0 0.748437 0.659259 0.027083 0.048148
0 0.808854 0.317593 0.027083 0.048148
0 0.741667 0.453704 0.027083 0.048148
0 0.758333 0.625000 0.027083 0.048148
0 0.701042 0.805556 0.027083 0.048148
0 0.316667 0.647222 0.027083 0.048148
0 0.477604 0.117593 0.027083 0.048148
0 0.381771 0.198148 0.027083 0.048148
0 0.779687 0.412963 0.027083 0.048148
0 0.608854 0.225926 0.027083 0.048148
0 0.281250 0.763889 0.027083 0.048148
0 0.434896 0.436111 0.027083 0.048148
0 0.372396 0.661111 0.027083 0.048148
0 0.822917 0.227778 0.027083 0.048148
0 0.433333 0.752778 0.027083 0.048148
0 0.806250 0.366667 0.027083 0.048148
0 0.326562 0.474074 0.027083 0.048148
0 0.589063 0.219444 0.027083 0.048148
0 0.269792 0.417593 0.027083 0.048148
0 0.335938 0.368519 0.027083 0.048148
0 0.765625 0.443519 0.027083 0.048148
0 0.782292 0.357407 0.027083 0.048148
0 0.385937 0.768519 0.027083 0.048148
0 0.606250 0.184259 0.027083 0.048148
0 0.411979 0.770370 0.027083 0.048148
0 0.761979 0.485185 0.027083 0.048148
0 0.303125 0.145370 0.027083 0.048148
0 0.364063 0.475926 0.027083 0.048148
0 0.798958 0.488889 0.027083 0.048148
0 0.530208 0.774074 0.027083 0.048148
0 0.838542 0.539815 0.027083 0.048148
0 0.595833 0.042593 0.027083 0.048148
0 0.656771 0.673148 0.027083 0.048148
0 0.734375 0.479630 0.027083 0.048148
0 0.759896 0.253704 0.027083 0.048148
0 0.774479 0.826852 0.027083 0.048148
0 0.519271 0.142593 0.027083 0.048148
0 0.747917 0.426852 0.027083 0.048148
0 0.484375 0.766667 0.027083 0.048148
0 0.586458 0.180556 0.027083 0.048148
0 0.785937 0.314815 0.027083 0.048148
0 0.614062 0.786111 0.027083 0.048148
