0 0.421875 0.379630 0.027083 0.048148
0 0.421354 0.496296 0.027083 0.048148
0 0.278646 0.645370 0.027083 0.048148
0 0.297396 0.438889 0.027083 0.048148
0 0.321875 0.172222 0.027083 0.048148
0 0.304167 0.361111 0.027083 0.048148
0 0.291146 0.507407 0.027083 0.048148
0 0.312500 0.269444 0.027083 0.048148
0 0.284375 0.580556 0.027083 0.048148
0 0.427083 0.261111 0.027083 0.048148
0 0.410938 0.605556 0.027083 0.048148
0 0.795833 0.265741 0.027083 0.048148
0 0.561979 0.198148 0.027083 0.048148
0 0.391146 0.376852 0.027083 0.048148
0 0.772396 0.360185 0.027083 0.048148
0 0.593229 0.597222 0.027083 0.048148
0 0.638542 0.220370 0.027083 0.048148
0 0.379167 0.145370 0.027083 0.048148
0 0.456250 0.501852 0.027083 0.048148
0 0.348438 0.444444 0.027083 0.048148
0 0.350521 0.151852 0.027083 0.048148
0 0.746875 0.778704 0.027083 0.048148
0 0.407813 0.457407 0.027083 0.048148
0 0.744792 0.427778 0.027083 0.048148
0 0.472917 0.506481 0.027083 0.048148
0 0.450521 0.235185 0.027083 0.048148
0 0.301563 0.673148 0.027083 0.048148
0 0.410938 0.322222 0.027083 0.048148
0 0.315625 0.477778 0.027083 0.048148
0 0.505729 0.089815 0.027083 0.048148
0 0.308333 0.549074 0.027083 0.048148
0 0.338542 0.132407 0.027083 0.048148
0 0.446354 0.291667 0.027083 0.048148
0 0.401042 0.255556 0.027083 0.048148
0 0.497917 0.515741 0.027083 0.048148
0 0.334375 0.530556 0.027083 0.048148
0 0.892188 0.675926 0.027083 0.048148
0 0.892188 0.574074 0.027083 0.048148
0 0.564063 0.680556 0.027083 0.048148
0 0.319792 0.404630 0.027083 0.048148
0 0.674479 0.319444 0.027083 0.048148
0 0.836458 0.502778 0.027083 0.048148
0 0.593229 0.677778 0.027083 0.048148
0 0.465104 0.300000 0.027083 0.048148
0 0.829167 0.734259 0.027083 0.048148
0 0.232813 0.041667 0.027083 0.048148
0 0.435417 0.321296 0.027083 0.048148
0 0.843229 0.760185 0.027083 0.048148
0 0.901042 0.120370 0.027083 0.048148
