0 0.341667 0.167593 0.027083 0.048148
0 0.682292 0.512963 0.027083 0.048148
0 0.574479 0.781481 0.027083 0.048148
0 0.325521 0.348148 0.027083 0.048148
0 0.333854 0.258333 0.027083 0.048148
0 0.309375 0.529630 0.027083 0.048148
0 0.676042 0.428704 0.027083 0.048148
0 0.315625 0.443519 0.027083 0.048148
0 0.672917 0.343519 0.027083 0.048148
0 0.303646 0.837963 0.027083 0.048148
0 0.301042 0.622222 0.027083 0.048148
0 0.757292 0.281481 0.027083 0.048148
0 0.602604 0.348148 0.027083 0.048148
0 0.815104 0.159259 0.027083 0.048148
0 0.295312 0.711111 0.027083 0.048148
0 0.529167 0.514815 0.027083 0.048148
0 0.542708 0.699074 0.027083 0.048148
0 0.447917 0.486111 0.027083 0.048148
0 0.801042 0.341667 0.027083 0.048148
0 0.734375 0.656481 0.027083 0.048148
0 0.461979 0.454630 0.027083 0.048148
0 0.443750 0.518519 0.027083 0.048148
0 0.702604 0.330556 0.027083 0.048148
0 0.642708 0.357407 0.027083 0.048148
0 0.740104 0.461111 0.027083 0.048148
0 0.768229 0.639815 0.027083 0.048148
0 0.626042 0.318519 0.027083 0.048148
0 0.660417 0.325000 0.027083 0.048148
0 0.758333 0.838889 0.027083 0.048148
0 0.656771 0.396296 0.027083 0.048148
0 0.550000 0.763889 0.027083 0.048148
0 0.585417 0.313889 0.027083 0.048148
0 0.831771 0.170370 0.027083 0.048148
0 0.458333 0.250926 0.027083 0.048148
0 0.431250 0.678704 0.027083 0.048148
0 0.633854 0.431481 0.027083 0.048148
0 0.693750 0.760185 0.027083 0.048148
0 0.450521 0.413889 0.027083 0.048148
0 0.791146 0.290741 0.027083 0.048148
0 0.376563 0.733333 0.027083 0.048148
0 0.505729 0.393519 0.027083 0.048148
0 0.439063 0.440741 0.027083 0.048148
0 0.327604 0.209259 0.027083 0.048148
0 0.691146 0.369444 0.027083 0.048148
0 0.754167 0.391667 0.027083 0.048148
0 0.474479 0.129630 0.027083 0.048148
0 0.686979 0.310185 0.027083 0.048148
0 0.503646 0.769444 0.027083 0.048148
0 0.698438 0.100000 0.027083 0.048148
