0 0.657292 0.518519 0.027083 0.048148
0 0.661979 0.584259 0.027083 0.048148
0 0.254688 0.249074 0.027083 0.048148
0 0.701042 0.158333 0.027083 0.048148
0 0.753125 0.298148 0.027083 0.048148
0 0.614062 0.483333 0.027083 0.048148
0 0.195833 0.850926 0.027083 0.048148
0 0.453646 0.175926 0.027083 0.048148
0 0.187500 0.321296 0.027083 0.048148
0 0.498437 0.851852 0.027083 0.048148
0 0.217708 0.886111 0.027083 0.048148
0 0.192188 0.639815 0.027083 0.048148
0 0.582292 0.869444 0.027083 0.048148
0 0.170313 0.888889 0.027083 0.048148
0 0.195312 0.741667 0.027083 0.048148
0 0.191146 0.538889 0.027083 0.048148
0 0.229167 0.191667 0.027083 0.048148
0 0.189062 0.437963 0.027083 0.048148
0 0.596875 0.165741 0.027083 0.048148
0 0.183333 0.213889 0.027083 0.048148
0 0.750000 0.154630 0.027083 0.048148
0 0.207813 0.494444 0.027083 0.048148
0 0.603646 0.839815 0.027083 0.048148
0 0.714063 0.848148 0.027083 0.048148
0 0.217708 0.705556 0.027083 0.048148
0 0.507812 0.171296 0.027083 0.048148
0 0.633333 0.498148 0.027083 0.048148
0 0.218750 0.565741 0.027083 0.048148
0 0.663021 0.161111 0.027083 0.048148
0 0.694271 0.507407 0.027083 0.048148
0 0.275521 0.231481 0.027083 0.048148
0 0.573438 0.166667 0.027083 0.048148
0 0.217188 0.812963 0.027083 0.048148
0 0.216667 0.780556 0.027083 0.048148
0 0.572917 0.529630 0.027083 0.048148
0 0.640625 0.187037 0.027083 0.048148
0 0.260417 0.571296 0.027083 0.048148
0 0.168750 0.821296 0.027083 0.048148
0 0.385937 0.180556 0.027083 0.048148
0 0.742188 0.202778 0.027083 0.048148
0 0.544271 0.907407 0.027083 0.048148
0 0.729167 0.768519 0.027083 0.048148
0 0.573958 0.597222 0.027083 0.048148
0 0.491667 0.174074 0.027083 0.048148
0 0.379688 0.497222 0.027083 0.048148
0 0.153646 0.199074 0.027083 0.048148
0 0.440104 0.471296 0.027083 0.048148
0 0.698438 0.579630 0.027083 0.048148
0 0.306250 0.641667 0.027083 0.048148
