0 0.633333 0.874074 0.027083 0.048148
0 0.563021 0.562037 0.027083 0.048148
0 0.656250 0.900926 0.027083 0.048148
0 0.563542 0.904630 0.027083 0.048148
0 0.707812 0.275926 0.027083 0.048148
0 0.552604 0.526852 0.027083 0.048148
0 0.839063 0.642593 0.027083 0.048148
0 0.745313 0.393519 0.027083 0.048148
0 0.715104 0.237037 0.027083 0.048148
0 0.321875 0.192593 0.027083 0.048148
0 0.718750 0.795370 0.027083 0.048148
0 0.700521 0.728704 0.027083 0.048148
0 0.321354 0.299074 0.027083 0.048148
0 0.690625 0.353704 0.027083 0.048148
0 0.518229 0.415741 0.027083 0.048148
0 0.318750 0.406481 0.027083 0.048148
0 0.315625 0.731481 0.027083 0.048148
0 0.740625 0.521296 0.027083 0.048148
0 0.696875 0.397222 0.027083 0.048148
0 0.428646 0.199074 0.027083 0.048148
0 0.316667 0.519444 0.027083 0.048148
0 0.460417 0.133333 0.027083 0.048148
0 0.549479 0.871296 0.027083 0.048148
0 0.599479 0.137963 0.027083 0.048148
0 0.373437 0.901852 0.027083 0.048148
0 0.421875 0.346296 0.027083 0.048148
0 0.318229 0.846296 0.027083 0.048148
0 0.532292 0.840741 0.027083 0.048148
0 0.613542 0.842593 0.027083 0.048148
0 0.496354 0.209259 0.027083 0.048148
0 0.467187 0.937037 0.027083 0.048148
0 0.855208 0.666667 0.027083 0.048148
0 0.739583 0.236111 0.027083 0.048148
0 0.586458 0.219444 0.027083 0.048148
0 0.710938 0.320370 0.027083 0.048148
0 0.616146 0.938889 0.027083 0.048148
0 0.510938 0.868519 0.027083 0.048148
0 0.316667 0.626852 0.027083 0.048148
0 0.519792 0.325000 0.027083 0.048148
0 0.654687 0.271296 0.027083 0.048148
0 0.370833 0.540741 0.027083 0.048148
0 0.557292 0.214815 0.027083 0.048148
0 0.672396 0.335185 0.027083 0.048148
0 0.610417 0.348148 0.027083 0.048148
0 0.687500 0.240741 0.027083 0.048148
0 0.841667 0.854630 0.027083 0.048148
0 0.558333 0.135185 0.027083 0.048148
0 0.852083 0.604630 0.027083 0.048148
0 0.468229 0.354630 0.027083 0.048148
