0 0.394792 0.468519 0.027083 0.048148
0 0.398958 0.588889 0.027083 0.048148
0 0.253646 0.759259 0.027083 0.048148
0 0.266146 0.542593 0.027083 0.048148
0 0.283333 0.262963 0.027083 0.048148
0 0.270833 0.461111 0.027083 0.048148
0 0.277083 0.364815 0.027083 0.048148
0 0.261979 0.614815 0.027083 0.048148
0 0.400000 0.348148 0.027083 0.048148
0 0.256771 0.690741 0.027083 0.048148
0 0.393750 0.704630 0.027083 0.048148
0 0.363542 0.470370 0.027083 0.048148
0 0.580208 0.676852 0.027083 0.048148
0 0.615625 0.279630 0.027083 0.048148
0 0.433333 0.592593 0.027083 0.048148
0 0.352604 0.241667 0.027083 0.048148
0 0.535417 0.267593 0.027083 0.048148
0 0.747917 0.851852 0.027083 0.048148
0 0.452083 0.595370 0.027083 0.048148
0 0.286458 0.582407 0.027083 0.048148
0 0.312500 0.236111 0.027083 0.048148
0 0.359375 0.364815 0.027083 0.048148
0 0.390104 0.371296 0.027083 0.048148
0 0.421354 0.331481 0.027083 0.048148
0 0.281250 0.655556 0.027083 0.048148
0 0.780729 0.314815 0.027083 0.048148
0 0.383854 0.550926 0.027083 0.048148
0 0.477604 0.601852 0.027083 0.048148
0 0.288542 0.505556 0.027083 0.048148
0 0.436458 0.285185 0.027083 0.048148
0 0.731250 0.488889 0.027083 0.048148
0 0.278125 0.787963 0.027083 0.048148
0 0.321354 0.541667 0.027083 0.048148
0 0.416667 0.374074 0.027083 0.048148
0 0.380729 0.409259 0.027083 0.048148
0 0.279687 0.733333 0.027083 0.048148
0 0.340104 0.223148 0.027083 0.048148
0 0.673438 0.613889 0.027083 0.048148
0 0.307812 0.296296 0.027083 0.048148
0 0.599479 0.712963 0.027083 0.048148
0 0.460938 0.355556 0.027083 0.048148
0 0.690104 0.420370 0.027083 0.048148
0 0.287500 0.215741 0.027083 0.048148
0 0.673958 0.314815 0.027083 0.048148
0 0.371875 0.608333 0.027083 0.048148
0 0.707812 0.312963 0.027083 0.048148
0 0.472917 0.160185 0.027083 0.048148
0 0.369792 0.340741 0.027083 0.048148
0 0.515625 0.255556 0.027083 0.048148
