0 0.519792 0.343519 0.027083 0.048148
0 0.514583 0.762963 0.027083 0.048148
0 0.589063 0.480556 0.027083 0.048148
0 0.331250 0.537963 0.027083 0.048148
0 0.341146 0.561111 0.027083 0.048148
0 0.305208 0.451852 0.027083 0.048148
0 0.579688 0.853704 0.027083 0.048148
0 0.623437 0.576852 0.027083 0.048148
0 0.617708 0.817593 0.027083 0.048148
0 0.601562 0.460185 0.027083 0.048148
0 0.572396 0.295370 0.027083 0.048148
0 0.453125 0.890741 0.027083 0.048148
0 0.598437 0.847222 0.027083 0.048148
0 0.436979 0.896296 0.027083 0.048148
0 0.502083 0.425926 0.027083 0.048148
0 0.757812 0.437963 0.027083 0.048148
0 0.535417 0.379630 0.027083 0.048148
0 0.291667 0.343519 0.027083 0.048148
0 0.634375 0.177778 0.027083 0.048148
0 0.607292 0.395370 0.027083 0.048148
0 0.367708 0.772222 0.027083 0.048148
0 0.466146 0.565741 0.027083 0.048148
0 0.387500 0.764815 0.027083 0.048148
0 0.411979 0.880556 0.027083 0.048148
0 0.576042 0.226852 0.027083 0.048148
0 0.365625 0.315741 0.027083 0.048148
0 0.357812 0.689815 0.027083 0.048148
0 0.421875 0.931481 0.027083 0.048148
0 0.619792 0.425000 0.027083 0.048148
0 0.617188 0.879630 0.027083 0.048148
0 0.355729 0.437037 0.027083 0.048148
0 0.706771 0.701852 0.027083 0.048148
0 0.313021 0.477778 0.027083 0.048148
0 0.350521 0.603704 0.027083 0.048148
0 0.414583 0.526852 0.027083 0.048148
0 0.361458 0.529630 0.027083 0.048148
0 0.211458 0.559259 0.027083 0.048148
0 0.507292 0.503704 0.027083 0.048148
0 0.618229 0.319444 0.027083 0.048148
0 0.468229 0.261111 0.027083 0.048148
0 0.536979 0.736111 0.027083 0.048148
0 0.638542 0.725000 0.027083 0.048148
0 0.636979 0.132407 0.027083 0.048148
0 0.380729 0.700000 0.027083 0.048148
0 0.601562 0.355556 0.027083 0.048148
0 0.615625 0.282407 0.027083 0.048148
0 0.347396 0.509259 0.027083 0.048148
0 0.536979 0.624074 0.027083 0.048148
0 0.369792 0.800926 0.027083 0.048148
