0 0.465625 0.730556 0.027083 0.048148
0 0.326562 0.432407 0.027083 0.048148
0 0.336458 0.474074 0.027083 0.048148
0 0.723437 0.627778 0.027083 0.048148
0 0.511458 0.950000 0.027083 0.048148
0 0.292708 0.474074 0.027083 0.048148
0 0.339583 0.294444 0.027083 0.048148
0 0.685937 0.952778 0.027083 0.048148
0 0.589063 0.700000 0.027083 0.048148
0 0.657292 0.959259 0.027083 0.048148
0 0.823958 0.617593 0.027083 0.048148
0 0.381771 0.473148 0.027083 0.048148
0 0.276562 0.251852 0.027083 0.048148
0 0.422396 0.279630 0.027083 0.048148
0 0.647917 0.920370 0.027083 0.048148
0 0.493750 0.954630 0.027083 0.048148
0 0.669271 0.914815 0.027083 0.048148
0 0.685937 0.880556 0.027083 0.048148
0 0.370312 0.847222 0.027083 0.048148
0 0.245833 0.363889 0.027083 0.048148
0 0.305729 0.676852 0.027083 0.048148
0 0.564063 0.153704 0.027083 0.048148
0 0.253646 0.479630 0.027083 0.048148
0 0.670833 0.390741 0.027083 0.048148
0 0.260417 0.579630 0.027083 0.048148
0 0.585417 0.786111 0.027083 0.048148
0 0.313021 0.777778 0.027083 0.048148
0 0.273958 0.782407 0.027083 0.048148
0 0.266667 0.681481 0.027083 0.048148
0 0.298958 0.575926 0.027083 0.048148
0 0.736458 0.474074 0.027083 0.048148
0 0.278646 0.545370 0.027083 0.048148
0 0.536979 0.415741 0.027083 0.048148
0 0.280208 0.891667 0.027083 0.048148
0 0.239063 0.257407 0.027083 0.048148
0 0.529167 0.157407 0.027083 0.048148
0 0.472917 0.170370 0.027083 0.048148
0 0.575000 0.114815 0.027083 0.048148
0 0.486458 0.132407 0.027083 0.048148
0 0.292187 0.748148 0.027083 0.048148
0 0.258854 0.287037 0.027083 0.048148
0 0.318229 0.887037 0.027083 0.048148
0 0.364063 0.324074 0.027083 0.048148
0 0.604688 0.774074 0.027083 0.048148
0 0.294792 0.812963 0.027083 0.048148
0 0.287500 0.711111 0.027083 0.048148
0 0.554167 0.398148 0.027083 0.048148
0 0.309375 0.250926 0.027083 0.048148
0 0.576562 0.243519 0.027083 0.048148
