0 0.682813 0.521296 0.027083 0.048148
0 0.233333 0.806481 0.027083 0.048148
0 0.236979 0.300000 0.027083 0.048148
0 0.151042 0.562963 0.027083 0.048148
0 0.234896 0.604630 0.027083 0.048148
0 0.234896 0.701852 0.027083 0.048148
0 0.235937 0.507407 0.027083 0.048148
0 0.235937 0.411111 0.027083 0.048148
0 0.732292 0.179630 0.027083 0.048148
0 0.236458 0.197222 0.027083 0.048148
0 0.778646 0.315741 0.027083 0.048148
0 0.685417 0.584259 0.027083 0.048148
0 0.731250 0.687037 0.027083 0.048148
0 0.494792 0.180556 0.027083 0.048148
0 0.602604 0.850926 0.027083 0.048148
0 0.642708 0.484259 0.027083 0.048148
0 0.780208 0.179630 0.027083 0.048148
0 0.209375 0.840741 0.027083 0.048148
0 0.357812 0.340741 0.027083 0.048148
0 0.254167 0.840741 0.027083 0.048148
0 0.280729 0.179630 0.027083 0.048148
0 0.488542 0.745370 0.027083 0.048148
0 0.522917 0.829630 0.027083 0.048148
0 0.172917 0.583333 0.027083 0.048148
0 0.172917 0.541667 0.027083 0.048148
0 0.632812 0.180556 0.027083 0.048148
0 0.446354 0.139815 0.027083 0.048148
0 0.415625 0.484259 0.027083 0.048148
0 0.309896 0.228704 0.027083 0.048148
0 0.675000 0.203704 0.027083 0.048148
0 0.533854 0.181481 0.027083 0.048148
0 0.261458 0.537037 0.027083 0.048148
0 0.719271 0.515741 0.027083 0.048148
0 0.729688 0.839815 0.027083 0.048148
0 0.891667 0.575926 0.027083 0.048148
0 0.209375 0.774074 0.027083 0.048148
0 0.176042 0.098148 0.027083 0.048148
0 0.209375 0.181481 0.027083 0.048148
0 0.825000 0.900926 0.027083 0.048148
0 0.623958 0.822222 0.027083 0.048148
0 0.136458 0.812963 0.027083 0.048148
0 0.660417 0.500000 0.027083 0.048148
0 0.421354 0.112963 0.027083 0.048148
0 0.118229 0.155556 0.027083 0.048148
0 0.117708 0.843519 0.027083 0.048148
0 0.117708 0.781481 0.027083 0.048148
0 0.117708 0.343519 0.027083 0.048148
0 0.882292 0.843519 0.027083 0.048148
0 0.255729 0.740741 0.027083 0.048148
