0 0.692187 0.319444 0.027083 0.048148
0 0.852604 0.447222 0.027083 0.048148
0 0.658333 0.794444 0.027083 0.048148
0 0.701562 0.193519 0.027083 0.048148
0 0.565625 0.251852 0.027083 0.048148
0 0.494271 0.390741 0.027083 0.048148
0 0.864583 0.569444 0.027083 0.048148
0 0.558333 0.377778 0.027083 0.048148
0 0.821354 0.135185 0.027083 0.048148
0 0.573438 0.293519 0.027083 0.048148
0 0.639583 0.257407 0.027083 0.048148
0 0.689583 0.270370 0.027083 0.048148
0 0.578646 0.871296 0.027083 0.048148
0 0.310417 0.539815 0.027083 0.048148
0 0.641667 0.826852 0.027083 0.048148
0 0.543229 0.390741 0.027083 0.048148
0 0.844792 0.359259 0.027083 0.048148
0 0.456771 0.657407 0.027083 0.048148
0 0.719792 0.414815 0.027083 0.048148
0 0.842708 0.486111 0.027083 0.048148
0 0.370312 0.837963 0.027083 0.048148
0 0.880729 0.734259 0.027083 0.048148
0 0.671354 0.292593 0.027083 0.048148
0 0.669792 0.342593 0.027083 0.048148
0 0.813021 0.535185 0.027083 0.048148
0 0.731250 0.195370 0.027083 0.048148
0 0.832292 0.235185 0.027083 0.048148
0 0.644271 0.198148 0.027083 0.048148
0 0.489063 0.341667 0.027083 0.048148
0 0.452083 0.505556 0.027083 0.048148
0 0.280729 0.641667 0.027083 0.048148
0 0.592708 0.271296 0.027083 0.048148
0 0.333333 0.760185 0.027083 0.048148
0 0.438542 0.876852 0.027083 0.048148
0 0.828125 0.187037 0.027083 0.048148
0 0.410417 0.158333 0.027083 0.048148
0 0.248438 0.317593 0.027083 0.048148
0 0.470313 0.789815 0.027083 0.048148
0 0.630208 0.702778 0.027083 0.048148
0 0.755208 0.091667 0.027083 0.048148
0 0.506250 0.371296 0.027083 0.048148
0 0.258854 0.425000 0.027083 0.048148
0 0.824479 0.300926 0.027083 0.048148
0 0.811458 0.257407 0.027083 0.048148
0 0.269792 0.538889 0.027083 0.048148
0 0.675000 0.219444 0.027083 0.048148
0 0.320833 0.222222 0.027083 0.048148
0 0.572917 0.530556 0.027083 0.048148
0 0.515104 0.250000 0.027083 0.048148
