0 0.403125 0.430556 0.027083 0.048148
0 0.289583 0.744444 0.027083 0.048148
0 0.285938 0.532407 0.027083 0.048148
0 0.282292 0.258333 0.027083 0.048148
0 0.283333 0.358333 0.027083 0.048148
0 0.284896 0.452778 0.027083 0.048148
0 0.286979 0.602778 0.027083 0.048148
0 0.416146 0.547222 0.027083 0.048148
0 0.400000 0.315741 0.027083 0.048148
0 0.287500 0.676852 0.027083 0.048148
0 0.852083 0.441667 0.027083 0.048148
0 0.151042 0.437963 0.027083 0.048148
0 0.848958 0.187963 0.027083 0.048148
0 0.417187 0.659259 0.027083 0.048148
0 0.373958 0.439815 0.027083 0.048148
0 0.419271 0.294444 0.027083 0.048148
0 0.597917 0.590741 0.027083 0.048148
0 0.387500 0.379630 0.027083 0.048148
0 0.898438 0.187963 0.027083 0.048148
0 0.337500 0.211111 0.027083 0.048148
0 0.398958 0.512963 0.027083 0.048148
0 0.450000 0.542593 0.027083 0.048148
0 0.467708 0.540741 0.027083 0.048148
0 0.603646 0.199074 0.027083 0.048148
0 0.898438 0.438889 0.027083 0.048148
0 0.308854 0.638889 0.027083 0.048148
0 0.311979 0.385185 0.027083 0.048148
0 0.308333 0.565741 0.027083 0.048148
0 0.765625 0.195370 0.027083 0.048148
0 0.298958 0.213889 0.027083 0.048148
0 0.187500 0.407407 0.027083 0.048148
0 0.335938 0.513889 0.027083 0.048148
0 0.820312 0.410185 0.027083 0.048148
0 0.438542 0.337963 0.027083 0.048148
0 0.771354 0.721296 0.027083 0.048148
0 0.370312 0.314815 0.027083 0.048148
0 0.305208 0.491667 0.027083 0.048148
0 0.524479 0.202778 0.027083 0.048148
0 0.822917 0.561111 0.027083 0.048148
0 0.701562 0.834259 0.027083 0.048148
0 0.408854 0.272222 0.027083 0.048148
0 0.313542 0.715741 0.027083 0.048148
0 0.430729 0.246296 0.027083 0.048148
0 0.442708 0.270370 0.027083 0.048148
0 0.751042 0.295370 0.027083 0.048148
0 0.459375 0.308333 0.027083 0.048148
0 0.661979 0.221296 0.027083 0.048148
0 0.245833 0.830556 0.027083 0.048148
0 0.312500 0.229630 0.027083 0.048148
