0 0.418750 0.542593 0.027083 0.048148
0 0.411979 0.409259 0.027083 0.048148
0 0.415625 0.269444 0.027083 0.048148
0 0.363021 0.146296 0.027083 0.048148
0 0.151042 0.437037 0.027083 0.048148
0 0.411979 0.676852 0.027083 0.048148
0 0.377604 0.411111 0.027083 0.048148
0 0.753125 0.342593 0.027083 0.048148
0 0.455208 0.546296 0.027083 0.048148
0 0.433854 0.298148 0.027083 0.048148
0 0.456771 0.193519 0.027083 0.048148
0 0.347917 0.125926 0.027083 0.048148
0 0.533333 0.156481 0.027083 0.048148
0 0.505208 0.274074 0.027083 0.048148
0 0.371875 0.291667 0.027083 0.048148
0 0.175521 0.460185 0.027083 0.048148
0 0.175000 0.414815 0.027083 0.048148
0 0.383333 0.709259 0.027083 0.048148
0 0.823958 0.834259 0.027083 0.048148
0 0.481250 0.550000 0.027083 0.048148
0 0.403646 0.237037 0.027083 0.048148
0 0.660417 0.186111 0.027083 0.048148
0 0.316667 0.143519 0.027083 0.048148
0 0.422917 0.330556 0.027083 0.048148
0 0.285417 0.540741 0.027083 0.048148
0 0.277604 0.782407 0.027083 0.048148
0 0.507292 0.554630 0.027083 0.048148
0 0.579167 0.176852 0.027083 0.048148
0 0.279687 0.713889 0.027083 0.048148
0 0.328646 0.486111 0.027083 0.048148
0 0.730729 0.797222 0.027083 0.048148
0 0.796875 0.417593 0.027083 0.048148
0 0.371354 0.332407 0.027083 0.048148
0 0.431771 0.226852 0.027083 0.048148
0 0.376563 0.782407 0.027083 0.048148
0 0.404167 0.298148 0.027083 0.048148
0 0.441667 0.255556 0.027083 0.048148
0 0.316146 0.394444 0.027083 0.048148
0 0.821875 0.604630 0.027083 0.048148
0 0.383854 0.208333 0.027083 0.048148
0 0.631250 0.822222 0.027083 0.048148
0 0.279687 0.626852 0.027083 0.048148
0 0.634896 0.740741 0.027083 0.048148
0 0.481250 0.272222 0.027083 0.048148
0 0.626042 0.638889 0.027083 0.048148
0 0.790625 0.254630 0.027083 0.048148
0 0.729167 0.734259 0.027083 0.048148
0 0.801562 0.621296 0.027083 0.048148
0 0.309375 0.325926 0.027083 0.048148
