0 0.311979 0.550000 0.027083 0.048148
0 0.276042 0.416667 0.027083 0.048148
0 0.575521 0.812037 0.027083 0.048148
0 0.266146 0.349074 0.027083 0.048148
0 0.346875 0.797222 0.027083 0.048148
0 0.676562 0.775000 0.027083 0.048148
0 0.611458 0.180556 0.027083 0.048148
0 0.627083 0.796296 0.027083 0.048148
0 0.372396 0.882407 0.027083 0.048148
0 0.335938 0.484259 0.027083 0.048148
0 0.330729 0.675000 0.027083 0.048148
0 0.416146 0.861111 0.027083 0.048148
0 0.445833 0.898148 0.027083 0.048148
0 0.605208 0.418519 0.027083 0.048148
0 0.347917 0.528704 0.027083 0.048148
0 0.291667 0.488889 0.027083 0.048148
0 0.297396 0.407407 0.027083 0.048148
0 0.334375 0.322222 0.027083 0.048148
0 0.648958 0.193519 0.027083 0.048148
0 0.313021 0.460185 0.027083 0.048148
0 0.394271 0.287037 0.027083 0.048148
0 0.591667 0.850000 0.027083 0.048148
0 0.402083 0.883333 0.027083 0.048148
0 0.300000 0.313889 0.027083 0.048148
0 0.341667 0.759259 0.027083 0.048148
0 0.165625 0.569444 0.027083 0.048148
0 0.364583 0.716667 0.027083 0.048148
0 0.555729 0.575926 0.027083 0.048148
0 0.640104 0.813889 0.027083 0.048148
0 0.318229 0.287963 0.027083 0.048148
0 0.349479 0.267593 0.027083 0.048148
0 0.376042 0.677778 0.027083 0.048148
0 0.226042 0.604630 0.027083 0.048148
0 0.493750 0.225000 0.027083 0.048148
0 0.204687 0.403704 0.027083 0.048148
0 0.471875 0.849074 0.027083 0.048148
0 0.471875 0.893519 0.027083 0.048148
0 0.244271 0.772222 0.027083 0.048148
0 0.252604 0.850000 0.027083 0.048148
0 0.234896 0.686111 0.027083 0.048148
0 0.763542 0.525000 0.027083 0.048148
0 0.497917 0.059259 0.027083 0.048148
0 0.787500 0.634259 0.027083 0.048148
0 0.329688 0.115741 0.027083 0.048148
0 0.216146 0.512037 0.027083 0.048148
0 0.518750 0.212963 0.027083 0.048148
0 0.617188 0.840741 0.027083 0.048148
0 0.520833 0.037963 0.027083 0.048148
0 0.631771 0.173148 0.027083 0.048148
