0 0.242708 0.212963 0.027083 0.048148
0 0.243229 0.304630 0.027083 0.048148
0 0.244271 0.396296 0.027083 0.048148
0 0.247917 0.762963 0.027083 0.048148
0 0.244792 0.492593 0.027083 0.048148
0 0.245312 0.580556 0.027083 0.048148
0 0.245833 0.673148 0.027083 0.048148
0 0.660417 0.746296 0.027083 0.048148
0 0.726562 0.243519 0.027083 0.048148
0 0.390104 0.406481 0.027083 0.048148
0 0.701562 0.555556 0.027083 0.048148
0 0.369271 0.441667 0.027083 0.048148
0 0.706250 0.342593 0.027083 0.048148
0 0.245833 0.807407 0.027083 0.048148
0 0.728125 0.295370 0.027083 0.048148
0 0.525521 0.201852 0.027083 0.048148
0 0.388542 0.127778 0.027083 0.048148
0 0.672396 0.390741 0.027083 0.048148
0 0.304167 0.506481 0.027083 0.048148
0 0.693750 0.590741 0.027083 0.048148
0 0.730208 0.412037 0.027083 0.048148
0 0.704688 0.285185 0.027083 0.048148
0 0.634896 0.250000 0.027083 0.048148
0 0.732812 0.748148 0.027083 0.048148
0 0.735938 0.151852 0.027083 0.048148
0 0.461458 0.808333 0.027083 0.048148
0 0.506250 0.808333 0.027083 0.048148
0 0.694271 0.414815 0.027083 0.048148
0 0.204167 0.475000 0.027083 0.048148
0 0.378125 0.331481 0.027083 0.048148
0 0.730208 0.459259 0.027083 0.048148
0 0.704688 0.246296 0.027083 0.048148
0 0.227083 0.781481 0.027083 0.048148
0 0.602083 0.525000 0.027083 0.048148
0 0.675000 0.193519 0.027083 0.048148
0 0.291667 0.639815 0.027083 0.048148
0 0.767188 0.454630 0.027083 0.048148
0 0.430729 0.141667 0.027083 0.048148
0 0.348958 0.786111 0.027083 0.048148
0 0.473958 0.848148 0.027083 0.048148
0 0.375000 0.785185 0.027083 0.048148
0 0.180729 0.497222 0.027083 0.048148
0 0.317188 0.468519 0.027083 0.048148
0 0.715104 0.387963 0.027083 0.048148
0 0.273958 0.204630 0.027083 0.048148
0 0.741146 0.790741 0.027083 0.048148
0 0.667188 0.418519 0.027083 0.048148
0 0.219792 0.195370 0.027083 0.048148
0 0.732812 0.554630 0.027083 0.048148
