0 0.570312 0.689815 0.027083 0.048148
0 0.470833 0.157407 0.027083 0.048148
0 0.722396 0.190741 0.027083 0.048148
0 0.495833 0.166667 0.027083 0.048148
0 0.279687 0.154630 0.027083 0.048148
0 0.708854 0.208333 0.027083 0.048148
0 0.219792 0.731481 0.027083 0.048148
0 0.409375 0.536111 0.027083 0.048148
0 0.321875 0.609259 0.027083 0.048148
0 0.761458 0.162037 0.027083 0.048148
0 0.330729 0.257407 0.027083 0.048148
0 0.686458 0.179630 0.027083 0.048148
0 0.269792 0.458333 0.027083 0.048148
0 0.346875 0.223148 0.027083 0.048148
0 0.629687 0.308333 0.027083 0.048148
0 0.532292 0.748148 0.027083 0.048148
0 0.251042 0.170370 0.027083 0.048148
0 0.463542 0.392593 0.027083 0.048148
0 0.627083 0.369444 0.027083 0.048148
0 0.571354 0.342593 0.027083 0.048148
0 0.361979 0.677778 0.027083 0.048148
0 0.741146 0.160185 0.027083 0.048148
0 0.347917 0.282407 0.027083 0.048148
0 0.765625 0.761111 0.027083 0.048148
0 0.529687 0.344444 0.027083 0.048148
0 0.580729 0.164815 0.027083 0.048148
0 0.705208 0.790741 0.027083 0.048148
0 0.704688 0.156481 0.027083 0.048148
0 0.620833 0.422222 0.027083 0.048148
0 0.617708 0.327778 0.027083 0.048148
0 0.285938 0.787963 0.027083 0.048148
0 0.742708 0.385185 0.027083 0.048148
0 0.709896 0.300926 0.027083 0.048148
0 0.234375 0.714815 0.027083 0.048148
0 0.310937 0.462037 0.027083 0.048148
0 0.260937 0.409259 0.027083 0.048148
0 0.280208 0.596296 0.027083 0.048148
0 0.254688 0.368519 0.027083 0.048148
0 0.521354 0.628704 0.027083 0.048148
0 0.751042 0.650926 0.027083 0.048148
0 0.433854 0.537963 0.027083 0.048148
0 0.501042 0.786111 0.027083 0.048148
0 0.400000 0.453704 0.027083 0.048148
0 0.300521 0.128704 0.027083 0.048148
0 0.217708 0.788889 0.027083 0.048148
0 0.430208 0.259259 0.027083 0.048148
0 0.282813 0.520370 0.027083 0.048148
0 0.675000 0.469444 0.027083 0.048148
0 0.547917 0.707407 0.027083 0.048148
