0 0.735938 0.645370 0.027083 0.048148
0 0.734896 0.712037 0.027083 0.048148
0 0.544271 0.923148 0.027083 0.048148
0 0.597917 0.950926 0.027083 0.048148
0 0.697917 0.591667 0.027083 0.048148
0 0.290625 0.295370 0.027083 0.048148
0 0.243229 0.823148 0.027083 0.048148
0 0.271354 0.165741 0.027083 0.048148
0 0.754167 0.454630 0.027083 0.048148
0 0.626042 0.967593 0.027083 0.048148
0 0.817708 0.300926 0.027083 0.048148
0 0.570833 0.238889 0.027083 0.048148
0 0.263021 0.864815 0.027083 0.048148
0 0.395833 0.603704 0.027083 0.048148
0 0.263021 0.612963 0.027083 0.048148
0 0.220833 0.787963 0.027083 0.048148
0 0.216667 0.852778 0.027083 0.048148
0 0.297396 0.539815 0.027083 0.048148
0 0.715625 0.619444 0.027083 0.048148
0 0.364063 0.248148 0.027083 0.048148
0 0.271875 0.512037 0.027083 0.048148
0 0.280208 0.411111 0.027083 0.048148
0 0.255208 0.714815 0.027083 0.048148
0 0.230208 0.679630 0.027083 0.048148
0 0.849479 0.462037 0.027083 0.048148
0 0.808333 0.477778 0.027083 0.048148
0 0.297917 0.187963 0.027083 0.048148
0 0.797917 0.530556 0.027083 0.048148
0 0.245833 0.483333 0.027083 0.048148
0 0.294271 0.474074 0.027083 0.048148
0 0.263542 0.265741 0.027083 0.048148
0 0.468229 0.510185 0.027083 0.048148
0 0.238542 0.577778 0.027083 0.048148
0 0.774479 0.648148 0.027083 0.048148
0 0.581771 0.915741 0.027083 0.048148
0 0.713542 0.275926 0.027083 0.048148
0 0.610417 0.250926 0.027083 0.048148
0 0.296875 0.248148 0.027083 0.048148
0 0.736979 0.280556 0.027083 0.048148
0 0.254167 0.381481 0.027083 0.048148
0 0.346354 0.180556 0.027083 0.048148
0 0.280208 0.683333 0.027083 0.048148
0 0.815104 0.349074 0.027083 0.048148
0 0.866146 0.313889 0.027083 0.048148
0 0.643229 0.256481 0.027083 0.048148
0 0.284896 0.650926 0.027083 0.048148
0 0.780208 0.617593 0.027083 0.048148
0 0.679688 0.539815 0.027083 0.048148
0 0.854688 0.359259 0.027083 0.048148
