0 0.608333 0.461111 0.027083 0.048148
0 0.531250 0.312037 0.027083 0.048148
0 0.317708 0.536111 0.027083 0.048148
0 0.252083 0.809259 0.027083 0.048148
0 0.130208 0.314815 0.027083 0.048148
0 0.848958 0.437963 0.027083 0.048148
0 0.151042 0.812037 0.027083 0.048148
0 0.886458 0.687963 0.027083 0.048148
0 0.263542 0.850000 0.027083 0.048148
0 0.546354 0.347222 0.027083 0.048148
0 0.327604 0.559259 0.027083 0.048148
0 0.284896 0.433333 0.027083 0.048148
0 0.641667 0.844444 0.027083 0.048148
0 0.358333 0.793519 0.027083 0.048148
0 0.458333 0.929630 0.027083 0.048148
0 0.269271 0.311111 0.027083 0.048148
0 0.628646 0.362037 0.027083 0.048148
0 0.592708 0.244444 0.027083 0.048148
0 0.512500 0.401852 0.027083 0.048148
0 0.639062 0.232407 0.027083 0.048148
0 0.611458 0.398148 0.027083 0.048148
0 0.599479 0.886111 0.027083 0.048148
0 0.504687 0.320370 0.027083 0.048148
0 0.345313 0.420370 0.027083 0.048148
0 0.361979 0.826852 0.027083 0.048148
0 0.293229 0.459259 0.027083 0.048148
0 0.414583 0.915741 0.027083 0.048148
0 0.597917 0.097222 0.027083 0.048148
0 0.503646 0.753704 0.027083 0.048148
0 0.800000 0.408333 0.027083 0.048148
0 0.698438 0.280556 0.027083 0.048148
0 0.347917 0.705556 0.027083 0.048148
0 0.547917 0.867593 0.027083 0.048148
0 0.409896 0.460185 0.027083 0.048148
0 0.744271 0.388889 0.027083 0.048148
0 0.332813 0.492593 0.027083 0.048148
0 0.593229 0.174074 0.027083 0.048148
0 0.623437 0.876852 0.027083 0.048148
0 0.342708 0.517593 0.027083 0.048148
0 0.623437 0.431481 0.027083 0.048148
0 0.491667 0.283333 0.027083 0.048148
0 0.095833 0.313889 0.027083 0.048148
0 0.439583 0.936111 0.027083 0.048148
0 0.650000 0.569444 0.027083 0.048148
0 0.354167 0.478704 0.027083 0.048148
0 0.275521 0.830556 0.027083 0.048148
0 0.392188 0.672222 0.027083 0.048148
0 0.356771 0.274074 0.027083 0.048148
0 0.398958 0.491667 0.027083 0.048148
