0 0.515625 0.898148 0.027083 0.048148
0 0.627083 0.339815 0.027083 0.048148
0 0.469792 0.582407 0.027083 0.048148
0 0.447396 0.911111 0.027083 0.048148
0 0.536458 0.928704 0.027083 0.048148
0 0.605208 0.411111 0.027083 0.048148
0 0.655729 0.462037 0.027083 0.048148
0 0.728125 0.721296 0.027083 0.048148
0 0.462500 0.545370 0.027083 0.048148
0 0.638542 0.307407 0.027083 0.048148
0 0.366146 0.209259 0.027083 0.048148
0 0.642188 0.581481 0.027083 0.048148
0 0.350521 0.349074 0.027083 0.048148
0 0.401042 0.151852 0.027083 0.048148
0 0.631771 0.395370 0.027083 0.048148
0 0.256250 0.280556 0.027083 0.048148
0 0.353125 0.923148 0.027083 0.048148
0 0.264583 0.871296 0.027083 0.048148
0 0.498437 0.863889 0.027083 0.048148
0 0.591146 0.773148 0.027083 0.048148
0 0.608854 0.304630 0.027083 0.048148
0 0.240625 0.672222 0.027083 0.048148
0 0.608333 0.455556 0.027083 0.048148
0 0.246354 0.382407 0.027083 0.048148
0 0.236979 0.489815 0.027083 0.048148
0 0.533854 0.185185 0.027083 0.048148
0 0.263021 0.180556 0.027083 0.048148
0 0.482292 0.562037 0.027083 0.048148
0 0.434896 0.879630 0.027083 0.048148
0 0.398958 0.866667 0.027083 0.048148
0 0.602604 0.839815 0.027083 0.048148
0 0.495312 0.956481 0.027083 0.048148
0 0.309375 0.270370 0.027083 0.048148
0 0.577604 0.324074 0.027083 0.048148
0 0.221875 0.692593 0.027083 0.048148
0 0.216667 0.800926 0.027083 0.048148
0 0.494792 0.172222 0.027083 0.048148
0 0.744271 0.687037 0.027083 0.048148
0 0.478125 0.133333 0.027083 0.048148
0 0.664062 0.310185 0.027083 0.048148
0 0.318229 0.744444 0.027083 0.048148
0 0.289062 0.407407 0.027083 0.048148
0 0.703125 0.289815 0.027083 0.048148
0 0.787500 0.618519 0.027083 0.048148
0 0.229687 0.591667 0.027083 0.048148
0 0.172917 0.472222 0.027083 0.048148
0 0.322917 0.298148 0.027083 0.048148
0 0.518750 0.963889 0.027083 0.048148
0 0.436458 0.436111 0.027083 0.048148
