0 0.434896 0.837963 0.027083 0.048148
0 0.273958 0.865741 0.027083 0.048148
0 0.332813 0.538889 0.027083 0.048148
0 0.471354 0.866667 0.027083 0.048148
0 0.368229 0.825000 0.027083 0.048148
0 0.335417 0.321296 0.027083 0.048148
0 0.482812 0.825000 0.027083 0.048148
0 0.306250 0.743519 0.027083 0.048148
0 0.531771 0.807407 0.027083 0.048148
0 0.676562 0.767593 0.027083 0.048148
0 0.573958 0.456481 0.027083 0.048148
0 0.498958 0.480556 0.027083 0.048148
0 0.365104 0.775000 0.027083 0.048148
0 0.374479 0.646296 0.027083 0.048148
0 0.468750 0.622222 0.027083 0.048148
0 0.608333 0.825926 0.027083 0.048148
0 0.582292 0.793519 0.027083 0.048148
0 0.471875 0.199074 0.027083 0.048148
0 0.386458 0.854630 0.027083 0.048148
0 0.390104 0.133333 0.027083 0.048148
0 0.308333 0.428704 0.027083 0.048148
0 0.631250 0.818519 0.027083 0.048148
0 0.453125 0.872222 0.027083 0.048148
0 0.280729 0.662037 0.027083 0.048148
0 0.288021 0.396296 0.027083 0.048148
0 0.318750 0.465741 0.027083 0.048148
0 0.527083 0.096296 0.027083 0.048148
0 0.227604 0.596296 0.027083 0.048148
0 0.351562 0.665741 0.027083 0.048148
0 0.376042 0.381481 0.027083 0.048148
0 0.579688 0.598148 0.027083 0.048148
0 0.298958 0.687963 0.027083 0.048148
0 0.603125 0.575926 0.027083 0.048148
0 0.658854 0.571296 0.027083 0.048148
0 0.460938 0.492593 0.027083 0.048148
0 0.477604 0.682407 0.027083 0.048148
0 0.313021 0.823148 0.027083 0.048148
0 0.532813 0.750926 0.027083 0.048148
0 0.260937 0.480556 0.027083 0.048148
0 0.293750 0.834259 0.027083 0.048148
0 0.558333 0.806481 0.027083 0.048148
0 0.250521 0.370370 0.027083 0.048148
0 0.243750 0.270370 0.027083 0.048148
0 0.538542 0.229630 0.027083 0.048148
0 0.219271 0.555556 0.027083 0.048148
0 0.642708 0.205556 0.027083 0.048148
0 0.297917 0.769444 0.027083 0.048148
0 0.270833 0.587037 0.027083 0.048148
0 0.452083 0.116667 0.027083 0.048148
