0 0.571354 0.802778 0.027083 0.048148
0 0.491667 0.514815 0.027083 0.048148
0 0.595313 0.825926 0.027083 0.048148
0 0.506771 0.840741 0.027083 0.048148
0 0.615625 0.225000 0.027083 0.048148
0 0.151042 0.312037 0.027083 0.048148
0 0.479167 0.483333 0.027083 0.048148
0 0.656771 0.332407 0.027083 0.048148
0 0.839063 0.312037 0.027083 0.048148
0 0.610938 0.340741 0.027083 0.048148
0 0.756250 0.555556 0.027083 0.048148
0 0.443229 0.384259 0.027083 0.048148
0 0.527604 0.307407 0.027083 0.048148
0 0.246875 0.200000 0.027083 0.048148
0 0.623437 0.187963 0.027083 0.048148
0 0.251042 0.300000 0.027083 0.048148
0 0.551042 0.775000 0.027083 0.048148
0 0.473438 0.783333 0.027083 0.048148
0 0.416146 0.885185 0.027083 0.048148
0 0.491667 0.812963 0.027083 0.048148
0 0.604167 0.297222 0.027083 0.048148
0 0.348958 0.189815 0.027083 0.048148
0 0.708854 0.699074 0.027083 0.048148
0 0.629167 0.655556 0.027083 0.048148
0 0.558333 0.867593 0.027083 0.048148
0 0.565625 0.225926 0.027083 0.048148
0 0.648438 0.185185 0.027083 0.048148
0 0.872396 0.312037 0.027083 0.048148
0 0.347917 0.330556 0.027083 0.048148
0 0.256250 0.509259 0.027083 0.048148
0 0.626042 0.275926 0.027083 0.048148
0 0.271354 0.816667 0.027083 0.048148
0 0.376042 0.123148 0.027083 0.048148
0 0.253125 0.402778 0.027083 0.048148
0 0.279687 0.683333 0.027083 0.048148
0 0.597396 0.191667 0.027083 0.048148
0 0.508333 0.107407 0.027083 0.048148
0 0.319271 0.867593 0.027083 0.048148
0 0.657813 0.453704 0.027083 0.048148
0 0.264583 0.716667 0.027083 0.048148
0 0.466667 0.748148 0.027083 0.048148
0 0.516667 0.232407 0.027083 0.048148
0 0.498958 0.188889 0.027083 0.048148
0 0.649479 0.716667 0.027083 0.048148
0 0.301563 0.269444 0.027083 0.048148
0 0.549479 0.828704 0.027083 0.048148
0 0.307292 0.522222 0.027083 0.048148
0 0.363021 0.724074 0.027083 0.048148
0 0.260937 0.611111 0.027083 0.048148
