0 0.275521 0.695370 0.027083 0.048148
0 0.256250 0.337037 0.027083 0.048148
0 0.278125 0.772222 0.027083 0.048148
0 0.264583 0.527778 0.027083 0.048148
0 0.258854 0.425926 0.027083 0.048148
0 0.269792 0.626852 0.027083 0.048148
0 0.281771 0.847222 0.027083 0.048148
0 0.316667 0.797222 0.027083 0.048148
0 0.741667 0.227778 0.027083 0.048148
0 0.400000 0.401852 0.027083 0.048148
0 0.416667 0.633333 0.027083 0.048148
0 0.698438 0.236111 0.027083 0.048148
0 0.501563 0.348148 0.027083 0.048148
0 0.736458 0.393519 0.027083 0.048148
0 0.502604 0.396296 0.027083 0.048148
0 0.454167 0.434259 0.027083 0.048148
0 0.581250 0.422222 0.027083 0.048148
0 0.581771 0.363889 0.027083 0.048148
0 0.517708 0.430556 0.027083 0.048148
0 0.541146 0.342593 0.027083 0.048148
0 0.327604 0.408333 0.027083 0.048148
0 0.345313 0.342593 0.027083 0.048148
0 0.295833 0.731481 0.027083 0.048148
0 0.522396 0.475000 0.027083 0.048148
0 0.580208 0.316667 0.027083 0.048148
0 0.303125 0.757407 0.027083 0.048148
0 0.303646 0.612963 0.027083 0.048148
0 0.293229 0.656481 0.027083 0.048148
0 0.261979 0.878704 0.027083 0.048148
0 0.418750 0.423148 0.027083 0.048148
0 0.665104 0.411111 0.027083 0.048148
0 0.506250 0.476852 0.027083 0.048148
0 0.279687 0.487037 0.027083 0.048148
0 0.328125 0.350926 0.027083 0.048148
0 0.296875 0.806481 0.027083 0.048148
0 0.270833 0.380556 0.027083 0.048148
0 0.692187 0.554630 0.027083 0.048148
0 0.401562 0.210185 0.027083 0.048148
0 0.585938 0.726852 0.027083 0.048148
0 0.251563 0.664815 0.027083 0.048148
0 0.558333 0.466667 0.027083 0.048148
0 0.259375 0.812963 0.027083 0.048148
0 0.349479 0.443519 0.027083 0.048148
0 0.363021 0.681481 0.027083 0.048148
0 0.232292 0.304630 0.027083 0.048148
0 0.305208 0.304630 0.027083 0.048148
0 0.484896 0.478704 0.027083 0.048148
0 0.346875 0.386111 0.027083 0.048148
0 0.515104 0.876852 0.027083 0.048148
