0 0.217708 0.699074 0.027083 0.048148
0 0.228646 0.066667 0.027083 0.048148
0 0.687500 0.718519 0.027083 0.048148
0 0.747396 0.511111 0.027083 0.048148
0 0.355729 0.828704 0.027083 0.048148
0 0.784896 0.153704 0.027083 0.048148
0 0.226042 0.174074 0.027083 0.048148
0 0.649479 0.612963 0.027083 0.048148
0 0.223958 0.278704 0.027083 0.048148
0 0.218750 0.597222 0.027083 0.048148
0 0.369271 0.354630 0.027083 0.048148
0 0.642188 0.836111 0.027083 0.048148
0 0.220312 0.490741 0.027083 0.048148
0 0.725521 0.083333 0.027083 0.048148
0 0.425521 0.633333 0.027083 0.048148
0 0.221875 0.389815 0.027083 0.048148
0 0.738021 0.544444 0.027083 0.048148
0 0.783333 0.346296 0.027083 0.048148
0 0.784896 0.206481 0.027083 0.048148
0 0.759375 0.264815 0.027083 0.048148
0 0.783854 0.252778 0.027083 0.048148
0 0.550521 0.079630 0.027083 0.048148
0 0.794271 0.049074 0.027083 0.048148
0 0.295312 0.094444 0.027083 0.048148
0 0.780729 0.460185 0.027083 0.048148
0 0.108333 0.424074 0.027083 0.048148
0 0.290625 0.409259 0.027083 0.048148
0 0.883333 0.841667 0.027083 0.048148
0 0.171354 0.483333 0.027083 0.048148
0 0.765625 0.311111 0.027083 0.048148
0 0.742708 0.843519 0.027083 0.048148
0 0.259375 0.707407 0.027083 0.048148
0 0.117708 0.156481 0.027083 0.048148
0 0.156771 0.510185 0.027083 0.048148
0 0.447917 0.719444 0.027083 0.048148
0 0.277604 0.069444 0.027083 0.048148
0 0.098958 0.754630 0.027083 0.048148
0 0.522917 0.075926 0.027083 0.048148
0 0.173437 0.100000 0.027083 0.048148
0 0.713021 0.315741 0.027083 0.048148
0 0.633854 0.582407 0.027083 0.048148
0 0.920833 0.106481 0.027083 0.048148
0 0.920833 0.810185 0.027083 0.048148
0 0.146354 0.533333 0.027083 0.048148
0 0.870833 0.861111 0.027083 0.048148
0 0.335417 0.736111 0.027083 0.048148
0 0.130729 0.137037 0.027083 0.048148
0 0.755729 0.862963 0.027083 0.048148
0 0.150521 0.718519 0.027083 0.048148
