0 0.571875 0.510185 0.027083 0.048148
0 0.522396 0.331481 0.027083 0.048148
0 0.183333 0.659259 0.027083 0.048148
0 0.290625 0.610185 0.027083 0.048148
0 0.334375 0.340741 0.027083 0.048148
0 0.358333 0.874074 0.027083 0.048148
0 0.325521 0.250926 0.027083 0.048148
0 0.286979 0.430556 0.027083 0.048148
0 0.279167 0.201852 0.027083 0.048148
0 0.531250 0.373148 0.027083 0.048148
0 0.679167 0.506481 0.027083 0.048148
0 0.284375 0.729630 0.027083 0.048148
0 0.319271 0.841667 0.027083 0.048148
0 0.189062 0.703704 0.027083 0.048148
0 0.444792 0.769444 0.027083 0.048148
0 0.544271 0.883333 0.027083 0.048148
0 0.588021 0.352778 0.027083 0.048148
0 0.486979 0.779630 0.027083 0.048148
0 0.428125 0.732407 0.027083 0.048148
0 0.592708 0.300000 0.027083 0.048148
0 0.590104 0.489815 0.027083 0.048148
0 0.606250 0.426852 0.027083 0.048148
0 0.497917 0.901852 0.027083 0.048148
0 0.357292 0.348148 0.027083 0.048148
0 0.635417 0.312037 0.027083 0.048148
0 0.340625 0.870370 0.027083 0.048148
0 0.646354 0.241667 0.027083 0.048148
0 0.520833 0.906481 0.027083 0.048148
0 0.364583 0.212963 0.027083 0.048148
0 0.313021 0.634259 0.027083 0.048148
0 0.759375 0.553704 0.027083 0.048148
0 0.452083 0.860185 0.027083 0.048148
0 0.286979 0.693519 0.027083 0.048148
0 0.407292 0.500000 0.027083 0.048148
0 0.482292 0.214815 0.027083 0.048148
0 0.458854 0.722222 0.027083 0.048148
0 0.159375 0.436111 0.027083 0.048148
0 0.203646 0.690741 0.027083 0.048148
0 0.340104 0.212037 0.027083 0.048148
0 0.204167 0.630556 0.027083 0.048148
0 0.618750 0.162963 0.027083 0.048148
0 0.602604 0.233333 0.027083 0.048148
0 0.478646 0.492593 0.027083 0.048148
0 0.436979 0.260185 0.027083 0.048148
0 0.594271 0.632407 0.027083 0.048148
0 0.143229 0.425000 0.027083 0.048148
0 0.272917 0.322222 0.027083 0.048148
0 0.481250 0.864815 0.027083 0.048148
0 0.536979 0.942593 0.027083 0.048148
