0 0.417187 0.255556 0.027083 0.048148
0 0.264062 0.642593 0.027083 0.048148
0 0.397396 0.512963 0.027083 0.048148
0 0.770312 0.220370 0.027083 0.048148
0 0.434896 0.284259 0.027083 0.048148
0 0.751042 0.412963 0.027083 0.048148
0 0.309896 0.840741 0.027083 0.048148
0 0.450000 0.247222 0.027083 0.048148
0 0.543229 0.341667 0.027083 0.048148
0 0.241146 0.708333 0.027083 0.048148
0 0.527604 0.289815 0.027083 0.048148
0 0.277604 0.481481 0.027083 0.048148
0 0.466146 0.579630 0.027083 0.048148
0 0.347396 0.591667 0.027083 0.048148
0 0.470833 0.312037 0.027083 0.048148
0 0.280729 0.437037 0.027083 0.048148
0 0.332292 0.265741 0.027083 0.048148
0 0.630208 0.248148 0.027083 0.048148
0 0.607292 0.273148 0.027083 0.048148
0 0.541146 0.395370 0.027083 0.048148
0 0.176042 0.559259 0.027083 0.048148
0 0.361979 0.624074 0.027083 0.048148
0 0.514062 0.846296 0.027083 0.048148
0 0.270313 0.108333 0.027083 0.048148
0 0.487500 0.256481 0.027083 0.048148
0 0.173958 0.165741 0.027083 0.048148
0 0.538021 0.249074 0.027083 0.048148
0 0.259896 0.208333 0.027083 0.048148
0 0.339062 0.226852 0.027083 0.048148
0 0.234375 0.511111 0.027083 0.048148
0 0.355208 0.269444 0.027083 0.048148
0 0.367188 0.159259 0.027083 0.048148
0 0.520833 0.387963 0.027083 0.048148
0 0.582812 0.262963 0.027083 0.048148
0 0.257292 0.475926 0.027083 0.048148
0 0.771875 0.429630 0.027083 0.048148
0 0.269271 0.590741 0.027083 0.048148
0 0.355729 0.345370 0.027083 0.048148
0 0.373958 0.505556 0.027083 0.048148
0 0.624479 0.300000 0.027083 0.048148
0 0.141667 0.201852 0.027083 0.048148
0 0.254688 0.577778 0.027083 0.048148
0 0.563542 0.037963 0.027083 0.048148
0 0.249479 0.323148 0.027083 0.048148
0 0.348958 0.503704 0.027083 0.048148
0 0.647917 0.315741 0.027083 0.048148
0 0.233333 0.044444 0.027083 0.048148
0 0.382812 0.779630 0.027083 0.048148
0 0.392708 0.621296 0.027083 0.048148
