0 0.742188 0.573148 0.027083 0.048148
0 0.746354 0.637037 0.027083 0.048148
0 0.782292 0.218519 0.027083 0.048148
0 0.290104 0.911111 0.027083 0.048148
0 0.834375 0.354630 0.027083 0.048148
0 0.278646 0.390741 0.027083 0.048148
0 0.345833 0.316667 0.027083 0.048148
0 0.285417 0.703704 0.027083 0.048148
0 0.283854 0.603704 0.027083 0.048148
0 0.289062 0.803704 0.027083 0.048148
0 0.795312 0.741667 0.027083 0.048148
0 0.280729 0.504630 0.027083 0.048148
0 0.273958 0.285185 0.027083 0.048148
0 0.539062 0.241667 0.027083 0.048148
0 0.376563 0.456481 0.027083 0.048148
0 0.699479 0.540741 0.027083 0.048148
0 0.670833 0.919444 0.027083 0.048148
0 0.319271 0.262037 0.027083 0.048148
0 0.266146 0.948148 0.027083 0.048148
0 0.312500 0.944444 0.027083 0.048148
0 0.466146 0.415741 0.027083 0.048148
0 0.830729 0.213889 0.027083 0.048148
0 0.364063 0.300926 0.027083 0.048148
0 0.778646 0.564815 0.027083 0.048148
0 0.681250 0.228704 0.027083 0.048148
0 0.691146 0.889815 0.027083 0.048148
0 0.588542 0.903704 0.027083 0.048148
0 0.723437 0.249074 0.027083 0.048148
0 0.488021 0.204630 0.027083 0.048148
0 0.297917 0.548148 0.027083 0.048148
0 0.310937 0.766667 0.027083 0.048148
0 0.310937 0.840741 0.027083 0.048148
0 0.579167 0.238889 0.027083 0.048148
0 0.836979 0.874074 0.027083 0.048148
0 0.310937 0.630556 0.027083 0.048148
0 0.739062 0.386111 0.027083 0.048148
0 0.814583 0.818519 0.027083 0.048148
0 0.656250 0.230556 0.027083 0.048148
0 0.311458 0.872222 0.027083 0.048148
0 0.800000 0.896296 0.027083 0.048148
0 0.633333 0.957407 0.027083 0.048148
0 0.822917 0.262037 0.027083 0.048148
0 0.471875 0.248148 0.027083 0.048148
0 0.659896 0.585185 0.027083 0.048148
0 0.263021 0.832407 0.027083 0.048148
0 0.595833 0.236111 0.027083 0.048148
0 0.259896 0.733333 0.027083 0.048148
0 0.568750 0.412037 0.027083 0.048148
0 0.283854 0.455556 0.027083 0.048148
