0 0.323958 0.790741 0.027083 0.048148
0 0.218229 0.625926 0.027083 0.048148
0 0.472396 0.834259 0.027083 0.048148
0 0.373437 0.805556 0.027083 0.048148
0 0.165625 0.725926 0.027083 0.048148
0 0.275000 0.780556 0.027083 0.048148
0 0.355208 0.838889 0.027083 0.048148
0 0.570312 0.860185 0.027083 0.048148
0 0.321875 0.237963 0.027083 0.048148
0 0.407813 0.088889 0.027083 0.048148
0 0.498958 0.318519 0.027083 0.048148
0 0.554688 0.271296 0.027083 0.048148
0 0.545833 0.131481 0.027083 0.048148
0 0.415625 0.562963 0.027083 0.048148
0 0.493750 0.875926 0.027083 0.048148
0 0.423958 0.815741 0.027083 0.048148
0 0.645833 0.420370 0.027083 0.048148
0 0.494271 0.375000 0.027083 0.048148
0 0.301563 0.570370 0.027083 0.048148
0 0.471354 0.107407 0.027083 0.048148
0 0.389583 0.083333 0.027083 0.048148
0 0.198437 0.609259 0.027083 0.048148
0 0.208854 0.530556 0.027083 0.048148
0 0.639583 0.304630 0.027083 0.048148
0 0.168229 0.400000 0.027083 0.048148
0 0.491667 0.078704 0.027083 0.048148
0 0.507292 0.117593 0.027083 0.048148
0 0.415104 0.230556 0.027083 0.048148
0 0.260417 0.747222 0.027083 0.048148
0 0.149479 0.388889 0.027083 0.048148
0 0.220312 0.582407 0.027083 0.048148
0 0.336458 0.833333 0.027083 0.048148
0 0.517188 0.883333 0.027083 0.048148
0 0.388542 0.316667 0.027083 0.048148
0 0.212500 0.703704 0.027083 0.048148
0 0.703646 0.238889 0.027083 0.048148
0 0.784896 0.573148 0.027083 0.048148
0 0.371875 0.302778 0.027083 0.048148
0 0.243750 0.133333 0.027083 0.048148
0 0.630729 0.535185 0.027083 0.048148
0 0.594792 0.250926 0.027083 0.048148
0 0.553646 0.670370 0.027083 0.048148
0 0.222396 0.344444 0.027083 0.048148
0 0.207813 0.648148 0.027083 0.048148
0 0.213021 0.452778 0.027083 0.048148
0 0.773958 0.235185 0.027083 0.048148
0 0.477083 0.200926 0.027083 0.048148
0 0.402604 0.249074 0.027083 0.048148
0 0.178125 0.578704 0.027083 0.048148
