0 0.252604 0.702778 0.027083 0.048148
0 0.261458 0.075000 0.027083 0.048148
0 0.719792 0.716667 0.027083 0.048148
0 0.778125 0.509259 0.027083 0.048148
0 0.681250 0.612963 0.027083 0.048148
0 0.403125 0.357407 0.027083 0.048148
0 0.259375 0.181481 0.027083 0.048148
0 0.257292 0.285185 0.027083 0.048148
0 0.814063 0.155556 0.027083 0.048148
0 0.253125 0.601852 0.027083 0.048148
0 0.175000 0.559259 0.027083 0.048148
0 0.254688 0.495370 0.027083 0.048148
0 0.158854 0.552778 0.027083 0.048148
0 0.256250 0.396296 0.027083 0.048148
0 0.754687 0.086111 0.027083 0.048148
0 0.458333 0.640741 0.027083 0.048148
0 0.789062 0.265741 0.027083 0.048148
0 0.768750 0.543519 0.027083 0.048148
0 0.813542 0.346296 0.027083 0.048148
0 0.328125 0.101852 0.027083 0.048148
0 0.814583 0.207407 0.027083 0.048148
0 0.581250 0.084259 0.027083 0.048148
0 0.811458 0.459259 0.027083 0.048148
0 0.665625 0.582407 0.027083 0.048148
0 0.813542 0.253704 0.027083 0.048148
0 0.421875 0.716667 0.027083 0.048148
0 0.823438 0.050926 0.027083 0.048148
0 0.922917 0.046296 0.027083 0.048148
0 0.428646 0.304630 0.027083 0.048148
0 0.309375 0.076852 0.027083 0.048148
0 0.175521 0.776852 0.027083 0.048148
0 0.882812 0.842593 0.027083 0.048148
0 0.369271 0.737963 0.027083 0.048148
0 0.481250 0.720370 0.027083 0.048148
0 0.359375 0.701852 0.027083 0.048148
0 0.795833 0.312037 0.027083 0.048148
0 0.118229 0.719444 0.027083 0.048148
0 0.198437 0.757407 0.027083 0.048148
0 0.293750 0.710185 0.027083 0.048148
0 0.789062 0.198148 0.027083 0.048148
0 0.553125 0.080556 0.027083 0.048148
0 0.743229 0.317593 0.027083 0.048148
0 0.870313 0.862037 0.027083 0.048148
0 0.929167 0.811111 0.027083 0.048148
0 0.130729 0.737963 0.027083 0.048148
0 0.186458 0.798148 0.027083 0.048148
0 0.665625 0.643519 0.027083 0.048148
0 0.395313 0.737037 0.027083 0.048148
0 0.323958 0.413889 0.027083 0.048148
