0 0.519271 0.341667 0.027083 0.048148
0 0.502083 0.754630 0.027083 0.048148
0 0.328125 0.514815 0.027083 0.048148
0 0.582812 0.483333 0.027083 0.048148
0 0.337500 0.538889 0.027083 0.048148
0 0.261979 0.751852 0.027083 0.048148
0 0.614583 0.581481 0.027083 0.048148
0 0.602083 0.817593 0.027083 0.048148
0 0.596354 0.464815 0.027083 0.048148
0 0.563542 0.849074 0.027083 0.048148
0 0.306250 0.430556 0.027083 0.048148
0 0.581250 0.845370 0.027083 0.048148
0 0.422917 0.876852 0.027083 0.048148
0 0.750000 0.457407 0.027083 0.048148
0 0.295312 0.322222 0.027083 0.048148
0 0.572396 0.300000 0.027083 0.048148
0 0.637500 0.188889 0.027083 0.048148
0 0.677083 0.225926 0.027083 0.048148
0 0.604688 0.401852 0.027083 0.048148
0 0.577604 0.233333 0.027083 0.048148
0 0.350521 0.666667 0.027083 0.048148
0 0.357292 0.755556 0.027083 0.048148
0 0.397396 0.860185 0.027083 0.048148
0 0.625521 0.727778 0.027083 0.048148
0 0.533333 0.378704 0.027083 0.048148
0 0.439063 0.873148 0.027083 0.048148
0 0.459896 0.555556 0.027083 0.048148
0 0.690625 0.711111 0.027083 0.048148
0 0.411458 0.512963 0.027083 0.048148
0 0.405729 0.911111 0.027083 0.048148
0 0.600521 0.875926 0.027083 0.048148
0 0.368750 0.300926 0.027083 0.048148
0 0.377083 0.742593 0.027083 0.048148
0 0.519792 0.419444 0.027083 0.048148
0 0.356771 0.418519 0.027083 0.048148
0 0.471354 0.256481 0.027083 0.048148
0 0.615104 0.431481 0.027083 0.048148
0 0.616146 0.326852 0.027083 0.048148
0 0.358854 0.511111 0.027083 0.048148
0 0.591667 0.316667 0.027083 0.048148
0 0.387500 0.647222 0.027083 0.048148
0 0.210417 0.525926 0.027083 0.048148
0 0.619271 0.375000 0.027083 0.048148
0 0.501042 0.499074 0.027083 0.048148
0 0.372917 0.679630 0.027083 0.048148
0 0.524479 0.727778 0.027083 0.048148
0 0.273438 0.787037 0.027083 0.048148
0 0.441146 0.591667 0.027083 0.048148
0 0.540625 0.446296 0.027083 0.048148
