0 0.347396 0.444444 0.027083 0.048148
0 0.353125 0.568519 0.027083 0.048148
0 0.351562 0.319444 0.027083 0.048148
0 0.203646 0.751852 0.027083 0.048148
0 0.214062 0.525926 0.027083 0.048148
0 0.228125 0.234259 0.027083 0.048148
0 0.218229 0.440741 0.027083 0.048148
0 0.222917 0.340741 0.027083 0.048148
0 0.210417 0.600926 0.027083 0.048148
0 0.388542 0.571296 0.027083 0.048148
0 0.654687 0.384259 0.027083 0.048148
0 0.346875 0.688889 0.027083 0.048148
0 0.315625 0.448148 0.027083 0.048148
0 0.206250 0.679630 0.027083 0.048148
0 0.542188 0.653704 0.027083 0.048148
0 0.302083 0.210185 0.027083 0.048148
0 0.719271 0.828704 0.027083 0.048148
0 0.572917 0.243519 0.027083 0.048148
0 0.341146 0.342593 0.027083 0.048148
0 0.408333 0.573148 0.027083 0.048148
0 0.388542 0.251852 0.027083 0.048148
0 0.309896 0.337963 0.027083 0.048148
0 0.433854 0.579630 0.027083 0.048148
0 0.259375 0.208333 0.027083 0.048148
0 0.235417 0.566667 0.027083 0.048148
0 0.364063 0.277778 0.027083 0.048148
0 0.289062 0.192593 0.027083 0.048148
0 0.491146 0.230556 0.027083 0.048148
0 0.369271 0.345370 0.027083 0.048148
0 0.548958 0.745370 0.027083 0.048148
0 0.373958 0.301852 0.027083 0.048148
0 0.269792 0.514815 0.027083 0.048148
0 0.230208 0.643519 0.027083 0.048148
0 0.331771 0.382407 0.027083 0.048148
0 0.432292 0.320370 0.027083 0.048148
0 0.228646 0.782407 0.027083 0.048148
0 0.230208 0.723148 0.027083 0.048148
0 0.455729 0.217593 0.027083 0.048148
0 0.337500 0.529630 0.027083 0.048148
0 0.235937 0.486111 0.027083 0.048148
0 0.696354 0.451852 0.027083 0.048148
0 0.360938 0.528704 0.027083 0.048148
0 0.415104 0.325000 0.027083 0.048148
0 0.427604 0.350926 0.027083 0.048148
0 0.640104 0.585185 0.027083 0.048148
0 0.634896 0.273148 0.027083 0.048148
0 0.745833 0.269444 0.027083 0.048148
0 0.442188 0.413889 0.027083 0.048148
0 0.309896 0.378704 0.027083 0.048148
