0 0.599479 0.741667 0.027083 0.048148
0 0.495833 0.278704 0.027083 0.048148
0 0.695312 0.275000 0.027083 0.048148
0 0.367708 0.720370 0.027083 0.048148
0 0.288542 0.516667 0.027083 0.048148
0 0.706771 0.254630 0.027083 0.048148
0 0.297396 0.552778 0.027083 0.048148
0 0.296875 0.314815 0.027083 0.048148
0 0.476042 0.278704 0.027083 0.048148
0 0.671875 0.251852 0.027083 0.048148
0 0.312500 0.607407 0.027083 0.048148
0 0.439583 0.637963 0.027083 0.048148
0 0.629687 0.440741 0.027083 0.048148
0 0.605729 0.251852 0.027083 0.048148
0 0.282292 0.487963 0.027083 0.048148
0 0.263542 0.327778 0.027083 0.048148
0 0.381250 0.653704 0.027083 0.048148
0 0.284896 0.850926 0.027083 0.048148
0 0.574479 0.259259 0.027083 0.048148
0 0.304167 0.579630 0.027083 0.048148
0 0.530208 0.267593 0.027083 0.048148
0 0.630729 0.381481 0.027083 0.048148
0 0.729167 0.804630 0.027083 0.048148
0 0.650521 0.417593 0.027083 0.048148
0 0.522396 0.623148 0.027083 0.048148
0 0.403125 0.647222 0.027083 0.048148
0 0.363021 0.563889 0.027083 0.048148
0 0.683854 0.232407 0.027083 0.048148
0 0.538021 0.437037 0.027083 0.048148
0 0.784896 0.791667 0.027083 0.048148
0 0.466146 0.635185 0.027083 0.048148
0 0.431771 0.218519 0.027083 0.048148
0 0.346354 0.888889 0.027083 0.048148
0 0.744792 0.220370 0.027083 0.048148
0 0.352604 0.396296 0.027083 0.048148
0 0.323437 0.645370 0.027083 0.048148
0 0.245833 0.331481 0.027083 0.048148
0 0.484896 0.632407 0.027083 0.048148
0 0.584896 0.410185 0.027083 0.048148
0 0.330729 0.725926 0.027083 0.048148
0 0.340625 0.854630 0.027083 0.048148
0 0.720313 0.226852 0.027083 0.048148
0 0.647917 0.268519 0.027083 0.048148
0 0.627604 0.175000 0.027083 0.048148
0 0.285938 0.903704 0.027083 0.048148
0 0.409375 0.776852 0.027083 0.048148
0 0.485938 0.955556 0.027083 0.048148
0 0.381771 0.538889 0.027083 0.048148
0 0.631771 0.270370 0.027083 0.048148
