0 0.569792 0.470370 0.027083 0.048148
0 0.496875 0.333333 0.027083 0.048148
0 0.303646 0.537963 0.027083 0.048148
0 0.496354 0.764815 0.027083 0.048148
0 0.245833 0.794444 0.027083 0.048148
0 0.314063 0.560185 0.027083 0.048148
0 0.277083 0.451852 0.027083 0.048148
0 0.434896 0.898148 0.027083 0.048148
0 0.588021 0.381481 0.027083 0.048148
0 0.603646 0.817593 0.027083 0.048148
0 0.743750 0.419444 0.027083 0.048148
0 0.564583 0.855556 0.027083 0.048148
0 0.344792 0.779630 0.027083 0.048148
0 0.611979 0.157407 0.027083 0.048148
0 0.261458 0.340741 0.027083 0.048148
0 0.582812 0.447222 0.027083 0.048148
0 0.583854 0.848148 0.027083 0.048148
0 0.479687 0.416667 0.027083 0.048148
0 0.553125 0.209259 0.027083 0.048148
0 0.418750 0.904630 0.027083 0.048148
0 0.607292 0.567593 0.027083 0.048148
0 0.393229 0.888889 0.027083 0.048148
0 0.338542 0.489815 0.027083 0.048148
0 0.336458 0.309259 0.027083 0.048148
0 0.550000 0.278704 0.027083 0.048148
0 0.614583 0.111111 0.027083 0.048148
0 0.444271 0.562037 0.027083 0.048148
0 0.284896 0.477778 0.027083 0.048148
0 0.512500 0.368519 0.027083 0.048148
0 0.325521 0.609259 0.027083 0.048148
0 0.347917 0.808333 0.027083 0.048148
0 0.624479 0.720370 0.027083 0.048148
0 0.519792 0.735185 0.027083 0.048148
0 0.600521 0.412037 0.027083 0.048148
0 0.365625 0.768519 0.027083 0.048148
0 0.577604 0.342593 0.027083 0.048148
0 0.182292 0.567593 0.027083 0.048148
0 0.604688 0.875926 0.027083 0.048148
0 0.401562 0.937963 0.027083 0.048148
0 0.258333 0.828704 0.027083 0.048148
0 0.333854 0.697222 0.027083 0.048148
0 0.320312 0.507407 0.027083 0.048148
0 0.174479 0.605556 0.027083 0.048148
0 0.480208 0.499074 0.027083 0.048148
0 0.261458 0.291667 0.027083 0.048148
0 0.690104 0.694444 0.027083 0.048148
0 0.594271 0.264815 0.027083 0.048148
0 0.443229 0.250000 0.027083 0.048148
0 0.391667 0.525926 0.027083 0.048148
