0 0.276562 0.252778 0.027083 0.048148
0 0.294271 0.429630 0.027083 0.048148
0 0.313021 0.608333 0.027083 0.048148
0 0.285938 0.341667 0.027083 0.048148
0 0.636458 0.300000 0.027083 0.048148
0 0.303125 0.524074 0.027083 0.048148
0 0.608333 0.687037 0.027083 0.048148
0 0.322917 0.699074 0.027083 0.048148
0 0.735938 0.143519 0.027083 0.048148
0 0.656771 0.375000 0.027083 0.048148
0 0.684896 0.115741 0.027083 0.048148
0 0.590625 0.253704 0.027083 0.048148
0 0.553125 0.267593 0.027083 0.048148
0 0.630208 0.256481 0.027083 0.048148
0 0.333854 0.785185 0.027083 0.048148
0 0.788021 0.632407 0.027083 0.048148
0 0.390625 0.708333 0.027083 0.048148
0 0.617708 0.222222 0.027083 0.048148
0 0.515625 0.464815 0.027083 0.048148
0 0.523958 0.355556 0.027083 0.048148
0 0.469792 0.368519 0.027083 0.048148
0 0.729167 0.099074 0.027083 0.048148
0 0.370312 0.675000 0.027083 0.048148
0 0.496875 0.501852 0.027083 0.048148
0 0.563021 0.625000 0.027083 0.048148
0 0.579167 0.684259 0.027083 0.048148
0 0.643229 0.192593 0.027083 0.048148
0 0.529167 0.242593 0.027083 0.048148
0 0.614583 0.324074 0.027083 0.048148
0 0.271354 0.300926 0.027083 0.048148
0 0.361458 0.775000 0.027083 0.048148
0 0.257292 0.217593 0.027083 0.048148
0 0.729688 0.473148 0.027083 0.048148
0 0.714063 0.598148 0.027083 0.048148
0 0.716667 0.150926 0.027083 0.048148
0 0.392188 0.137963 0.027083 0.048148
0 0.720833 0.653704 0.027083 0.048148
0 0.483854 0.347222 0.027083 0.048148
0 0.727604 0.244444 0.027083 0.048148
0 0.556250 0.158333 0.027083 0.048148
0 0.595833 0.637963 0.027083 0.048148
0 0.434375 0.484259 0.027083 0.048148
0 0.542708 0.761111 0.027083 0.048148
0 0.698438 0.294444 0.027083 0.048148
0 0.616146 0.271296 0.027083 0.048148
0 0.402604 0.526852 0.027083 0.048148
0 0.454167 0.675000 0.027083 0.048148
0 0.756250 0.437037 0.027083 0.048148
0 0.280729 0.389815 0.027083 0.048148
