0 0.343750 0.379630 0.027083 0.048148
0 0.344792 0.507407 0.027083 0.048148
0 0.354167 0.249074 0.027083 0.048148
0 0.308333 0.126852 0.027083 0.048148
0 0.332292 0.632407 0.027083 0.048148
0 0.380729 0.515741 0.027083 0.048148
0 0.666146 0.362037 0.027083 0.048148
0 0.370833 0.278704 0.027083 0.048148
0 0.311458 0.377778 0.027083 0.048148
0 0.342187 0.273148 0.027083 0.048148
0 0.180208 0.676852 0.027083 0.048148
0 0.202083 0.444444 0.027083 0.048148
0 0.230208 0.142593 0.027083 0.048148
0 0.713021 0.833333 0.027083 0.048148
0 0.295833 0.108333 0.027083 0.048148
0 0.469271 0.159259 0.027083 0.048148
0 0.503125 0.175000 0.027083 0.048148
0 0.403125 0.521296 0.027083 0.048148
0 0.428646 0.531481 0.027083 0.048148
0 0.437500 0.263889 0.027083 0.048148
0 0.210417 0.356481 0.027083 0.048148
0 0.194792 0.521296 0.027083 0.048148
0 0.219792 0.252778 0.027083 0.048148
0 0.588542 0.202778 0.027083 0.048148
0 0.205208 0.712037 0.027083 0.048148
0 0.668229 0.842593 0.027083 0.048148
0 0.395313 0.184259 0.027083 0.048148
0 0.310937 0.263889 0.027083 0.048148
0 0.536979 0.625000 0.027083 0.048148
0 0.221354 0.487963 0.027083 0.048148
0 0.354167 0.467593 0.027083 0.048148
0 0.541146 0.722222 0.027083 0.048148
0 0.263542 0.115741 0.027083 0.048148
0 0.506771 0.720370 0.027083 0.048148
0 0.186458 0.601852 0.027083 0.048148
0 0.295312 0.725000 0.027083 0.048148
0 0.243750 0.724074 0.027083 0.048148
0 0.471875 0.790741 0.027083 0.048148
0 0.264062 0.451852 0.027083 0.048148
0 0.650000 0.242593 0.027083 0.048148
0 0.330208 0.465741 0.027083 0.048148
0 0.401042 0.245370 0.027083 0.048148
0 0.325521 0.190741 0.027083 0.048148
0 0.711979 0.862037 0.027083 0.048148
0 0.235937 0.090741 0.027083 0.048148
0 0.318229 0.735185 0.027083 0.048148
0 0.329688 0.153704 0.027083 0.048148
0 0.369792 0.208333 0.027083 0.048148
0 0.211979 0.567593 0.027083 0.048148
