0 0.559375 0.872222 0.027083 0.048148
0 0.651042 0.424074 0.027083 0.048148
0 0.673438 0.361111 0.027083 0.048148
0 0.523958 0.575926 0.027083 0.048148
0 0.579167 0.902778 0.027083 0.048148
0 0.516146 0.538889 0.027083 0.048148
0 0.697917 0.833333 0.027083 0.048148
0 0.657292 0.325926 0.027083 0.048148
0 0.696875 0.477778 0.027083 0.048148
0 0.407292 0.886111 0.027083 0.048148
0 0.496875 0.878704 0.027083 0.048148
0 0.543229 0.839815 0.027083 0.048148
0 0.159375 0.697222 0.027083 0.048148
0 0.627083 0.340741 0.027083 0.048148
0 0.331771 0.281481 0.027083 0.048148
0 0.676042 0.412037 0.027083 0.048148
0 0.682292 0.585185 0.027083 0.048148
0 0.540104 0.926852 0.027083 0.048148
0 0.630729 0.762037 0.027083 0.048148
0 0.559896 0.933333 0.027083 0.048148
0 0.758854 0.721296 0.027083 0.048148
0 0.589583 0.399074 0.027083 0.048148
0 0.652604 0.468519 0.027083 0.048148
0 0.415625 0.354630 0.027083 0.048148
0 0.308333 0.649074 0.027083 0.048148
0 0.325000 0.832407 0.027083 0.048148
0 0.685937 0.331481 0.027083 0.048148
0 0.468750 0.171296 0.027083 0.048148
0 0.818750 0.631481 0.027083 0.048148
0 0.709896 0.438889 0.027083 0.048148
0 0.636458 0.410185 0.027083 0.048148
0 0.359896 0.401852 0.027083 0.048148
0 0.379167 0.274074 0.027083 0.048148
0 0.535417 0.555556 0.027083 0.048148
0 0.706250 0.339815 0.027083 0.048148
0 0.451042 0.835185 0.027083 0.048148
0 0.570833 0.284259 0.027083 0.048148
0 0.495312 0.440741 0.027083 0.048148
0 0.433333 0.225926 0.027083 0.048148
0 0.309375 0.475000 0.027083 0.048148
0 0.763021 0.931481 0.027083 0.048148
0 0.342187 0.761111 0.027083 0.048148
0 0.320312 0.375000 0.027083 0.048148
0 0.735938 0.690741 0.027083 0.048148
0 0.644271 0.504630 0.027083 0.048148
0 0.305208 0.737037 0.027083 0.048148
0 0.390625 0.881481 0.027083 0.048148
0 0.335417 0.387037 0.027083 0.048148
0 0.738542 0.554630 0.027083 0.048148
