0 0.441667 0.269444 0.027083 0.048148
0 0.281250 0.650926 0.027083 0.048148
0 0.797917 0.250000 0.027083 0.048148
0 0.458854 0.298148 0.027083 0.048148
0 0.417708 0.527778 0.027083 0.048148
0 0.475000 0.262963 0.027083 0.048148
0 0.257812 0.716667 0.027083 0.048148
0 0.566667 0.361111 0.027083 0.048148
0 0.552083 0.309259 0.027083 0.048148
0 0.775521 0.442593 0.027083 0.048148
0 0.355729 0.275926 0.027083 0.048148
0 0.494271 0.328704 0.027083 0.048148
0 0.629687 0.293519 0.027083 0.048148
0 0.287500 0.600000 0.027083 0.048148
0 0.563542 0.268519 0.027083 0.048148
0 0.512500 0.273148 0.027083 0.048148
0 0.530208 0.867593 0.027083 0.048148
0 0.378646 0.280556 0.027083 0.048148
0 0.255208 0.650000 0.027083 0.048148
0 0.486458 0.598148 0.027083 0.048148
0 0.363021 0.237037 0.027083 0.048148
0 0.277083 0.483333 0.027083 0.048148
0 0.297396 0.490741 0.027083 0.048148
0 0.656250 0.272222 0.027083 0.048148
0 0.296354 0.114815 0.027083 0.048148
0 0.607812 0.284259 0.027083 0.048148
0 0.254167 0.518519 0.027083 0.048148
0 0.283854 0.214815 0.027083 0.048148
0 0.268229 0.393519 0.027083 0.048148
0 0.268750 0.620370 0.027083 0.048148
0 0.394271 0.171296 0.027083 0.048148
0 0.563542 0.415741 0.027083 0.048148
0 0.690625 0.631481 0.027083 0.048148
0 0.280208 0.282407 0.027083 0.048148
0 0.755208 0.511111 0.027083 0.048148
0 0.543750 0.406481 0.027083 0.048148
0 0.207292 0.717593 0.027083 0.048148
0 0.633854 0.386111 0.027083 0.048148
0 0.777083 0.869444 0.027083 0.048148
0 0.335417 0.304630 0.027083 0.048148
0 0.302604 0.446296 0.027083 0.048148
0 0.292187 0.167593 0.027083 0.048148
0 0.369271 0.515741 0.027083 0.048148
0 0.707292 0.452778 0.027083 0.048148
0 0.856771 0.225000 0.027083 0.048148
0 0.747396 0.232407 0.027083 0.048148
0 0.378646 0.356481 0.027083 0.048148
0 0.470833 0.323148 0.027083 0.048148
0 0.679688 0.283333 0.027083 0.048148
