0 0.439063 0.725000 0.027083 0.048148
0 0.641146 0.956481 0.027083 0.048148
0 0.529687 0.313889 0.027083 0.048148
0 0.475000 0.936111 0.027083 0.048148
0 0.284896 0.467593 0.027083 0.048148
0 0.317708 0.429630 0.027083 0.048148
0 0.326042 0.470370 0.027083 0.048148
0 0.556250 0.709259 0.027083 0.048148
0 0.605208 0.921296 0.027083 0.048148
0 0.458854 0.938889 0.027083 0.048148
0 0.623958 0.918519 0.027083 0.048148
0 0.590625 0.961111 0.027083 0.048148
0 0.242708 0.359259 0.027083 0.048148
0 0.461458 0.199074 0.027083 0.048148
0 0.246875 0.470370 0.027083 0.048148
0 0.368750 0.475000 0.027083 0.048148
0 0.642188 0.887963 0.027083 0.048148
0 0.250000 0.564815 0.027083 0.048148
0 0.536979 0.412963 0.027083 0.048148
0 0.548438 0.194444 0.027083 0.048148
0 0.512500 0.783333 0.027083 0.048148
0 0.253125 0.661111 0.027083 0.048148
0 0.558333 0.278704 0.027083 0.048148
0 0.515625 0.194444 0.027083 0.048148
0 0.256250 0.755556 0.027083 0.048148
0 0.268229 0.532407 0.027083 0.048148
0 0.239583 0.259259 0.027083 0.048148
0 0.291146 0.658333 0.027083 0.048148
0 0.346354 0.825926 0.027083 0.048148
0 0.272396 0.690741 0.027083 0.048148
0 0.276562 0.256481 0.027083 0.048148
0 0.334375 0.303704 0.027083 0.048148
0 0.411458 0.300000 0.027083 0.048148
0 0.668750 0.550926 0.027083 0.048148
0 0.626563 0.215741 0.027083 0.048148
0 0.683854 0.654630 0.027083 0.048148
0 0.485417 0.323148 0.027083 0.048148
0 0.258854 0.859259 0.027083 0.048148
0 0.271354 0.627778 0.027083 0.048148
0 0.275000 0.724074 0.027083 0.048148
0 0.266146 0.500000 0.027083 0.048148
0 0.308854 0.284259 0.027083 0.048148
0 0.276042 0.787037 0.027083 0.048148
0 0.258854 0.288889 0.027083 0.048148
0 0.546354 0.967593 0.027083 0.048148
0 0.854688 0.476852 0.027083 0.048148
0 0.516146 0.435185 0.027083 0.048148
0 0.577604 0.388889 0.027083 0.048148
0 0.611458 0.959259 0.027083 0.048148
