0 0.532813 0.793519 0.027083 0.048148
0 0.587500 0.390741 0.027083 0.048148
0 0.296354 0.722222 0.027083 0.048148
0 0.638542 0.550000 0.027083 0.048148
0 0.659896 0.656481 0.027083 0.048148
0 0.653125 0.535185 0.027083 0.048148
0 0.390625 0.666667 0.027083 0.048148
0 0.407813 0.357407 0.027083 0.048148
0 0.383333 0.510185 0.027083 0.048148
0 0.419792 0.869444 0.027083 0.048148
0 0.666667 0.474074 0.027083 0.048148
0 0.805208 0.570370 0.027083 0.048148
0 0.734375 0.537963 0.027083 0.048148
0 0.585938 0.904630 0.027083 0.048148
0 0.754167 0.320370 0.027083 0.048148
0 0.443750 0.892593 0.027083 0.048148
0 0.368229 0.307407 0.027083 0.048148
0 0.643229 0.364815 0.027083 0.048148
0 0.603646 0.907407 0.027083 0.048148
0 0.598437 0.500926 0.027083 0.048148
0 0.646354 0.404630 0.027083 0.048148
0 0.316667 0.750926 0.027083 0.048148
0 0.627083 0.885185 0.027083 0.048148
0 0.441667 0.309259 0.027083 0.048148
0 0.693750 0.304630 0.027083 0.048148
0 0.655208 0.301852 0.027083 0.048148
0 0.597917 0.434259 0.027083 0.048148
0 0.389583 0.774074 0.027083 0.048148
0 0.459896 0.894444 0.027083 0.048148
0 0.418750 0.421296 0.027083 0.048148
0 0.716667 0.274074 0.027083 0.048148
0 0.555729 0.540741 0.027083 0.048148
0 0.517708 0.756481 0.027083 0.048148
0 0.660417 0.385185 0.027083 0.048148
0 0.508854 0.585185 0.027083 0.048148
0 0.390625 0.536111 0.027083 0.048148
0 0.425521 0.925000 0.027083 0.048148
0 0.620833 0.940741 0.027083 0.048148
0 0.413542 0.510185 0.027083 0.048148
0 0.391146 0.743519 0.027083 0.048148
0 0.367708 0.413889 0.027083 0.048148
0 0.630729 0.436111 0.027083 0.048148
0 0.488021 0.521296 0.027083 0.048148
0 0.567187 0.871296 0.027083 0.048148
0 0.510938 0.344444 0.027083 0.048148
0 0.547917 0.294444 0.027083 0.048148
0 0.684896 0.405556 0.027083 0.048148
0 0.657292 0.803704 0.027083 0.048148
0 0.374479 0.263889 0.027083 0.048148
