0 0.566667 0.774074 0.027083 0.048148
0 0.311458 0.357407 0.027083 0.048148
0 0.256250 0.257407 0.027083 0.048148
0 0.692708 0.273148 0.027083 0.048148
0 0.705208 0.254630 0.027083 0.048148
0 0.450000 0.243519 0.027083 0.048148
0 0.475521 0.251852 0.027083 0.048148
0 0.212500 0.848148 0.027083 0.048148
0 0.398958 0.633333 0.027083 0.048148
0 0.311979 0.715741 0.027083 0.048148
0 0.609896 0.498148 0.027083 0.048148
0 0.515104 0.426852 0.027083 0.048148
0 0.615104 0.444444 0.027083 0.048148
0 0.255208 0.565741 0.027083 0.048148
0 0.529687 0.837037 0.027083 0.048148
0 0.296875 0.567593 0.027083 0.048148
0 0.669271 0.246296 0.027083 0.048148
0 0.386458 0.550000 0.027083 0.048148
0 0.228125 0.276852 0.027083 0.048148
0 0.615625 0.381481 0.027083 0.048148
0 0.766667 0.828704 0.027083 0.048148
0 0.566146 0.404630 0.027083 0.048148
0 0.244271 0.514815 0.027083 0.048148
0 0.449479 0.482407 0.027083 0.048148
0 0.705729 0.863889 0.027083 0.048148
0 0.751563 0.720370 0.027083 0.048148
0 0.687500 0.221296 0.027083 0.048148
0 0.237500 0.476852 0.027083 0.048148
0 0.354687 0.785185 0.027083 0.048148
0 0.337500 0.514815 0.027083 0.048148
0 0.269792 0.706481 0.027083 0.048148
0 0.561979 0.241667 0.027083 0.048148
0 0.696354 0.367593 0.027083 0.048148
0 0.515625 0.715741 0.027083 0.048148
0 0.280729 0.900000 0.027083 0.048148
0 0.232292 0.449074 0.027083 0.048148
0 0.728125 0.500926 0.027083 0.048148
0 0.599479 0.472222 0.027083 0.048148
0 0.423958 0.632407 0.027083 0.048148
0 0.226562 0.829630 0.027083 0.048148
0 0.373437 0.467593 0.027083 0.048148
0 0.213542 0.263889 0.027083 0.048148
0 0.496875 0.237963 0.027083 0.048148
0 0.723437 0.221296 0.027083 0.048148
0 0.544271 0.792593 0.027083 0.048148
0 0.357292 0.637963 0.027083 0.048148
0 0.278125 0.860185 0.027083 0.048148
0 0.277083 0.230556 0.027083 0.048148
0 0.753646 0.216667 0.027083 0.048148
