0 0.554688 0.344444 0.027083 0.048148
0 0.508854 0.759259 0.027083 0.048148
0 0.609896 0.500926 0.027083 0.048148
0 0.265104 0.706481 0.027083 0.048148
0 0.348438 0.481481 0.027083 0.048148
0 0.360417 0.641667 0.027083 0.048148
0 0.634896 0.607407 0.027083 0.048148
0 0.625000 0.484259 0.027083 0.048148
0 0.383854 0.387963 0.027083 0.048148
0 0.609896 0.312963 0.027083 0.048148
0 0.356771 0.506481 0.027083 0.048148
0 0.436458 0.868519 0.027083 0.048148
0 0.636458 0.422222 0.027083 0.048148
0 0.396875 0.845370 0.027083 0.048148
0 0.781250 0.509259 0.027083 0.048148
0 0.606771 0.844444 0.027083 0.048148
0 0.369792 0.325000 0.027083 0.048148
0 0.620313 0.247222 0.027083 0.048148
0 0.565625 0.387037 0.027083 0.048148
0 0.565625 0.868519 0.027083 0.048148
0 0.276042 0.745370 0.027083 0.048148
0 0.328125 0.275926 0.027083 0.048148
0 0.583854 0.868519 0.027083 0.048148
0 0.420312 0.867593 0.027083 0.048148
0 0.404167 0.270370 0.027083 0.048148
0 0.361979 0.750926 0.027083 0.048148
0 0.525000 0.500926 0.027083 0.048148
0 0.705729 0.756481 0.027083 0.048148
0 0.362500 0.719444 0.027083 0.048148
0 0.660417 0.246296 0.027083 0.048148
0 0.492708 0.722222 0.027083 0.048148
0 0.432812 0.498148 0.027083 0.048148
0 0.654167 0.350000 0.027083 0.048148
0 0.568750 0.454630 0.027083 0.048148
0 0.402604 0.900926 0.027083 0.048148
0 0.685417 0.213889 0.027083 0.048148
0 0.330208 0.385185 0.027083 0.048148
0 0.721875 0.257407 0.027083 0.048148
0 0.480208 0.549074 0.027083 0.048148
0 0.382812 0.657407 0.027083 0.048148
0 0.614583 0.351852 0.027083 0.048148
0 0.602083 0.901852 0.027083 0.048148
0 0.333854 0.231481 0.027083 0.048148
0 0.635938 0.759259 0.027083 0.048148
0 0.510938 0.248148 0.027083 0.048148
0 0.733854 0.470370 0.027083 0.048148
0 0.549479 0.423148 0.027083 0.048148
0 0.475000 0.302778 0.027083 0.048148
0 0.706771 0.478704 0.027083 0.048148
