0 0.535417 0.235185 0.027083 0.048148
0 0.732292 0.302778 0.027083 0.048148
0 0.573958 0.707407 0.027083 0.048148
0 0.703646 0.280556 0.027083 0.048148
0 0.438021 0.549074 0.027083 0.048148
0 0.380208 0.542593 0.027083 0.048148
0 0.360938 0.593519 0.027083 0.048148
0 0.482292 0.559259 0.027083 0.048148
0 0.532813 0.569444 0.027083 0.048148
0 0.611458 0.249074 0.027083 0.048148
0 0.329688 0.512963 0.027083 0.048148
0 0.642708 0.254630 0.027083 0.048148
0 0.751042 0.276852 0.027083 0.048148
0 0.483854 0.152778 0.027083 0.048148
0 0.319271 0.202778 0.027083 0.048148
0 0.373958 0.633333 0.027083 0.048148
0 0.346354 0.191667 0.027083 0.048148
0 0.689583 0.817593 0.027083 0.048148
0 0.390625 0.662963 0.027083 0.048148
0 0.457813 0.513889 0.027083 0.048148
0 0.323437 0.472222 0.027083 0.048148
0 0.516667 0.565741 0.027083 0.048148
0 0.479687 0.460185 0.027083 0.048148
0 0.582812 0.371296 0.027083 0.048148
0 0.652083 0.382407 0.027083 0.048148
0 0.497917 0.429630 0.027083 0.048148
0 0.261979 0.734259 0.027083 0.048148
0 0.318750 0.745370 0.027083 0.048148
0 0.775000 0.280556 0.027083 0.048148
0 0.295833 0.186111 0.027083 0.048148
0 0.510417 0.780556 0.027083 0.048148
0 0.516146 0.225926 0.027083 0.048148
0 0.740625 0.828704 0.027083 0.048148
0 0.218750 0.450000 0.027083 0.048148
0 0.243229 0.431481 0.027083 0.048148
0 0.414062 0.291667 0.027083 0.048148
0 0.554688 0.400000 0.027083 0.048148
0 0.568750 0.238889 0.027083 0.048148
0 0.579167 0.430556 0.027083 0.048148
0 0.640104 0.439815 0.027083 0.048148
0 0.797917 0.541667 0.027083 0.048148
0 0.317188 0.712963 0.027083 0.048148
0 0.627604 0.702778 0.027083 0.048148
0 0.597396 0.408333 0.027083 0.048148
0 0.405208 0.544444 0.027083 0.048148
0 0.316146 0.231481 0.027083 0.048148
0 0.375000 0.447222 0.027083 0.048148
0 0.719792 0.265741 0.027083 0.048148
0 0.394271 0.429630 0.027083 0.048148
