0 0.605208 0.737037 0.027083 0.048148
0 0.316667 0.154630 0.027083 0.048148
0 0.366146 0.262963 0.027083 0.048148
0 0.513542 0.171296 0.027083 0.048148
0 0.775000 0.225000 0.027083 0.048148
0 0.541146 0.184259 0.027083 0.048148
0 0.760938 0.241667 0.027083 0.048148
0 0.241146 0.751852 0.027083 0.048148
0 0.564583 0.791667 0.027083 0.048148
0 0.794792 0.708333 0.027083 0.048148
0 0.347917 0.632407 0.027083 0.048148
0 0.794271 0.194444 0.027083 0.048148
0 0.440625 0.561111 0.027083 0.048148
0 0.720313 0.512037 0.027083 0.048148
0 0.285417 0.167593 0.027083 0.048148
0 0.738021 0.211111 0.027083 0.048148
0 0.664062 0.460185 0.027083 0.048148
0 0.300521 0.481481 0.027083 0.048148
0 0.579688 0.817593 0.027083 0.048148
0 0.500521 0.417593 0.027083 0.048148
0 0.466667 0.564815 0.027083 0.048148
0 0.469792 0.275000 0.027083 0.048148
0 0.384375 0.293519 0.027083 0.048148
0 0.423958 0.387963 0.027083 0.048148
0 0.305208 0.616667 0.027083 0.048148
0 0.380729 0.225000 0.027083 0.048148
0 0.741667 0.850926 0.027083 0.048148
0 0.306771 0.816667 0.027083 0.048148
0 0.615104 0.372222 0.027083 0.048148
0 0.529687 0.831481 0.027083 0.048148
0 0.340104 0.476852 0.027083 0.048148
0 0.606771 0.321296 0.027083 0.048148
0 0.654167 0.433333 0.027083 0.048148
0 0.807813 0.823148 0.027083 0.048148
0 0.676562 0.341667 0.027083 0.048148
0 0.758854 0.187963 0.027083 0.048148
0 0.366146 0.593519 0.027083 0.048148
0 0.466667 0.325926 0.027083 0.048148
0 0.290625 0.420370 0.027083 0.048148
0 0.581250 0.750000 0.027083 0.048148
0 0.266146 0.711111 0.027083 0.048148
0 0.369792 0.559259 0.027083 0.048148
0 0.662500 0.362037 0.027083 0.048148
0 0.497396 0.166667 0.027083 0.048148
0 0.387500 0.711111 0.027083 0.048148
0 0.672396 0.406481 0.027083 0.048148
0 0.817708 0.198148 0.027083 0.048148
0 0.456771 0.524074 0.027083 0.048148
0 0.586979 0.177778 0.027083 0.048148
