0 0.708333 0.559259 0.027083 0.048148
0 0.897396 0.183333 0.027083 0.048148
0 0.257292 0.866667 0.027083 0.048148
0 0.254688 0.353704 0.027083 0.048148
0 0.753646 0.212037 0.027083 0.048148
0 0.183854 0.178704 0.027083 0.048148
0 0.256250 0.662963 0.027083 0.048148
0 0.257812 0.761111 0.027083 0.048148
0 0.256250 0.563889 0.027083 0.048148
0 0.843750 0.180556 0.027083 0.048148
0 0.711458 0.622222 0.027083 0.048148
0 0.254688 0.466667 0.027083 0.048148
0 0.252083 0.250000 0.027083 0.048148
0 0.802083 0.348148 0.027083 0.048148
0 0.159375 0.177778 0.027083 0.048148
0 0.111979 0.566667 0.027083 0.048148
0 0.321354 0.286111 0.027083 0.048148
0 0.175521 0.835185 0.027083 0.048148
0 0.631250 0.895370 0.027083 0.048148
0 0.513542 0.222222 0.027083 0.048148
0 0.233333 0.901852 0.027083 0.048148
0 0.551042 0.875926 0.027083 0.048148
0 0.278646 0.900926 0.027083 0.048148
0 0.296875 0.230556 0.027083 0.048148
0 0.801562 0.210185 0.027083 0.048148
0 0.142187 0.799074 0.027083 0.048148
0 0.439063 0.388889 0.027083 0.048148
0 0.652604 0.216667 0.027083 0.048148
0 0.666667 0.523148 0.027083 0.048148
0 0.744271 0.551852 0.027083 0.048148
0 0.695312 0.238889 0.027083 0.048148
0 0.553125 0.221296 0.027083 0.048148
0 0.122396 0.541667 0.027083 0.048148
0 0.178125 0.251852 0.027083 0.048148
0 0.464062 0.183333 0.027083 0.048148
0 0.652604 0.867593 0.027083 0.048148
0 0.275521 0.612963 0.027083 0.048148
0 0.759896 0.878704 0.027083 0.048148
0 0.284896 0.650000 0.027083 0.048148
0 0.133854 0.657407 0.027083 0.048148
0 0.117708 0.343519 0.027083 0.048148
0 0.882292 0.781481 0.027083 0.048148
0 0.232292 0.835185 0.027083 0.048148
0 0.278646 0.800000 0.027083 0.048148
0 0.279687 0.724074 0.027083 0.048148
0 0.173437 0.400000 0.027083 0.048148
0 0.411979 0.109259 0.027083 0.048148
0 0.916667 0.494444 0.027083 0.048148
0 0.155208 0.817593 0.027083 0.048148
