0 0.260937 0.293519 0.027083 0.048148
0 0.288542 0.660185 0.027083 0.048148
0 0.332813 0.762037 0.027083 0.048148
0 0.266146 0.385185 0.027083 0.048148
0 0.273958 0.489815 0.027083 0.048148
0 0.293229 0.739815 0.027083 0.048148
0 0.281250 0.590741 0.027083 0.048148
0 0.757292 0.148148 0.027083 0.048148
0 0.410417 0.350926 0.027083 0.048148
0 0.298438 0.816667 0.027083 0.048148
0 0.712500 0.160185 0.027083 0.048148
0 0.596354 0.298148 0.027083 0.048148
0 0.352604 0.293519 0.027083 0.048148
0 0.756250 0.319444 0.027083 0.048148
0 0.336458 0.362963 0.027083 0.048148
0 0.430729 0.587037 0.027083 0.048148
0 0.513021 0.288889 0.027083 0.048148
0 0.466146 0.379630 0.027083 0.048148
0 0.513021 0.338889 0.027083 0.048148
0 0.596875 0.358333 0.027083 0.048148
0 0.317708 0.722222 0.027083 0.048148
0 0.531771 0.372222 0.027083 0.048148
0 0.592708 0.250926 0.027083 0.048148
0 0.554688 0.280556 0.027083 0.048148
0 0.316146 0.574074 0.027083 0.048148
0 0.320833 0.619444 0.027083 0.048148
0 0.310937 0.695370 0.027083 0.048148
0 0.683333 0.341667 0.027083 0.048148
0 0.335938 0.302778 0.027083 0.048148
0 0.429688 0.371296 0.027083 0.048148
0 0.278646 0.848148 0.027083 0.048148
0 0.407813 0.153704 0.027083 0.048148
0 0.537500 0.831481 0.027083 0.048148
0 0.289583 0.448148 0.027083 0.048148
0 0.312500 0.773148 0.027083 0.048148
0 0.304688 0.620370 0.027083 0.048148
0 0.460417 0.342593 0.027083 0.048148
0 0.280729 0.262037 0.027083 0.048148
0 0.573438 0.405556 0.027083 0.048148
0 0.713021 0.487963 0.027083 0.048148
0 0.358854 0.396296 0.027083 0.048148
0 0.355208 0.337037 0.027083 0.048148
0 0.310417 0.257407 0.027083 0.048148
0 0.521354 0.419444 0.027083 0.048148
0 0.445312 0.311111 0.027083 0.048148
0 0.515625 0.132407 0.027083 0.048148
0 0.641146 0.243519 0.027083 0.048148
0 0.568750 0.550000 0.027083 0.048148
0 0.410417 0.826852 0.027083 0.048148
