0 0.241667 0.362037 0.027083 0.048148
0 0.273958 0.849074 0.027083 0.048148
0 0.261458 0.654630 0.027083 0.048148
0 0.268229 0.748148 0.027083 0.048148
0 0.255208 0.561111 0.027083 0.048148
0 0.248958 0.468519 0.027083 0.048148
0 0.234375 0.262963 0.027083 0.048148
0 0.709375 0.136111 0.027083 0.048148
0 0.685417 0.475000 0.027083 0.048148
0 0.755208 0.125926 0.027083 0.048148
0 0.761979 0.256481 0.027083 0.048148
0 0.427083 0.497222 0.027083 0.048148
0 0.302083 0.284259 0.027083 0.048148
0 0.254167 0.885185 0.027083 0.048148
0 0.480729 0.189815 0.027083 0.048148
0 0.431250 0.161111 0.027083 0.048148
0 0.631771 0.809259 0.027083 0.048148
0 0.498958 0.875000 0.027083 0.048148
0 0.335938 0.410185 0.027083 0.048148
0 0.266146 0.510185 0.027083 0.048148
0 0.275521 0.237963 0.027083 0.048148
0 0.748437 0.174074 0.027083 0.048148
0 0.652604 0.780556 0.027083 0.048148
0 0.599479 0.851852 0.027083 0.048148
0 0.518750 0.182407 0.027083 0.048148
0 0.240104 0.690741 0.027083 0.048148
0 0.613021 0.160185 0.027083 0.048148
0 0.218750 0.396296 0.027083 0.048148
0 0.405729 0.140741 0.027083 0.048148
0 0.226562 0.503704 0.027083 0.048148
0 0.691146 0.533333 0.027083 0.048148
0 0.246875 0.784259 0.027083 0.048148
0 0.211458 0.297222 0.027083 0.048148
0 0.743750 0.623148 0.027083 0.048148
0 0.233333 0.596296 0.027083 0.048148
0 0.296354 0.876852 0.027083 0.048148
0 0.318750 0.266667 0.027083 0.048148
0 0.591667 0.163889 0.027083 0.048148
0 0.284375 0.621296 0.027083 0.048148
0 0.601562 0.804630 0.027083 0.048148
0 0.248438 0.420370 0.027083 0.048148
0 0.720313 0.461111 0.027083 0.048148
0 0.249479 0.818519 0.027083 0.048148
0 0.511458 0.729630 0.027083 0.048148
0 0.290104 0.785185 0.027083 0.048148
0 0.557813 0.474074 0.027083 0.048148
0 0.575521 0.169444 0.027083 0.048148
0 0.321875 0.581481 0.027083 0.048148
0 0.671354 0.146296 0.027083 0.048148
