0 0.289583 0.780556 0.027083 0.048148
0 0.380208 0.447222 0.027083 0.048148
0 0.271875 0.572222 0.027083 0.048148
0 0.248958 0.303704 0.027083 0.048148
0 0.265104 0.494444 0.027083 0.048148
0 0.257292 0.401852 0.027083 0.048148
0 0.277604 0.641667 0.027083 0.048148
0 0.400521 0.559259 0.027083 0.048148
0 0.386458 0.308333 0.027083 0.048148
0 0.368750 0.333333 0.027083 0.048148
0 0.360938 0.400000 0.027083 0.048148
0 0.283333 0.714815 0.027083 0.048148
0 0.409375 0.669444 0.027083 0.048148
0 0.582812 0.562037 0.027083 0.048148
0 0.720313 0.134259 0.027083 0.048148
0 0.351562 0.462037 0.027083 0.048148
0 0.300000 0.245370 0.027083 0.048148
0 0.383333 0.383333 0.027083 0.048148
0 0.381250 0.528704 0.027083 0.048148
0 0.651563 0.165741 0.027083 0.048148
0 0.407813 0.347222 0.027083 0.048148
0 0.449479 0.541667 0.027083 0.048148
0 0.408333 0.281481 0.027083 0.048148
0 0.488542 0.196296 0.027083 0.048148
0 0.320312 0.547222 0.027083 0.048148
0 0.561458 0.175926 0.027083 0.048148
0 0.301563 0.674074 0.027083 0.048148
0 0.295833 0.601852 0.027083 0.048148
0 0.433333 0.547222 0.027083 0.048148
0 0.287500 0.529630 0.027083 0.048148
0 0.268750 0.815741 0.027083 0.048148
0 0.299479 0.474074 0.027083 0.048148
0 0.374479 0.288889 0.027083 0.048148
0 0.310417 0.516667 0.027083 0.048148
0 0.285938 0.421296 0.027083 0.048148
0 0.513542 0.525926 0.027083 0.048148
0 0.451042 0.203704 0.027083 0.048148
0 0.311458 0.749074 0.027083 0.048148
0 0.263021 0.256481 0.027083 0.048148
0 0.766667 0.674074 0.027083 0.048148
0 0.427604 0.315741 0.027083 0.048148
0 0.519271 0.184259 0.027083 0.048148
0 0.339062 0.339815 0.027083 0.048148
0 0.411458 0.125000 0.027083 0.048148
0 0.245833 0.258333 0.027083 0.048148
0 0.496354 0.804630 0.027083 0.048148
0 0.377604 0.581481 0.027083 0.048148
0 0.279167 0.366667 0.027083 0.048148
0 0.710417 0.457407 0.027083 0.048148
