0 0.602083 0.838889 0.027083 0.048148
0 0.548438 0.562037 0.027083 0.048148
0 0.622917 0.862963 0.027083 0.048148
0 0.631771 0.315741 0.027083 0.048148
0 0.677604 0.325926 0.027083 0.048148
0 0.660417 0.389815 0.027083 0.048148
0 0.542708 0.859259 0.027083 0.048148
0 0.707292 0.435185 0.027083 0.048148
0 0.538542 0.526852 0.027083 0.048148
0 0.660937 0.294444 0.027083 0.048148
0 0.344792 0.323148 0.027083 0.048148
0 0.585417 0.809259 0.027083 0.048148
0 0.681250 0.373148 0.027083 0.048148
0 0.513021 0.801852 0.027083 0.048148
0 0.588021 0.896296 0.027083 0.048148
0 0.456771 0.884259 0.027083 0.048148
0 0.346875 0.675000 0.027083 0.048148
0 0.655729 0.787963 0.027083 0.048148
0 0.600521 0.381481 0.027083 0.048148
0 0.782813 0.652778 0.027083 0.048148
0 0.665104 0.432407 0.027083 0.048148
0 0.513542 0.439815 0.027083 0.048148
0 0.605729 0.898148 0.027083 0.048148
0 0.701042 0.537037 0.027083 0.048148
0 0.346875 0.234259 0.027083 0.048148
0 0.707812 0.298148 0.027083 0.048148
0 0.494271 0.826852 0.027083 0.048148
0 0.457813 0.828704 0.027083 0.048148
0 0.332813 0.791667 0.027083 0.048148
0 0.690625 0.296296 0.027083 0.048148
0 0.373437 0.849074 0.027083 0.048148
0 0.801042 0.853704 0.027083 0.048148
0 0.440625 0.883333 0.027083 0.048148
0 0.663542 0.717593 0.027083 0.048148
0 0.684896 0.410185 0.027083 0.048148
0 0.469792 0.186111 0.027083 0.048148
0 0.644792 0.380556 0.027083 0.048148
0 0.657813 0.468519 0.027083 0.048148
0 0.834375 0.555556 0.027083 0.048148
0 0.336979 0.512037 0.027083 0.048148
0 0.422396 0.914815 0.027083 0.048148
0 0.340625 0.413889 0.027083 0.048148
0 0.475000 0.804630 0.027083 0.048148
0 0.382812 0.418519 0.027083 0.048148
0 0.389583 0.302778 0.027083 0.048148
0 0.345833 0.761111 0.027083 0.048148
0 0.327083 0.258333 0.027083 0.048148
0 0.356771 0.821296 0.027083 0.048148
0 0.472396 0.377778 0.027083 0.048148
