0 0.534375 0.883333 0.027083 0.048148
0 0.630729 0.308333 0.027083 0.048148
0 0.556250 0.912037 0.027083 0.048148
0 0.466146 0.903704 0.027083 0.048148
0 0.478646 0.569444 0.027083 0.048148
0 0.469792 0.533333 0.027083 0.048148
0 0.663021 0.428704 0.027083 0.048148
0 0.744271 0.683333 0.027083 0.048148
0 0.610417 0.382407 0.027083 0.048148
0 0.640625 0.273148 0.027083 0.048148
0 0.395313 0.139815 0.027083 0.048148
0 0.348958 0.343519 0.027083 0.048148
0 0.361979 0.200926 0.027083 0.048148
0 0.253125 0.284259 0.027083 0.048148
0 0.620833 0.817593 0.027083 0.048148
0 0.636458 0.363889 0.027083 0.048148
0 0.280208 0.879630 0.027083 0.048148
0 0.653125 0.551852 0.027083 0.048148
0 0.246354 0.387963 0.027083 0.048148
0 0.615104 0.426852 0.027083 0.048148
0 0.605729 0.751852 0.027083 0.048148
0 0.257292 0.181481 0.027083 0.048148
0 0.249479 0.682407 0.027083 0.048148
0 0.370312 0.925000 0.027083 0.048148
0 0.516667 0.850926 0.027083 0.048148
0 0.613021 0.272222 0.027083 0.048148
0 0.440625 0.423148 0.027083 0.048148
0 0.531250 0.161111 0.027083 0.048148
0 0.240104 0.498148 0.027083 0.048148
0 0.415625 0.862963 0.027083 0.048148
0 0.452083 0.871296 0.027083 0.048148
0 0.230729 0.704630 0.027083 0.048148
0 0.229167 0.815741 0.027083 0.048148
0 0.426042 0.218519 0.027083 0.048148
0 0.580208 0.297222 0.027083 0.048148
0 0.306771 0.268519 0.027083 0.048148
0 0.666667 0.274074 0.027083 0.048148
0 0.436979 0.837963 0.027083 0.048148
0 0.515625 0.944444 0.027083 0.048148
0 0.394792 0.356481 0.027083 0.048148
0 0.290104 0.408333 0.027083 0.048148
0 0.491146 0.152778 0.027083 0.048148
0 0.235937 0.600926 0.027083 0.048148
0 0.490104 0.545370 0.027083 0.048148
0 0.759375 0.648148 0.027083 0.048148
0 0.444792 0.335185 0.027083 0.048148
0 0.594271 0.363889 0.027083 0.048148
0 0.705729 0.248148 0.027083 0.048148
0 0.539583 0.949074 0.027083 0.048148
