0 0.403646 0.377778 0.027083 0.048148
0 0.406250 0.503704 0.027083 0.048148
0 0.411458 0.250926 0.027083 0.048148
0 0.151042 0.437963 0.027083 0.048148
0 0.396354 0.625926 0.027083 0.048148
0 0.371354 0.378704 0.027083 0.048148
0 0.248958 0.676852 0.027083 0.048148
0 0.364063 0.134259 0.027083 0.048148
0 0.266146 0.449074 0.027083 0.048148
0 0.441667 0.510185 0.027083 0.048148
0 0.288542 0.153704 0.027083 0.048148
0 0.272396 0.362963 0.027083 0.048148
0 0.259896 0.524074 0.027083 0.048148
0 0.280208 0.261111 0.027083 0.048148
0 0.758854 0.415741 0.027083 0.048148
0 0.428646 0.278704 0.027083 0.048148
0 0.463021 0.513889 0.027083 0.048148
0 0.770833 0.801852 0.027083 0.048148
0 0.639062 0.192593 0.027083 0.048148
0 0.400000 0.274074 0.027083 0.048148
0 0.555729 0.171296 0.027083 0.048148
0 0.253646 0.604630 0.027083 0.048148
0 0.493229 0.259259 0.027083 0.048148
0 0.595833 0.607407 0.027083 0.048148
0 0.320312 0.126852 0.027083 0.048148
0 0.368750 0.266667 0.027083 0.048148
0 0.351562 0.115741 0.027083 0.048148
0 0.451042 0.185185 0.027083 0.048148
0 0.173958 0.415741 0.027083 0.048148
0 0.173958 0.459259 0.027083 0.048148
0 0.273958 0.710185 0.027083 0.048148
0 0.285938 0.490741 0.027083 0.048148
0 0.600521 0.700926 0.027083 0.048148
0 0.489063 0.522222 0.027083 0.048148
0 0.361979 0.717593 0.027083 0.048148
0 0.533854 0.159259 0.027083 0.048148
0 0.278646 0.569444 0.027083 0.048148
0 0.717708 0.342593 0.027083 0.048148
0 0.326562 0.454630 0.027083 0.048148
0 0.232813 0.045370 0.027083 0.048148
0 0.425521 0.209259 0.027083 0.048148
0 0.700000 0.229630 0.027083 0.048148
0 0.391146 0.462963 0.027083 0.048148
0 0.488021 0.289815 0.027083 0.048148
0 0.884896 0.661111 0.027083 0.048148
0 0.762500 0.612037 0.027083 0.048148
0 0.827083 0.696296 0.027083 0.048148
0 0.615104 0.647222 0.027083 0.048148
0 0.565625 0.700926 0.027083 0.048148
