0 0.303646 0.192593 0.027083 0.048148
0 0.295833 0.750000 0.027083 0.048148
0 0.302604 0.285185 0.027083 0.048148
0 0.300521 0.377778 0.027083 0.048148
0 0.295833 0.658333 0.027083 0.048148
0 0.297396 0.564815 0.027083 0.048148
0 0.298438 0.475926 0.027083 0.048148
0 0.710938 0.763889 0.027083 0.048148
0 0.793229 0.262037 0.027083 0.048148
0 0.759896 0.576852 0.027083 0.048148
0 0.751042 0.612037 0.027083 0.048148
0 0.769792 0.361111 0.027083 0.048148
0 0.443750 0.758333 0.027083 0.048148
0 0.734375 0.405556 0.027083 0.048148
0 0.495312 0.762963 0.027083 0.048148
0 0.361458 0.215741 0.027083 0.048148
0 0.793750 0.314815 0.027083 0.048148
0 0.589583 0.203704 0.027083 0.048148
0 0.453125 0.118519 0.027083 0.048148
0 0.792188 0.434259 0.027083 0.048148
0 0.786458 0.774074 0.027083 0.048148
0 0.585938 0.163889 0.027083 0.048148
0 0.755729 0.436111 0.027083 0.048148
0 0.427083 0.444444 0.027083 0.048148
0 0.422396 0.779630 0.027083 0.048148
0 0.804167 0.171296 0.027083 0.048148
0 0.661458 0.649074 0.027083 0.048148
0 0.291667 0.794444 0.027083 0.048148
0 0.541146 0.762963 0.027083 0.048148
0 0.791146 0.481481 0.027083 0.048148
0 0.396354 0.782407 0.027083 0.048148
0 0.627083 0.293519 0.027083 0.048148
0 0.741667 0.206481 0.027083 0.048148
0 0.657813 0.395370 0.027083 0.048148
0 0.567708 0.200926 0.027083 0.048148
0 0.257812 0.454630 0.027083 0.048148
0 0.233854 0.475926 0.027083 0.048148
0 0.358333 0.494444 0.027083 0.048148
0 0.828646 0.480556 0.027083 0.048148
0 0.628125 0.204630 0.027083 0.048148
0 0.770833 0.262963 0.027083 0.048148
0 0.495833 0.135185 0.027083 0.048148
0 0.625521 0.764815 0.027083 0.048148
0 0.658854 0.298148 0.027083 0.048148
0 0.769792 0.304630 0.027083 0.048148
0 0.563542 0.162963 0.027083 0.048148
0 0.321875 0.499074 0.027083 0.048148
0 0.576042 0.793519 0.027083 0.048148
0 0.347396 0.195370 0.027083 0.048148
