0 0.414062 0.491667 0.027083 0.048148
0 0.427604 0.614815 0.027083 0.048148
0 0.410938 0.366667 0.027083 0.048148
0 0.288542 0.825000 0.027083 0.048148
0 0.286458 0.597222 0.027083 0.048148
0 0.283854 0.303704 0.027083 0.048148
0 0.286979 0.673148 0.027083 0.048148
0 0.285417 0.512037 0.027083 0.048148
0 0.284375 0.411111 0.027083 0.048148
0 0.382812 0.500926 0.027083 0.048148
0 0.428125 0.736111 0.027083 0.048148
0 0.286979 0.751852 0.027083 0.048148
0 0.628125 0.250000 0.027083 0.048148
0 0.345833 0.256481 0.027083 0.048148
0 0.461979 0.612037 0.027083 0.048148
0 0.483333 0.609259 0.027083 0.048148
0 0.432292 0.348148 0.027083 0.048148
0 0.444792 0.290741 0.027083 0.048148
0 0.421875 0.323148 0.027083 0.048148
0 0.717708 0.374074 0.027083 0.048148
0 0.620833 0.665741 0.027083 0.048148
0 0.396354 0.434259 0.027083 0.048148
0 0.309375 0.634259 0.027083 0.048148
0 0.314063 0.269444 0.027083 0.048148
0 0.370833 0.392593 0.027083 0.048148
0 0.342187 0.577778 0.027083 0.048148
0 0.409375 0.577778 0.027083 0.048148
0 0.763542 0.434259 0.027083 0.048148
0 0.314583 0.793519 0.027083 0.048148
0 0.309375 0.712963 0.027083 0.048148
0 0.509896 0.245370 0.027083 0.048148
0 0.550000 0.253704 0.027083 0.048148
0 0.420833 0.423148 0.027083 0.048148
0 0.508333 0.442593 0.027083 0.048148
0 0.491667 0.352778 0.027083 0.048148
0 0.510938 0.610185 0.027083 0.048148
0 0.306250 0.554630 0.027083 0.048148
0 0.474479 0.358333 0.027083 0.048148
0 0.402083 0.391667 0.027083 0.048148
0 0.807813 0.808333 0.027083 0.048148
0 0.390625 0.826852 0.027083 0.048148
0 0.545312 0.607407 0.027083 0.048148
0 0.315625 0.437037 0.027083 0.048148
0 0.719271 0.425000 0.027083 0.048148
0 0.727604 0.259259 0.027083 0.048148
0 0.314583 0.850926 0.027083 0.048148
0 0.379688 0.363889 0.027083 0.048148
0 0.353125 0.849074 0.027083 0.048148
0 0.764583 0.585185 0.027083 0.048148
