0 0.531250 0.882407 0.027083 0.048148
0 0.626042 0.339815 0.027083 0.048148
0 0.552083 0.911111 0.027083 0.048148
0 0.480729 0.583333 0.027083 0.048148
0 0.605729 0.409259 0.027083 0.048148
0 0.655208 0.455556 0.027083 0.048148
0 0.466146 0.900926 0.027083 0.048148
0 0.471354 0.548148 0.027083 0.048148
0 0.730729 0.699074 0.027083 0.048148
0 0.375000 0.919444 0.027083 0.048148
0 0.645312 0.570370 0.027083 0.048148
0 0.262500 0.686111 0.027083 0.048148
0 0.268750 0.308333 0.027083 0.048148
0 0.636979 0.307407 0.027083 0.048148
0 0.840625 0.697222 0.027083 0.048148
0 0.513021 0.851852 0.027083 0.048148
0 0.577604 0.326852 0.027083 0.048148
0 0.631250 0.391667 0.027083 0.048148
0 0.610417 0.304630 0.027083 0.048148
0 0.609375 0.452778 0.027083 0.048148
0 0.600521 0.758333 0.027083 0.048148
0 0.372396 0.232407 0.027083 0.048148
0 0.311979 0.125926 0.027083 0.048148
0 0.405208 0.174074 0.027083 0.048148
0 0.272917 0.212037 0.027083 0.048148
0 0.513021 0.941667 0.027083 0.048148
0 0.516667 0.274074 0.027083 0.048148
0 0.165104 0.701852 0.027083 0.048148
0 0.359896 0.368519 0.027083 0.048148
0 0.289062 0.875000 0.027083 0.048148
0 0.659896 0.312037 0.027083 0.048148
0 0.261979 0.404630 0.027083 0.048148
0 0.255208 0.510185 0.027083 0.048148
0 0.613021 0.822222 0.027083 0.048148
0 0.445312 0.446296 0.027083 0.048148
0 0.492188 0.562963 0.027083 0.048148
0 0.242188 0.810185 0.027083 0.048148
0 0.418229 0.860185 0.027083 0.048148
0 0.540625 0.390741 0.027083 0.048148
0 0.453125 0.871296 0.027083 0.048148
0 0.438542 0.837037 0.027083 0.048148
0 0.534896 0.946296 0.027083 0.048148
0 0.318750 0.293519 0.027083 0.048148
0 0.675521 0.825926 0.027083 0.048148
0 0.591146 0.393519 0.027083 0.048148
0 0.697917 0.286111 0.027083 0.048148
0 0.533333 0.196296 0.027083 0.048148
0 0.432292 0.250926 0.027083 0.048148
0 0.701042 0.531481 0.027083 0.048148
