0 0.639583 0.440741 0.027083 0.048148
0 0.354167 0.506481 0.027083 0.048148
0 0.565104 0.291667 0.027083 0.048148
0 0.285938 0.771296 0.027083 0.048148
0 0.852083 0.191667 0.027083 0.048148
0 0.579688 0.327778 0.027083 0.048148
0 0.364063 0.529630 0.027083 0.048148
0 0.487500 0.895370 0.027083 0.048148
0 0.322917 0.403704 0.027083 0.048148
0 0.668750 0.817593 0.027083 0.048148
0 0.111979 0.308333 0.027083 0.048148
0 0.758333 0.354630 0.027083 0.048148
0 0.642708 0.379630 0.027083 0.048148
0 0.660417 0.345370 0.027083 0.048148
0 0.391667 0.759259 0.027083 0.048148
0 0.626042 0.229630 0.027083 0.048148
0 0.308854 0.283333 0.027083 0.048148
0 0.381771 0.392593 0.027083 0.048148
0 0.898438 0.188889 0.027083 0.048148
0 0.444792 0.881481 0.027083 0.048148
0 0.297917 0.812037 0.027083 0.048148
0 0.626563 0.856481 0.027083 0.048148
0 0.671354 0.218519 0.027083 0.048148
0 0.828125 0.395370 0.027083 0.048148
0 0.541146 0.377778 0.027083 0.048148
0 0.330729 0.429630 0.027083 0.048148
0 0.857292 0.676852 0.027083 0.048148
0 0.394271 0.791667 0.027083 0.048148
0 0.533854 0.724074 0.027083 0.048148
0 0.367188 0.313889 0.027083 0.048148
0 0.632292 0.084259 0.027083 0.048148
0 0.650000 0.849074 0.027083 0.048148
0 0.394271 0.251852 0.027083 0.048148
0 0.381771 0.673148 0.027083 0.048148
0 0.180208 0.304630 0.027083 0.048148
0 0.469792 0.900926 0.027083 0.048148
0 0.627083 0.159259 0.027083 0.048148
0 0.591146 0.399074 0.027083 0.048148
0 0.527083 0.262963 0.027083 0.048148
0 0.898958 0.684259 0.027083 0.048148
0 0.555729 0.754630 0.027083 0.048148
0 0.508333 0.198148 0.027083 0.048148
0 0.576042 0.837037 0.027083 0.048148
0 0.772396 0.373148 0.027083 0.048148
0 0.122396 0.333333 0.027083 0.048148
0 0.678646 0.548148 0.027083 0.048148
0 0.373437 0.577778 0.027083 0.048148
0 0.880729 0.264815 0.027083 0.048148
0 0.138021 0.208333 0.027083 0.048148
