0 0.556250 0.200000 0.027083 0.048148
0 0.406250 0.265741 0.027083 0.048148
0 0.606771 0.678704 0.027083 0.048148
0 0.759896 0.251852 0.027083 0.048148
0 0.385937 0.579630 0.027083 0.048148
0 0.464062 0.526852 0.027083 0.048148
0 0.292708 0.678704 0.027083 0.048148
0 0.550521 0.539815 0.027083 0.048148
0 0.405729 0.523148 0.027083 0.048148
0 0.335938 0.182407 0.027083 0.048148
0 0.508854 0.535185 0.027083 0.048148
0 0.361979 0.168519 0.027083 0.048148
0 0.728646 0.234259 0.027083 0.048148
0 0.537500 0.192593 0.027083 0.048148
0 0.633854 0.209259 0.027083 0.048148
0 0.776563 0.227778 0.027083 0.048148
0 0.501563 0.121296 0.027083 0.048148
0 0.418229 0.648148 0.027083 0.048148
0 0.667188 0.400926 0.027083 0.048148
0 0.746354 0.267593 0.027083 0.048148
0 0.674479 0.342593 0.027083 0.048148
0 0.347396 0.736111 0.027083 0.048148
0 0.725521 0.783333 0.027083 0.048148
0 0.434896 0.264815 0.027083 0.048148
0 0.689063 0.239815 0.027083 0.048148
0 0.342708 0.439815 0.027083 0.048148
0 0.353125 0.500000 0.027083 0.048148
0 0.665625 0.212037 0.027083 0.048148
0 0.777604 0.768519 0.027083 0.048148
0 0.802083 0.228704 0.027083 0.048148
0 0.400000 0.618519 0.027083 0.048148
0 0.590104 0.201852 0.027083 0.048148
0 0.522396 0.401852 0.027083 0.048148
0 0.483854 0.491667 0.027083 0.048148
0 0.431250 0.525000 0.027083 0.048148
0 0.288021 0.729630 0.027083 0.048148
0 0.580208 0.367593 0.027083 0.048148
0 0.606771 0.335185 0.027083 0.048148
0 0.338021 0.409259 0.027083 0.048148
0 0.310417 0.166667 0.027083 0.048148
0 0.505208 0.435185 0.027083 0.048148
0 0.239063 0.442593 0.027083 0.048148
0 0.263021 0.422222 0.027083 0.048148
0 0.830208 0.495370 0.027083 0.048148
0 0.383333 0.145370 0.027083 0.048148
0 0.660937 0.452778 0.027083 0.048148
0 0.742188 0.444444 0.027083 0.048148
0 0.660937 0.669444 0.027083 0.048148
0 0.351042 0.565741 0.027083 0.048148
