0 0.577604 0.853704 0.027083 0.048148
0 0.540104 0.553704 0.027083 0.048148
0 0.597396 0.882407 0.027083 0.048148
0 0.691667 0.335185 0.027083 0.048148
0 0.514062 0.861111 0.027083 0.048148
0 0.669271 0.399074 0.027083 0.048148
0 0.719792 0.814815 0.027083 0.048148
0 0.716146 0.452778 0.027083 0.048148
0 0.423958 0.869444 0.027083 0.048148
0 0.675000 0.300000 0.027083 0.048148
0 0.644792 0.314815 0.027083 0.048148
0 0.323437 0.629630 0.027083 0.048148
0 0.560937 0.819444 0.027083 0.048148
0 0.694792 0.386111 0.027083 0.048148
0 0.701562 0.562037 0.027083 0.048148
0 0.532813 0.517593 0.027083 0.048148
0 0.704167 0.304630 0.027083 0.048148
0 0.344792 0.258333 0.027083 0.048148
0 0.558854 0.908333 0.027083 0.048148
0 0.779687 0.698148 0.027083 0.048148
0 0.448437 0.788889 0.027083 0.048148
0 0.341146 0.812963 0.027083 0.048148
0 0.578646 0.915741 0.027083 0.048148
0 0.784375 0.912037 0.027083 0.048148
0 0.486979 0.797222 0.027083 0.048148
0 0.587500 0.258333 0.027083 0.048148
0 0.431250 0.332407 0.027083 0.048148
0 0.729167 0.413889 0.027083 0.048148
0 0.433333 0.812963 0.027083 0.048148
0 0.469271 0.177778 0.027083 0.048148
0 0.670833 0.443519 0.027083 0.048148
0 0.607292 0.375000 0.027083 0.048148
0 0.511979 0.416667 0.027083 0.048148
0 0.448437 0.200926 0.027083 0.048148
0 0.483333 0.146296 0.027083 0.048148
0 0.658854 0.802778 0.027083 0.048148
0 0.325000 0.783333 0.027083 0.048148
0 0.526563 0.590741 0.027083 0.048148
0 0.756771 0.533333 0.027083 0.048148
0 0.725000 0.312963 0.027083 0.048148
0 0.469271 0.819444 0.027083 0.048148
0 0.378646 0.367593 0.027083 0.048148
0 0.654687 0.384259 0.027083 0.048148
0 0.558854 0.373148 0.027083 0.048148
0 0.488542 0.360185 0.027083 0.048148
0 0.357812 0.741667 0.027083 0.048148
0 0.506771 0.225926 0.027083 0.048148
0 0.654167 0.715741 0.027083 0.048148
0 0.393750 0.250000 0.027083 0.048148
