0 0.729688 0.572222 0.027083 0.048148
0 0.520312 0.838889 0.027083 0.048148
0 0.575521 0.875926 0.027083 0.048148
0 0.725521 0.639815 0.027083 0.048148
0 0.690625 0.513889 0.027083 0.048148
0 0.675000 0.454630 0.027083 0.048148
0 0.153646 0.961111 0.027083 0.048148
0 0.188021 0.666667 0.027083 0.048148
0 0.229167 0.748148 0.027083 0.048148
0 0.571354 0.131481 0.027083 0.048148
0 0.558333 0.837037 0.027083 0.048148
0 0.377083 0.491667 0.027083 0.048148
0 0.808333 0.413889 0.027083 0.048148
0 0.286979 0.112037 0.027083 0.048148
0 0.224479 0.354630 0.027083 0.048148
0 0.826562 0.224074 0.027083 0.048148
0 0.740625 0.934259 0.027083 0.048148
0 0.211979 0.458333 0.027083 0.048148
0 0.180208 0.731481 0.027083 0.048148
0 0.200521 0.560185 0.027083 0.048148
0 0.797396 0.956481 0.027083 0.048148
0 0.821875 0.272222 0.027083 0.048148
0 0.277083 0.413889 0.027083 0.048148
0 0.743750 0.193519 0.027083 0.048148
0 0.799479 0.450000 0.027083 0.048148
0 0.355729 0.117593 0.027083 0.048148
0 0.719792 0.186111 0.027083 0.048148
0 0.781771 0.522222 0.027083 0.048148
0 0.341146 0.046296 0.027083 0.048148
0 0.236979 0.247222 0.027083 0.048148
0 0.277083 0.233333 0.027083 0.048148
0 0.604167 0.896296 0.027083 0.048148
0 0.751042 0.374074 0.027083 0.048148
0 0.893750 0.573148 0.027083 0.048148
0 0.499479 0.032407 0.027083 0.048148
0 0.254688 0.561111 0.027083 0.048148
0 0.261458 0.522222 0.027083 0.048148
0 0.522917 0.068519 0.027083 0.048148
0 0.768750 0.579630 0.027083 0.048148
0 0.396875 0.811111 0.027083 0.048148
0 0.612500 0.147222 0.027083 0.048148
0 0.863542 0.287963 0.027083 0.048148
0 0.650000 0.159259 0.027083 0.048148
0 0.708333 0.546296 0.027083 0.048148
0 0.249479 0.140741 0.027083 0.048148
0 0.628646 0.152778 0.027083 0.048148
0 0.852604 0.395370 0.027083 0.048148
0 0.291667 0.777778 0.027083 0.048148
0 0.276562 0.347222 0.027083 0.048148
