0 0.223438 0.675000 0.027083 0.048148
0 0.781771 0.614815 0.027083 0.048148
0 0.698958 0.804630 0.027083 0.048148
0 0.768750 0.645370 0.027083 0.048148
0 0.284896 0.031481 0.027083 0.048148
0 0.846875 0.259259 0.027083 0.048148
0 0.370312 0.437963 0.027083 0.048148
0 0.791667 0.173148 0.027083 0.048148
0 0.863542 0.153704 0.027083 0.048148
0 0.838021 0.361111 0.027083 0.048148
0 0.428646 0.236111 0.027083 0.048148
0 0.218229 0.724074 0.027083 0.048148
0 0.830729 0.456481 0.027083 0.048148
0 0.818750 0.571296 0.027083 0.048148
0 0.760417 0.406481 0.027083 0.048148
0 0.811979 0.367593 0.027083 0.048148
0 0.793750 0.403704 0.027083 0.048148
0 0.822917 0.246296 0.027083 0.048148
0 0.232292 0.570370 0.027083 0.048148
0 0.273958 0.140741 0.027083 0.048148
0 0.242188 0.462963 0.027083 0.048148
0 0.753125 0.432407 0.027083 0.048148
0 0.292187 0.264815 0.027083 0.048148
0 0.263021 0.247222 0.027083 0.048148
0 0.334375 0.045370 0.027083 0.048148
0 0.786979 0.445370 0.027083 0.048148
0 0.843750 0.312037 0.027083 0.048148
0 0.789062 0.236111 0.027083 0.048148
0 0.441146 0.312037 0.027083 0.048148
0 0.615625 0.125926 0.027083 0.048148
0 0.745833 0.458333 0.027083 0.048148
0 0.252604 0.360185 0.027083 0.048148
0 0.767708 0.379630 0.027083 0.048148
0 0.818229 0.298148 0.027083 0.048148
0 0.833854 0.146296 0.027083 0.048148
0 0.390104 0.455556 0.027083 0.048148
0 0.767708 0.845370 0.027083 0.048148
0 0.816146 0.414815 0.027083 0.048148
0 0.404687 0.360185 0.027083 0.048148
0 0.666146 0.367593 0.027083 0.048148
0 0.795312 0.824074 0.027083 0.048148
0 0.746354 0.834259 0.027083 0.048148
0 0.777604 0.343519 0.027083 0.048148
0 0.767708 0.171296 0.027083 0.048148
0 0.766146 0.675926 0.027083 0.048148
0 0.251042 0.415741 0.027083 0.048148
0 0.279167 0.082407 0.027083 0.048148
0 0.641667 0.066667 0.027083 0.048148
0 0.823438 0.524074 0.027083 0.048148
