0 0.722396 0.590741 0.027083 0.048148
0 0.682292 0.533333 0.027083 0.048148
0 0.511979 0.872222 0.027083 0.048148
0 0.756771 0.791667 0.027083 0.048148
0 0.569792 0.907407 0.027083 0.048148
0 0.482292 0.763889 0.027083 0.048148
0 0.719792 0.661111 0.027083 0.048148
0 0.665625 0.472222 0.027083 0.048148
0 0.741667 0.388889 0.027083 0.048148
0 0.556771 0.148148 0.027083 0.048148
0 0.564063 0.342593 0.027083 0.048148
0 0.214062 0.790741 0.027083 0.048148
0 0.239063 0.045370 0.027083 0.048148
0 0.336458 0.142593 0.027083 0.048148
0 0.551042 0.868519 0.027083 0.048148
0 0.798438 0.434259 0.027083 0.048148
0 0.169792 0.776852 0.027083 0.048148
0 0.170833 0.709259 0.027083 0.048148
0 0.265625 0.139815 0.027083 0.048148
0 0.567187 0.380556 0.027083 0.048148
0 0.432292 0.455556 0.027083 0.048148
0 0.737500 0.960185 0.027083 0.048148
0 0.791146 0.466667 0.027083 0.048148
0 0.319792 0.068519 0.027083 0.048148
0 0.362500 0.524074 0.027083 0.048148
0 0.845833 0.407407 0.027083 0.048148
0 0.707812 0.197222 0.027083 0.048148
0 0.812500 0.280556 0.027083 0.048148
0 0.754687 0.670370 0.027083 0.048148
0 0.614583 0.166667 0.027083 0.048148
0 0.731250 0.203704 0.027083 0.048148
0 0.244271 0.559259 0.027083 0.048148
0 0.257292 0.263889 0.027083 0.048148
0 0.763542 0.884259 0.027083 0.048148
0 0.455208 0.299074 0.027083 0.048148
0 0.193229 0.495370 0.027083 0.048148
0 0.632812 0.171296 0.027083 0.048148
0 0.259896 0.433333 0.027083 0.048148
0 0.761979 0.597222 0.027083 0.048148
0 0.775000 0.537037 0.027083 0.048148
0 0.817708 0.231481 0.027083 0.048148
0 0.768750 0.564815 0.027083 0.048148
0 0.182292 0.600926 0.027083 0.048148
0 0.597396 0.162037 0.027083 0.048148
0 0.598958 0.926852 0.027083 0.048148
0 0.804167 0.407407 0.027083 0.048148
0 0.385937 0.849074 0.027083 0.048148
0 0.278646 0.817593 0.027083 0.048148
0 0.855729 0.294444 0.027083 0.048148
