0 0.678125 0.568519 0.027083 0.048148
0 0.637500 0.516667 0.027083 0.048148
0 0.484375 0.861111 0.027083 0.048148
0 0.677604 0.636111 0.027083 0.048148
0 0.717708 0.759259 0.027083 0.048148
0 0.502083 0.157407 0.027083 0.048148
0 0.292187 0.175000 0.027083 0.048148
0 0.540104 0.888889 0.027083 0.048148
0 0.054688 0.437037 0.027083 0.048148
0 0.194792 0.812037 0.027083 0.048148
0 0.521875 0.853704 0.027083 0.048148
0 0.619271 0.461111 0.027083 0.048148
0 0.569271 0.905556 0.027083 0.048148
0 0.758333 0.212963 0.027083 0.048148
0 0.272917 0.105556 0.027083 0.048148
0 0.139063 0.047222 0.027083 0.048148
0 0.704688 0.923148 0.027083 0.048148
0 0.195312 0.092593 0.027083 0.048148
0 0.392188 0.465741 0.027083 0.048148
0 0.226562 0.478704 0.027083 0.048148
0 0.150000 0.737037 0.027083 0.048148
0 0.150521 0.803704 0.027083 0.048148
0 0.455208 0.763889 0.027083 0.048148
0 0.691667 0.372222 0.027083 0.048148
0 0.791667 0.377778 0.027083 0.048148
0 0.051562 0.905556 0.027083 0.048148
0 0.509375 0.457407 0.027083 0.048148
0 0.591146 0.877778 0.027083 0.048148
0 0.746354 0.413889 0.027083 0.048148
0 0.217188 0.226852 0.027083 0.048148
0 0.335417 0.300000 0.027083 0.048148
0 0.401562 0.441667 0.027083 0.048148
0 0.222917 0.412037 0.027083 0.048148
0 0.740625 0.442593 0.027083 0.048148
0 0.716667 0.572222 0.027083 0.048148
0 0.655729 0.544444 0.027083 0.048148
0 0.175000 0.770370 0.027083 0.048148
0 0.122396 0.077778 0.027083 0.048148
0 0.911458 0.641667 0.027083 0.048148
0 0.650521 0.189815 0.027083 0.048148
0 0.920312 0.106481 0.027083 0.048148
0 0.443750 0.041667 0.027083 0.048148
0 0.673438 0.193519 0.027083 0.048148
0 0.158333 0.625926 0.027083 0.048148
0 0.222917 0.177778 0.027083 0.048148
0 0.165625 0.521296 0.027083 0.048148
0 0.543750 0.167593 0.027083 0.048148
0 0.062500 0.926852 0.027083 0.048148
0 0.112500 0.101852 0.027083 0.048148
