0 0.551562 0.724074 0.027083 0.048148
0 0.296354 0.120370 0.027083 0.048148
0 0.739583 0.250926 0.027083 0.048148
0 0.488021 0.163889 0.027083 0.048148
0 0.511979 0.178704 0.027083 0.048148
0 0.264583 0.129630 0.027083 0.048148
0 0.306250 0.587037 0.027083 0.048148
0 0.725000 0.265741 0.027083 0.048148
0 0.398958 0.532407 0.027083 0.048148
0 0.349479 0.395370 0.027083 0.048148
0 0.758333 0.225000 0.027083 0.048148
0 0.509375 0.774074 0.027083 0.048148
0 0.576042 0.373148 0.027083 0.048148
0 0.620833 0.464815 0.027083 0.048148
0 0.704167 0.231481 0.027083 0.048148
0 0.257812 0.761111 0.027083 0.048148
0 0.680729 0.854630 0.027083 0.048148
0 0.195312 0.688889 0.027083 0.048148
0 0.424479 0.540741 0.027083 0.048148
0 0.569271 0.328704 0.027083 0.048148
0 0.388542 0.360185 0.027083 0.048148
0 0.671875 0.524074 0.027083 0.048148
0 0.596875 0.189815 0.027083 0.048148
0 0.272917 0.489815 0.027083 0.048148
0 0.476562 0.804630 0.027083 0.048148
0 0.358854 0.526852 0.027083 0.048148
0 0.330729 0.521296 0.027083 0.048148
0 0.527604 0.736111 0.027083 0.048148
0 0.341667 0.225926 0.027083 0.048148
0 0.459375 0.550000 0.027083 0.048148
0 0.452604 0.083333 0.027083 0.048148
0 0.341146 0.668519 0.027083 0.048148
0 0.816146 0.539815 0.027083 0.048148
0 0.264583 0.424074 0.027083 0.048148
0 0.789583 0.230556 0.027083 0.048148
0 0.188542 0.746296 0.027083 0.048148
0 0.744792 0.837037 0.027083 0.048148
0 0.233854 0.107407 0.027083 0.048148
0 0.638542 0.351852 0.027083 0.048148
0 0.304688 0.435185 0.027083 0.048148
0 0.331771 0.125000 0.027083 0.048148
0 0.744271 0.869444 0.027083 0.048148
0 0.522396 0.800000 0.027083 0.048148
0 0.560417 0.180556 0.027083 0.048148
0 0.589063 0.355556 0.027083 0.048148
0 0.416146 0.497222 0.027083 0.048148
0 0.665625 0.568519 0.027083 0.048148
0 0.718750 0.359259 0.027083 0.048148
0 0.472396 0.156481 0.027083 0.048148
