0 0.518750 0.232407 0.027083 0.048148
0 0.593750 0.704630 0.027083 0.048148
0 0.726042 0.250926 0.027083 0.048148
0 0.277604 0.754630 0.027083 0.048148
0 0.367188 0.640741 0.027083 0.048148
0 0.693229 0.237963 0.027083 0.048148
0 0.442708 0.575000 0.027083 0.048148
0 0.321875 0.232407 0.027083 0.048148
0 0.459896 0.162037 0.027083 0.048148
0 0.713542 0.269444 0.027083 0.048148
0 0.596875 0.228704 0.027083 0.048148
0 0.639583 0.417593 0.027083 0.048148
0 0.498958 0.229630 0.027083 0.048148
0 0.384896 0.576852 0.027083 0.048148
0 0.530208 0.574074 0.027083 0.048148
0 0.628646 0.226852 0.027083 0.048148
0 0.553125 0.228704 0.027083 0.048148
0 0.296875 0.250926 0.027083 0.048148
0 0.717708 0.789815 0.027083 0.048148
0 0.319271 0.517593 0.027083 0.048148
0 0.306771 0.456481 0.027083 0.048148
0 0.369792 0.481481 0.027083 0.048148
0 0.597917 0.377778 0.027083 0.048148
0 0.647396 0.356481 0.027083 0.048148
0 0.301563 0.424074 0.027083 0.048148
0 0.653125 0.250000 0.027083 0.048148
0 0.741146 0.224074 0.027083 0.048148
0 0.808854 0.483333 0.027083 0.048148
0 0.551042 0.396296 0.027083 0.048148
0 0.296875 0.396296 0.027083 0.048148
0 0.486979 0.576852 0.027083 0.048148
0 0.767188 0.220370 0.027083 0.048148
0 0.270313 0.237037 0.027083 0.048148
0 0.708333 0.220370 0.027083 0.048148
0 0.530208 0.798148 0.027083 0.048148
0 0.276562 0.806481 0.027083 0.048148
0 0.213021 0.526852 0.027083 0.048148
0 0.409375 0.577778 0.027083 0.048148
0 0.508333 0.537963 0.027083 0.048148
0 0.313021 0.490741 0.027083 0.048148
0 0.330208 0.567593 0.027083 0.048148
0 0.336979 0.803704 0.027083 0.048148
0 0.236458 0.502778 0.027083 0.048148
0 0.382812 0.677778 0.027083 0.048148
0 0.653125 0.156481 0.027083 0.048148
0 0.501563 0.900000 0.027083 0.048148
0 0.392188 0.466667 0.027083 0.048148
0 0.585938 0.341667 0.027083 0.048148
0 0.658854 0.396296 0.027083 0.048148
