0 0.387500 0.477778 0.027083 0.048148
0 0.378125 0.343519 0.027083 0.048148
0 0.405729 0.604630 0.027083 0.048148
0 0.113542 0.562037 0.027083 0.048148
0 0.411979 0.737037 0.027083 0.048148
0 0.353646 0.489815 0.027083 0.048148
0 0.481250 0.200926 0.027083 0.048148
0 0.401042 0.322222 0.027083 0.048148
0 0.440625 0.599074 0.027083 0.048148
0 0.289062 0.663889 0.027083 0.048148
0 0.411979 0.256481 0.027083 0.048148
0 0.465625 0.594444 0.027083 0.048148
0 0.391146 0.400000 0.027083 0.048148
0 0.305729 0.232407 0.027083 0.048148
0 0.279687 0.425926 0.027083 0.048148
0 0.386458 0.774074 0.027083 0.048148
0 0.802083 0.544444 0.027083 0.048148
0 0.365625 0.317593 0.027083 0.048148
0 0.614062 0.638889 0.027083 0.048148
0 0.270833 0.250000 0.027083 0.048148
0 0.388021 0.295370 0.027083 0.048148
0 0.313542 0.574074 0.027083 0.048148
0 0.288542 0.811111 0.027083 0.048148
0 0.337500 0.375926 0.027083 0.048148
0 0.277604 0.641667 0.027083 0.048148
0 0.342708 0.293519 0.027083 0.048148
0 0.729167 0.762037 0.027083 0.048148
0 0.708854 0.315741 0.027083 0.048148
0 0.780208 0.286111 0.027083 0.048148
0 0.465104 0.320370 0.027083 0.048148
0 0.606771 0.192593 0.027083 0.048148
0 0.262500 0.848148 0.027083 0.048148
0 0.758333 0.377778 0.027083 0.048148
0 0.817187 0.766667 0.027083 0.048148
0 0.461979 0.198148 0.027083 0.048148
0 0.492708 0.591667 0.027083 0.048148
0 0.385937 0.568519 0.027083 0.048148
0 0.280208 0.725926 0.027083 0.048148
0 0.884896 0.161111 0.027083 0.048148
0 0.890625 0.545370 0.027083 0.048148
0 0.123438 0.585185 0.027083 0.048148
0 0.123958 0.538889 0.027083 0.048148
0 0.721354 0.701852 0.027083 0.048148
0 0.426042 0.299074 0.027083 0.048148
0 0.364583 0.412963 0.027083 0.048148
0 0.923958 0.437963 0.027083 0.048148
0 0.252083 0.604630 0.027083 0.048148
0 0.903125 0.187037 0.027083 0.048148
0 0.290625 0.479630 0.027083 0.048148
