0 0.590104 0.685185 0.027083 0.048148
0 0.293750 0.139815 0.027083 0.048148
0 0.745313 0.173148 0.027083 0.048148
0 0.514062 0.151852 0.027083 0.048148
0 0.730729 0.192593 0.027083 0.048148
0 0.487500 0.141667 0.027083 0.048148
0 0.426042 0.528704 0.027083 0.048148
0 0.707812 0.162963 0.027083 0.048148
0 0.591146 0.330556 0.027083 0.048148
0 0.336458 0.601852 0.027083 0.048148
0 0.551562 0.743519 0.027083 0.048148
0 0.364583 0.400926 0.027083 0.048148
0 0.234375 0.725000 0.027083 0.048148
0 0.264062 0.155556 0.027083 0.048148
0 0.764062 0.143519 0.027083 0.048148
0 0.727604 0.787963 0.027083 0.048148
0 0.267708 0.357407 0.027083 0.048148
0 0.727083 0.139815 0.027083 0.048148
0 0.581250 0.287963 0.027083 0.048148
0 0.451042 0.529630 0.027083 0.048148
0 0.599479 0.148148 0.027083 0.048148
0 0.283333 0.449074 0.027083 0.048148
0 0.519271 0.784259 0.027083 0.048148
0 0.345313 0.245370 0.027083 0.048148
0 0.557813 0.141667 0.027083 0.048148
0 0.567708 0.701852 0.027083 0.048148
0 0.631771 0.385185 0.027083 0.048148
0 0.325000 0.452778 0.027083 0.048148
0 0.697396 0.459259 0.027083 0.048148
0 0.648438 0.356481 0.027083 0.048148
0 0.652083 0.297222 0.027083 0.048148
0 0.693750 0.505556 0.027083 0.048148
0 0.641667 0.411111 0.027083 0.048148
0 0.377604 0.676852 0.027083 0.048148
0 0.793750 0.141667 0.027083 0.048148
0 0.634896 0.149074 0.027083 0.048148
0 0.275000 0.401852 0.027083 0.048148
0 0.249479 0.141667 0.027083 0.048148
0 0.300000 0.787037 0.027083 0.048148
0 0.548438 0.331481 0.027083 0.048148
0 0.356250 0.531481 0.027083 0.048148
0 0.229687 0.787963 0.027083 0.048148
0 0.165625 0.464815 0.027083 0.048148
0 0.444271 0.295370 0.027083 0.048148
0 0.230208 0.138889 0.027083 0.048148
0 0.296354 0.510185 0.027083 0.048148
0 0.330208 0.137037 0.027083 0.048148
0 0.471354 0.138889 0.027083 0.048148
0 0.383854 0.530556 0.027083 0.048148
