0 0.189062 0.617593 0.027083 0.048148
0 0.644271 0.766667 0.027083 0.048148
0 0.433333 0.873148 0.027083 0.048148
0 0.397396 0.829630 0.027083 0.048148
0 0.726042 0.588889 0.027083 0.048148
0 0.713542 0.618519 0.027083 0.048148
0 0.795833 0.249074 0.027083 0.048148
0 0.261458 0.224074 0.027083 0.048148
0 0.230208 0.636111 0.027083 0.048148
0 0.785417 0.347222 0.027083 0.048148
0 0.246875 0.103704 0.027083 0.048148
0 0.226042 0.533333 0.027083 0.048148
0 0.234896 0.205556 0.027083 0.048148
0 0.742188 0.384259 0.027083 0.048148
0 0.210938 0.412037 0.027083 0.048148
0 0.222917 0.314815 0.027083 0.048148
0 0.814063 0.149074 0.027083 0.048148
0 0.572917 0.108333 0.027083 0.048148
0 0.775521 0.437963 0.027083 0.048148
0 0.711458 0.385185 0.027083 0.048148
0 0.372917 0.319444 0.027083 0.048148
0 0.199479 0.516667 0.027083 0.048148
0 0.762500 0.548148 0.027083 0.048148
0 0.176042 0.051852 0.027083 0.048148
0 0.182292 0.662963 0.027083 0.048148
0 0.759896 0.351852 0.027083 0.048148
0 0.287500 0.352778 0.027083 0.048148
0 0.744271 0.165741 0.027083 0.048148
0 0.398438 0.616667 0.027083 0.048148
0 0.341667 0.628704 0.027083 0.048148
0 0.353646 0.682407 0.027083 0.048148
0 0.618750 0.658333 0.027083 0.048148
0 0.396354 0.266667 0.027083 0.048148
0 0.348958 0.830556 0.027083 0.048148
0 0.735938 0.425000 0.027083 0.048148
0 0.241146 0.840741 0.027083 0.048148
0 0.791146 0.300000 0.027083 0.048148
0 0.079687 0.707407 0.027083 0.048148
0 0.884896 0.838889 0.027083 0.048148
0 0.321354 0.045370 0.027083 0.048148
0 0.220312 0.365741 0.027083 0.048148
0 0.741146 0.225926 0.027083 0.048148
0 0.772396 0.237037 0.027083 0.048148
0 0.827604 0.803704 0.027083 0.048148
0 0.410938 0.703704 0.027083 0.048148
0 0.826042 0.900926 0.027083 0.048148
0 0.902604 0.813889 0.027083 0.048148
0 0.129167 0.188889 0.027083 0.048148
0 0.862500 0.762963 0.027083 0.048148
