0 0.327604 0.473148 0.027083 0.048148
0 0.327083 0.335185 0.027083 0.048148
0 0.338021 0.604630 0.027083 0.048148
0 0.271354 0.218519 0.027083 0.048148
0 0.373437 0.605556 0.027083 0.048148
0 0.661979 0.376852 0.027083 0.048148
0 0.334375 0.738889 0.027083 0.048148
0 0.293229 0.477778 0.027083 0.048148
0 0.365625 0.255556 0.027083 0.048148
0 0.255729 0.199074 0.027083 0.048148
0 0.284375 0.361111 0.027083 0.048148
0 0.440104 0.212963 0.027083 0.048148
0 0.400000 0.605556 0.027083 0.048148
0 0.426042 0.608333 0.027083 0.048148
0 0.415104 0.330556 0.027083 0.048148
0 0.352083 0.318519 0.027083 0.048148
0 0.566146 0.230556 0.027083 0.048148
0 0.346354 0.362037 0.027083 0.048148
0 0.247396 0.556481 0.027083 0.048148
0 0.206771 0.614815 0.027083 0.048148
0 0.336458 0.394444 0.027083 0.048148
0 0.225521 0.219444 0.027083 0.048148
0 0.341146 0.291667 0.027083 0.048148
0 0.314583 0.304630 0.027083 0.048148
0 0.206250 0.787037 0.027083 0.048148
0 0.745833 0.855556 0.027083 0.048148
0 0.307292 0.771296 0.027083 0.048148
0 0.545312 0.680556 0.027083 0.048148
0 0.653646 0.826852 0.027083 0.048148
0 0.289062 0.673148 0.027083 0.048148
0 0.205208 0.853704 0.027083 0.048148
0 0.293750 0.276852 0.027083 0.048148
0 0.203125 0.700000 0.027083 0.048148
0 0.223438 0.399074 0.027083 0.048148
0 0.316667 0.363889 0.027083 0.048148
0 0.411979 0.362963 0.027083 0.048148
0 0.555208 0.861111 0.027083 0.048148
0 0.249479 0.855556 0.027083 0.048148
0 0.284896 0.401852 0.027083 0.048148
0 0.707292 0.447222 0.027083 0.048148
0 0.652604 0.598148 0.027083 0.048148
0 0.534896 0.379630 0.027083 0.048148
0 0.422917 0.209259 0.027083 0.048148
0 0.177604 0.820370 0.027083 0.048148
0 0.302083 0.844444 0.027083 0.048148
0 0.486458 0.229630 0.027083 0.048148
0 0.294792 0.325926 0.027083 0.048148
0 0.696875 0.286111 0.027083 0.048148
0 0.430729 0.425926 0.027083 0.048148
