0 0.324479 0.541667 0.027083 0.048148
0 0.567187 0.835185 0.027083 0.048148
0 0.295833 0.407407 0.027083 0.048148
0 0.289583 0.340741 0.027083 0.048148
0 0.345833 0.779630 0.027083 0.048148
0 0.666667 0.813889 0.027083 0.048148
0 0.618229 0.826852 0.027083 0.048148
0 0.366667 0.874074 0.027083 0.048148
0 0.351042 0.481481 0.027083 0.048148
0 0.323958 0.312963 0.027083 0.048148
0 0.336458 0.664815 0.027083 0.048148
0 0.436979 0.899074 0.027083 0.048148
0 0.329167 0.455556 0.027083 0.048148
0 0.631771 0.225926 0.027083 0.048148
0 0.559375 0.603704 0.027083 0.048148
0 0.360417 0.526852 0.027083 0.048148
0 0.395313 0.878704 0.027083 0.048148
0 0.416146 0.298148 0.027083 0.048148
0 0.367708 0.712963 0.027083 0.048148
0 0.315625 0.401852 0.027083 0.048148
0 0.599479 0.359259 0.027083 0.048148
0 0.581771 0.873148 0.027083 0.048148
0 0.307812 0.479630 0.027083 0.048148
0 0.356771 0.324074 0.027083 0.048148
0 0.413542 0.861111 0.027083 0.048148
0 0.239063 0.580556 0.027083 0.048148
0 0.227604 0.382407 0.027083 0.048148
0 0.253125 0.823148 0.027083 0.048148
0 0.343229 0.288889 0.027083 0.048148
0 0.243750 0.661111 0.027083 0.048148
0 0.780729 0.694444 0.027083 0.048148
0 0.400521 0.336111 0.027083 0.048148
0 0.380208 0.674074 0.027083 0.048148
0 0.233854 0.490741 0.027083 0.048148
0 0.248958 0.746296 0.027083 0.048148
0 0.221354 0.269444 0.027083 0.048148
0 0.630208 0.846296 0.027083 0.048148
0 0.605729 0.868519 0.027083 0.048148
0 0.182292 0.539815 0.027083 0.048148
0 0.417708 0.903704 0.027083 0.048148
0 0.484375 0.194444 0.027083 0.048148
0 0.623958 0.902778 0.027083 0.048148
0 0.614062 0.457407 0.027083 0.048148
0 0.343229 0.749074 0.027083 0.048148
0 0.401562 0.939815 0.027083 0.048148
0 0.232292 0.789815 0.027083 0.048148
0 0.529687 0.631481 0.027083 0.048148
0 0.218750 0.550926 0.027083 0.048148
0 0.667188 0.247222 0.027083 0.048148
