0 0.576042 0.494444 0.027083 0.048148
0 0.203125 0.698148 0.027083 0.048148
0 0.519271 0.325926 0.027083 0.048148
0 0.293750 0.457407 0.027083 0.048148
0 0.210938 0.740741 0.027083 0.048148
0 0.305729 0.632407 0.027083 0.048148
0 0.384375 0.881481 0.027083 0.048148
0 0.464062 0.766667 0.027083 0.048148
0 0.530208 0.366667 0.027083 0.048148
0 0.566667 0.863889 0.027083 0.048148
0 0.301563 0.483333 0.027083 0.048148
0 0.305208 0.751852 0.027083 0.048148
0 0.344792 0.853704 0.027083 0.048148
0 0.336458 0.362037 0.027083 0.048148
0 0.275521 0.236111 0.027083 0.048148
0 0.446354 0.731481 0.027083 0.048148
0 0.584896 0.286111 0.027083 0.048148
0 0.592708 0.219444 0.027083 0.048148
0 0.544792 0.888889 0.027083 0.048148
0 0.522396 0.887963 0.027083 0.048148
0 0.505208 0.770370 0.027083 0.048148
0 0.606250 0.407407 0.027083 0.048148
0 0.367188 0.880556 0.027083 0.048148
0 0.224479 0.725000 0.027083 0.048148
0 0.661979 0.187037 0.027083 0.048148
0 0.359375 0.233333 0.027083 0.048148
0 0.681250 0.474074 0.027083 0.048148
0 0.328646 0.653704 0.027083 0.048148
0 0.475521 0.853704 0.027083 0.048148
0 0.283854 0.188889 0.027083 0.048148
0 0.761458 0.510185 0.027083 0.048148
0 0.306250 0.714815 0.027083 0.048148
0 0.483854 0.490741 0.027083 0.048148
0 0.475000 0.218519 0.027083 0.048148
0 0.276042 0.355556 0.027083 0.048148
0 0.350521 0.618519 0.027083 0.048148
0 0.629167 0.289815 0.027083 0.048148
0 0.349479 0.914815 0.027083 0.048148
0 0.636458 0.220370 0.027083 0.048148
0 0.561979 0.923148 0.027083 0.048148
0 0.432812 0.270370 0.027083 0.048148
0 0.700521 0.234259 0.027083 0.048148
0 0.319271 0.296296 0.027083 0.048148
0 0.604688 0.605556 0.027083 0.048148
0 0.584896 0.332407 0.027083 0.048148
0 0.169271 0.482407 0.027083 0.048148
0 0.384375 0.485185 0.027083 0.048148
0 0.593229 0.473148 0.027083 0.048148
0 0.505208 0.854630 0.027083 0.048148
