0 0.235937 0.262037 0.027083 0.048148
0 0.276042 0.837037 0.027083 0.048148
0 0.242188 0.358333 0.027083 0.048148
0 0.248438 0.453704 0.027083 0.048148
0 0.261979 0.646296 0.027083 0.048148
0 0.268229 0.743519 0.027083 0.048148
0 0.255208 0.555556 0.027083 0.048148
0 0.385417 0.481481 0.027083 0.048148
0 0.705729 0.737963 0.027083 0.048148
0 0.745313 0.196296 0.027083 0.048148
0 0.739062 0.530556 0.027083 0.048148
0 0.730729 0.305556 0.027083 0.048148
0 0.749479 0.250000 0.027083 0.048148
0 0.296875 0.269444 0.027083 0.048148
0 0.318750 0.555556 0.027083 0.048148
0 0.759375 0.373148 0.027083 0.048148
0 0.398438 0.451852 0.027083 0.048148
0 0.731250 0.563889 0.027083 0.048148
0 0.741146 0.348148 0.027083 0.048148
0 0.276562 0.883333 0.027083 0.048148
0 0.255729 0.860185 0.027083 0.048148
0 0.725000 0.243519 0.027083 0.048148
0 0.529687 0.192593 0.027083 0.048148
0 0.722396 0.385185 0.027083 0.048148
0 0.722396 0.202778 0.027083 0.048148
0 0.523958 0.152778 0.027083 0.048148
0 0.277604 0.521296 0.027083 0.048148
0 0.610417 0.271296 0.027083 0.048148
0 0.783333 0.726852 0.027083 0.048148
0 0.375000 0.037037 0.027083 0.048148
0 0.686979 0.153704 0.027083 0.048148
0 0.382292 0.145370 0.027083 0.048148
0 0.598437 0.223148 0.027083 0.048148
0 0.749479 0.100000 0.027083 0.048148
0 0.753646 0.291667 0.027083 0.048148
0 0.551042 0.832407 0.027083 0.048148
0 0.383854 0.841667 0.027083 0.048148
0 0.479167 0.799074 0.027083 0.048148
0 0.793229 0.766667 0.027083 0.048148
0 0.273958 0.437037 0.027083 0.048148
0 0.393750 0.185185 0.027083 0.048148
0 0.484896 0.878704 0.027083 0.048148
0 0.761979 0.416667 0.027083 0.048148
0 0.261979 0.599074 0.027083 0.048148
0 0.641667 0.620370 0.027083 0.048148
0 0.498437 0.113889 0.027083 0.048148
0 0.396354 0.423148 0.027083 0.048148
0 0.356250 0.686111 0.027083 0.048148
0 0.226562 0.219444 0.027083 0.048148
