0 0.597396 0.830556 0.027083 0.048148
0 0.527604 0.859259 0.027083 0.048148
0 0.529687 0.514815 0.027083 0.048148
0 0.620833 0.858333 0.027083 0.048148
0 0.677083 0.230556 0.027083 0.048148
0 0.714063 0.350000 0.027083 0.048148
0 0.519271 0.479630 0.027083 0.048148
0 0.806250 0.602778 0.027083 0.048148
0 0.684896 0.192593 0.027083 0.048148
0 0.666146 0.686111 0.027083 0.048148
0 0.290104 0.137963 0.027083 0.048148
0 0.658854 0.309259 0.027083 0.048148
0 0.389062 0.295370 0.027083 0.048148
0 0.708333 0.477778 0.027083 0.048148
0 0.280208 0.679630 0.027083 0.048148
0 0.289062 0.245370 0.027083 0.048148
0 0.513542 0.825926 0.027083 0.048148
0 0.285417 0.352778 0.027083 0.048148
0 0.330208 0.852778 0.027083 0.048148
0 0.665104 0.352778 0.027083 0.048148
0 0.485417 0.367593 0.027083 0.048148
0 0.429688 0.082407 0.027083 0.048148
0 0.496875 0.793519 0.027083 0.048148
0 0.684375 0.753704 0.027083 0.048148
0 0.569792 0.089815 0.027083 0.048148
0 0.397396 0.147222 0.027083 0.048148
0 0.748958 0.744444 0.027083 0.048148
0 0.282292 0.466667 0.027083 0.048148
0 0.281771 0.794444 0.027083 0.048148
0 0.487500 0.276852 0.027083 0.048148
0 0.465104 0.159259 0.027083 0.048148
0 0.709896 0.191667 0.027083 0.048148
0 0.578646 0.799074 0.027083 0.048148
0 0.680208 0.276852 0.027083 0.048148
0 0.786458 0.448148 0.027083 0.048148
0 0.430729 0.889815 0.027083 0.048148
0 0.623958 0.225000 0.027083 0.048148
0 0.822396 0.626852 0.027083 0.048148
0 0.580208 0.894444 0.027083 0.048148
0 0.657292 0.196296 0.027083 0.048148
0 0.641667 0.289815 0.027083 0.048148
0 0.336979 0.488889 0.027083 0.048148
0 0.528125 0.086111 0.027083 0.048148
0 0.281771 0.574074 0.027083 0.048148
0 0.435937 0.304630 0.027083 0.048148
0 0.475000 0.821296 0.027083 0.048148
0 0.330729 0.368519 0.027083 0.048148
0 0.574479 0.854630 0.027083 0.048148
0 0.526563 0.166667 0.027083 0.048148
