0 0.256250 0.507407 0.027083 0.048148
0 0.267708 0.547222 0.027083 0.048148
0 0.263021 0.365741 0.027083 0.048148
0 0.665104 0.650926 0.027083 0.048148
0 0.886458 0.298148 0.027083 0.048148
0 0.111979 0.433333 0.027083 0.048148
0 0.223438 0.552778 0.027083 0.048148
0 0.640625 0.543519 0.027083 0.048148
0 0.600521 0.956481 0.027083 0.048148
0 0.398958 0.332407 0.027083 0.048148
0 0.317708 0.917593 0.027083 0.048148
0 0.408333 0.784259 0.027083 0.048148
0 0.197917 0.331481 0.027083 0.048148
0 0.789062 0.155556 0.027083 0.048148
0 0.336979 0.615741 0.027083 0.048148
0 0.487500 0.321296 0.027083 0.048148
0 0.531250 0.738889 0.027083 0.048148
0 0.751042 0.661111 0.027083 0.048148
0 0.801042 0.270370 0.027083 0.048148
0 0.313021 0.538889 0.027083 0.048148
0 0.621875 0.947222 0.027083 0.048148
0 0.238542 0.348148 0.027083 0.048148
0 0.484375 0.443519 0.027083 0.048148
0 0.345833 0.338889 0.027083 0.048148
0 0.139063 0.952778 0.027083 0.048148
0 0.171354 0.446296 0.027083 0.048148
0 0.290104 0.633333 0.027083 0.048148
0 0.268750 0.312963 0.027083 0.048148
0 0.680208 0.755556 0.027083 0.048148
0 0.234375 0.654630 0.027083 0.048148
0 0.184375 0.562037 0.027083 0.048148
0 0.266667 0.966667 0.027083 0.048148
0 0.247917 0.478704 0.027083 0.048148
0 0.159896 0.339815 0.027083 0.048148
0 0.245312 0.756481 0.027083 0.048148
0 0.534896 0.823148 0.027083 0.048148
0 0.206250 0.763889 0.027083 0.048148
0 0.566667 0.198148 0.027083 0.048148
0 0.256771 0.857407 0.027083 0.048148
0 0.483333 0.193519 0.027083 0.048148
0 0.122396 0.458333 0.027083 0.048148
0 0.217708 0.864815 0.027083 0.048148
0 0.855729 0.197222 0.027083 0.048148
0 0.391146 0.223148 0.027083 0.048148
0 0.195312 0.662037 0.027083 0.048148
0 0.146875 0.623148 0.027083 0.048148
0 0.796875 0.901852 0.027083 0.048148
0 0.447917 0.201852 0.027083 0.048148
0 0.636979 0.910185 0.027083 0.048148
