0 0.297917 0.491667 0.027083 0.048148
0 0.334896 0.625000 0.027083 0.048148
0 0.286979 0.422222 0.027083 0.048148
0 0.603125 0.881481 0.027083 0.048148
0 0.704167 0.840741 0.027083 0.048148
0 0.370833 0.865741 0.027083 0.048148
0 0.398958 0.958333 0.027083 0.048148
0 0.354687 0.749074 0.027083 0.048148
0 0.358333 0.557407 0.027083 0.048148
0 0.654167 0.863889 0.027083 0.048148
0 0.370833 0.601852 0.027083 0.048148
0 0.634375 0.241667 0.027083 0.048148
0 0.445312 0.936111 0.027083 0.048148
0 0.390104 0.791667 0.027083 0.048148
0 0.318229 0.481481 0.027083 0.048148
0 0.334896 0.533333 0.027083 0.048148
0 0.313542 0.562037 0.027083 0.048148
0 0.355729 0.394444 0.027083 0.048148
0 0.619792 0.918519 0.027083 0.048148
0 0.671354 0.254630 0.027083 0.048148
0 0.320312 0.386111 0.027083 0.048148
0 0.581250 0.642593 0.027083 0.048148
0 0.429167 0.958333 0.027083 0.048148
0 0.667708 0.880556 0.027083 0.048148
0 0.188021 0.649074 0.027083 0.048148
0 0.415625 0.357407 0.027083 0.048148
0 0.339062 0.360185 0.027083 0.048148
0 0.366667 0.834259 0.027083 0.048148
0 0.515104 0.292593 0.027083 0.048148
0 0.607812 0.387037 0.027083 0.048148
0 0.369792 0.338889 0.027083 0.048148
0 0.498958 0.965741 0.027083 0.048148
0 0.653125 0.234259 0.027083 0.048148
0 0.349479 0.186111 0.027083 0.048148
0 0.456771 0.850926 0.027083 0.048148
0 0.635417 0.069444 0.027083 0.048148
0 0.540104 0.279630 0.027083 0.048148
0 0.278125 0.929630 0.027083 0.048148
0 0.268750 0.850000 0.027083 0.048148
0 0.248958 0.681481 0.027083 0.048148
0 0.498958 0.920370 0.027083 0.048148
0 0.258333 0.762963 0.027083 0.048148
0 0.225521 0.479630 0.027083 0.048148
0 0.644792 0.908333 0.027083 0.048148
0 0.518229 0.124074 0.027083 0.048148
0 0.238021 0.588889 0.027083 0.048148
0 0.400521 0.750926 0.027083 0.048148
0 0.536979 0.104630 0.027083 0.048148
0 0.473438 0.967593 0.027083 0.048148
