0 0.310821 0.866537 0.007954 0.009718
0 0.305432 0.772080 0.004335 0.009472
0 0.300630 0.668839 0.004355 0.010391
0 0.299401 0.563055 0.006423 0.010531
0 0.295415 0.461599 0.004851 0.009507
0 0.294035 0.360888 0.006423 0.010531
0 0.289312 0.261322 0.006364 0.007773
0 0.366221 0.865550 0.004890 0.011346
0 0.363309 0.765863 0.006384 0.008693
0 0.361890 0.663313 0.007915 0.007879
0 0.358880 0.559030 0.004315 0.008553
0 0.355382 0.456160 0.006822 0.005052
0 0.352649 0.352779 0.010024 0.009858
0 0.349201 0.252207 0.003241 0.006645
0 0.423303 0.858466 0.005349 0.008623
0 0.420939 0.760122 0.004753 0.004912
0 0.422534 0.653226 0.003202 0.004807
0 0.419909 0.554901 0.006384 0.008693
0 0.418667 0.460624 0.002704 0.005691
0 0.414908 0.369741 0.005329 0.007704
0 0.412284 0.271414 0.006442 0.011451
0 0.484494 0.849724 0.009009 0.010706
0 0.479014 0.751131 0.005368 0.009542
0 0.477248 0.644461 0.006442 0.011451
0 0.474197 0.550307 0.006462 0.012370
0 0.474444 0.465136 0.005408 0.011381
0 0.471627 0.382013 0.006462 0.012370
0 0.467600 0.290687 0.005408 0.011381
0 0.538364 0.837792 0.004394 0.012230
0 0.535033 0.742737 0.006920 0.009647
0 0.529904 0.636296 0.005329 0.007704
0 0.523281 0.544685 0.006442 0.011451
0 0.521549 0.463790 0.004295 0.007633
0 0.517122 0.378014 0.004315 0.008553
0 0.515749 0.289731 0.006344 0.006854
0 0.592553 0.828603 0.007379 0.006924
0 0.590535 0.734378 0.005368 0.009543
0 0.579965 0.627845 0.006384 0.008693
0 0.571342 0.539592 0.006364 0.007773
0 0.565720 0.458500 0.003798 0.008518
0 0.565402 0.371065 0.007974 0.010637
0 0.562615 0.289321 0.004870 0.010427
0 0.644911 0.818616 0.006901 0.008728
0 0.643191 0.726213 0.007438 0.009682
0 0.629329 0.623124 0.005926 0.011416
0 0.616099 0.537484 0.005886 0.009577
0 0.611473 0.454484 0.007497 0.012440
0 0.613273 0.369207 0.005368 0.009542
0 0.607791 0.282583 0.007458 0.010602
