0 0.598914 0.897712 0.007995 0.014214
0 0.528947 0.879709 0.006255 0.011840
0 0.468384 0.842455 0.006255 0.011840
0 0.421865 0.805607 0.006765 0.012027
0 0.381247 0.793602 0.007996 0.014214
0 0.341650 0.781969 0.004305 0.007653
0 0.293596 0.762993 0.006150 0.010933
0 0.608806 0.800654 0.010651 0.016053
0 0.544210 0.779887 0.008401 0.013493
0 0.487941 0.758381 0.009120 0.015494
0 0.438211 0.719415 0.006660 0.011120
0 0.395087 0.708385 0.005130 0.010561
0 0.350598 0.693074 0.004920 0.008747
0 0.302229 0.676818 0.005535 0.009840
0 0.620536 0.703794 0.007171 0.011306
0 0.554507 0.683922 0.007786 0.012400
0 0.499116 0.659429 0.007171 0.011306
0 0.447595 0.638241 0.006346 0.008399
0 0.402798 0.623291 0.007772 0.008052
0 0.358106 0.607434 0.006555 0.010213
0 0.308318 0.587352 0.009015 0.014587
0 0.635903 0.603066 0.008506 0.014400
0 0.564314 0.580690 0.010246 0.016773
0 0.508752 0.562277 0.010756 0.016960
0 0.455065 0.548333 0.006255 0.011840
0 0.411393 0.532849 0.005640 0.010747
0 0.367871 0.518364 0.005535 0.009840
0 0.318168 0.504457 0.006150 0.010933
0 0.643695 0.508075 0.008611 0.015307
0 0.571401 0.482606 0.011762 0.012984
0 0.510924 0.467598 0.009015 0.014586
0 0.462182 0.456878 0.005849 0.012561
0 0.418503 0.443754 0.006870 0.012934
0 0.373234 0.432886 0.006150 0.010933
0 0.327889 0.413481 0.007681 0.011493
0 0.653096 0.403749 0.006150 0.010933
0 0.580489 0.381001 0.005640 0.010747
0 0.521986 0.371913 0.010141 0.015866
0 0.470103 0.369970 0.011581 0.019868
0 0.427301 0.353858 0.009225 0.016401
0 0.384950 0.340747 0.008191 0.011679
0 0.334600 0.320932 0.010546 0.015146
0 0.661713 0.306225 0.011986 0.019147
0 0.587881 0.282557 0.012901 0.018613
0 0.518585 0.279451 0.008506 0.014400
0 0.476394 0.281049 0.009526 0.014773
0 0.436106 0.261603 0.009735 0.016587
0 0.393283 0.252572 0.005744 0.011654
0 0.346459 0.232156 0.008611 0.015307
