0 0.674744 0.890899 0.008276 0.010550
0 0.683265 0.796547 0.004648 0.009928
0 0.691485 0.693307 0.004698 0.010849
0 0.696200 0.587140 0.006771 0.011205
0 0.703541 0.485609 0.005166 0.010016
0 0.708241 0.384555 0.006771 0.011205
0 0.716259 0.285001 0.006621 0.008440
0 0.619122 0.884150 0.005266 0.011860
0 0.625327 0.784284 0.006671 0.009362
0 0.630126 0.681387 0.008176 0.008706
0 0.636580 0.576914 0.004598 0.009006
0 0.643478 0.473912 0.006990 0.005765
0 0.649624 0.370315 0.010350 0.010906
0 0.656397 0.269617 0.003461 0.006984
0 0.562012 0.871098 0.005634 0.009184
0 0.567622 0.772526 0.004915 0.005409
0 0.569536 0.664949 0.003361 0.005142
0 0.575407 0.566422 0.006671 0.009362
0 0.579756 0.471819 0.002892 0.005975
0 0.586522 0.380888 0.005584 0.008262
0 0.592392 0.282361 0.006821 0.012127
0 0.500828 0.855953 0.009363 0.011650
0 0.509575 0.757455 0.005684 0.010105
0 0.514858 0.650454 0.006821 0.012127
0 0.521021 0.556163 0.006871 0.013048
0 0.523575 0.470556 0.005784 0.011949
0 0.529138 0.387324 0.006871 0.013048
0 0.536188 0.295976 0.005784 0.011949
0 0.447103 0.838366 0.004798 0.012693
0 0.453575 0.743198 0.007240 0.010372
0 0.462229 0.636777 0.005584 0.008262
0 0.471896 0.545412 0.006821 0.012127
0 0.476298 0.464307 0.004548 0.008084
0 0.483566 0.378577 0.004598 0.009006
0 0.487849 0.290011 0.006571 0.007518
0 0.392967 0.823500 0.007608 0.007696
0 0.398094 0.729031 0.005684 0.010105
0 0.412217 0.623082 0.006671 0.009362
0 0.423783 0.535299 0.006621 0.008440
0 0.432097 0.454401 0.004079 0.008917
0 0.435293 0.366577 0.008326 0.011472
0 0.440782 0.284728 0.005216 0.010938
0 0.340698 0.808023 0.007190 0.009450
0 0.345465 0.715353 0.007758 0.010461
0 0.362782 0.613208 0.006303 0.012038
0 0.378889 0.528529 0.006203 0.010194
0 0.386266 0.445610 0.007908 0.013226
0 0.387264 0.359735 0.005684 0.010105
0 0.395620 0.273262 0.007808 0.011383
