0 0.394289 0.124941 0.009939 0.017110
0 0.446616 0.165268 0.009624 0.017669
0 0.495352 0.209913 0.010458 0.017474
0 0.545251 0.247385 0.013972 0.025398
0 0.595801 0.293915 0.011893 0.023940
0 0.644913 0.332299 0.011893 0.023940
0 0.692726 0.370198 0.010349 0.018957
0 0.669631 0.468451 0.011579 0.024499
0 0.632314 0.570483 0.010035 0.019517
0 0.604804 0.644727 0.011278 0.021169
0 0.589261 0.710453 0.009939 0.017110
0 0.571871 0.776787 0.009009 0.014897
0 0.556226 0.849989 0.008695 0.015457
0 0.621444 0.433288 0.018839 0.033491
0 0.569187 0.402078 0.011278 0.021169
0 0.518398 0.355368 0.013877 0.022991
0 0.468774 0.315586 0.020412 0.030694
0 0.419249 0.268326 0.022995 0.036405
0 0.368803 0.224898 0.015830 0.029821
0 0.352928 0.336701 0.014492 0.025763
0 0.399439 0.370589 0.008380 0.016017
0 0.448518 0.414991 0.008899 0.016381
0 0.496195 0.455808 0.010444 0.021364
0 0.544245 0.490364 0.010144 0.018034
0 0.590553 0.528628 0.007655 0.014728
0 0.340434 0.434460 0.009009 0.014897
0 0.323729 0.507359 0.008270 0.017500
0 0.306545 0.576368 0.011593 0.020610
0 0.289806 0.648233 0.011182 0.018762
0 0.388176 0.463240 0.009105 0.017304
0 0.432090 0.499683 0.012632 0.021338
0 0.477678 0.530351 0.009624 0.017669
0 0.522003 0.568617 0.014505 0.021872
0 0.563624 0.602812 0.008695 0.015457
0 0.546953 0.673218 0.008380 0.016017
0 0.529941 0.743868 0.007560 0.012321
0 0.510774 0.816404 0.009843 0.014702
0 0.467373 0.781359 0.010773 0.016914
0 0.488285 0.712166 0.011498 0.018203
0 0.504852 0.638659 0.013152 0.021703
0 0.425650 0.751115 0.009009 0.014897
0 0.443311 0.678945 0.008079 0.012686
0 0.461008 0.607808 0.013466 0.021144
0 0.414769 0.568085 0.007355 0.011397
0 0.398269 0.643658 0.009638 0.013778
0 0.379342 0.716376 0.007655 0.014728
0 0.368566 0.539972 0.010773 0.016914
0 0.355178 0.614388 0.014081 0.023915
0 0.334300 0.681089 0.011483 0.022093
