0 0.326294 0.219226 0.006592 0.010741
0 0.324097 0.325665 0.005493 0.012695
0 0.333435 0.446753 0.007691 0.012695
0 0.343597 0.564422 0.008239 0.013671
0 0.340851 0.673303 0.006042 0.010741
0 0.338379 0.781696 0.007691 0.010741
0 0.337005 0.895947 0.008239 0.012695
0 0.388642 0.214832 0.007141 0.009765
0 0.388642 0.322737 0.009338 0.010741
0 0.393859 0.448218 0.006592 0.013671
0 0.402923 0.565399 0.006042 0.009765
0 0.402649 0.670861 0.005493 0.009765
0 0.399078 0.781207 0.003845 0.007812
0 0.398254 0.894970 0.006592 0.010741
0 0.452637 0.215321 0.006592 0.008788
0 0.451812 0.324201 0.007141 0.009765
0 0.455658 0.452124 0.007141 0.015624
0 0.462799 0.567840 0.007141 0.010741
0 0.461426 0.671350 0.006592 0.012695
0 0.460053 0.776813 0.008239 0.010741
0 0.460053 0.897900 0.007141 0.010741
0 0.518280 0.216785 0.006042 0.009765
0 0.518829 0.325665 0.006042 0.012695
0 0.518829 0.450171 0.006042 0.009765
0 0.521026 0.559540 0.008239 0.011718
0 0.522949 0.671350 0.007691 0.006835
0 0.521301 0.779254 0.005493 0.011718
0 0.522949 0.896435 0.004395 0.007812
0 0.583374 0.213856 0.007691 0.009765
0 0.584473 0.324201 0.005493 0.009765
0 0.580628 0.450171 0.006592 0.009765
0 0.580902 0.562469 0.003845 0.007812
0 0.581451 0.671838 0.004943 0.007812
0 0.584198 0.780719 0.004943 0.008788
0 0.582825 0.896923 0.003296 0.006835
0 0.647369 0.215809 0.006042 0.009765
0 0.649566 0.319807 0.008239 0.012695
0 0.642426 0.453101 0.007141 0.015624
0 0.638581 0.563934 0.003845 0.012695
0 0.642426 0.672326 0.007141 0.014648
0 0.644349 0.780719 0.010987 0.018554
0 0.645447 0.896435 0.006592 0.011718
0 0.710267 0.214832 0.008789 0.011718
0 0.716034 0.326154 0.013733 0.019531
0 0.705322 0.450659 0.004395 0.010741
0 0.697357 0.562957 0.007141 0.010741
0 0.699280 0.669885 0.007691 0.011718
0 0.705322 0.777789 0.006592 0.010741
0 0.708618 0.896435 0.005493 0.013671
