0 0.639427 0.838449 0.008677 0.014743
0 0.584049 0.814207 0.008293 0.015426
0 0.531806 0.784643 0.009183 0.014960
0 0.479090 0.762496 0.012064 0.022130
0 0.424882 0.731611 0.010038 0.021261
0 0.372856 0.708332 0.010038 0.021261
0 0.322157 0.685145 0.008922 0.016543
0 0.335707 0.581419 0.009655 0.021943
0 0.362926 0.469749 0.008538 0.017226
0 0.383083 0.388386 0.009672 0.018560
0 0.392240 0.318971 0.008677 0.014743
0 0.403161 0.248409 0.007926 0.012725
0 0.411717 0.171593 0.007542 0.013408
0 0.386519 0.601797 0.016342 0.029051
0 0.440972 0.617070 0.009672 0.018560
0 0.495433 0.648062 0.012204 0.019647
0 0.548095 0.672568 0.018262 0.025637
0 0.601361 0.704476 0.020391 0.030789
0 0.655175 0.732334 0.013565 0.026164
0 0.660336 0.617389 0.012571 0.022348
0 0.611296 0.597771 0.007158 0.014091
0 0.558738 0.568548 0.007664 0.014308
0 0.507899 0.542444 0.008782 0.019026
0 0.457279 0.522624 0.008799 0.015643
0 0.408030 0.498631 0.006529 0.012973
0 0.663480 0.517294 0.007926 0.012725
0 0.673110 0.440462 0.006896 0.015674
0 0.683577 0.367324 0.010056 0.017878
0 0.693337 0.291501 0.009811 0.016077
0 0.613707 0.503078 0.007787 0.015208
0 0.566988 0.480170 0.011069 0.018312
0 0.519161 0.463454 0.008293 0.015426
0 0.471866 0.438871 0.012971 0.018281
0 0.427619 0.417500 0.007542 0.013408
0 0.437449 0.343136 0.007158 0.014091
0 0.447593 0.268430 0.006669 0.010490
0 0.459684 0.191226 0.008816 0.012259
0 0.505765 0.212907 0.009567 0.014277
0 0.491640 0.287333 0.010196 0.015395
0 0.482203 0.364724 0.011575 0.018530
0 0.549742 0.230352 0.007926 0.012725
0 0.539101 0.306749 0.007175 0.010708
0 0.528328 0.382138 0.011959 0.017847
0 0.577647 0.407590 0.006547 0.009590
0 0.586823 0.328182 0.008694 0.011359
0 0.598661 0.250870 0.006529 0.012973
0 0.625841 0.421605 0.009567 0.014277
0 0.632057 0.344261 0.012326 0.020547
0 0.646383 0.272303 0.009794 0.019461
