0 0.301471 0.726581 0.006874 0.011346
0 0.355234 0.726145 0.006383 0.012219
0 0.406788 0.719600 0.007364 0.011346
0 0.457852 0.720036 0.009329 0.017456
0 0.511370 0.713053 0.007364 0.017456
0 0.561943 0.712182 0.007364 0.017456
0 0.611288 0.710872 0.006874 0.013092
0 0.611778 0.610503 0.006874 0.018328
0 0.600731 0.497480 0.006383 0.013965
0 0.592384 0.415003 0.007364 0.014837
0 0.592630 0.347799 0.006874 0.011346
0 0.591402 0.278850 0.006383 0.009600
0 0.593121 0.205102 0.005892 0.010473
0 0.562679 0.609194 0.012766 0.022692
0 0.510879 0.601776 0.007364 0.014837
0 0.457116 0.608757 0.009820 0.014837
0 0.405807 0.610503 0.015221 0.018328
0 0.353024 0.618794 0.016694 0.022692
0 0.300243 0.623158 0.010310 0.020946
0 0.309817 0.515807 0.009820 0.017456
0 0.357198 0.517117 0.005401 0.011346
0 0.408998 0.511008 0.005892 0.011346
0 0.458834 0.507080 0.006383 0.015710
0 0.507688 0.508826 0.006874 0.012219
0 0.555805 0.506207 0.004910 0.010473
0 0.319391 0.422857 0.006383 0.009600
0 0.320128 0.348672 0.004910 0.013092
0 0.319637 0.277541 0.007856 0.013965
0 0.320128 0.204229 0.007856 0.012219
0 0.366772 0.429404 0.005892 0.012219
0 0.412435 0.426785 0.008838 0.013964
0 0.458343 0.430276 0.006383 0.012219
0 0.504742 0.426349 0.010802 0.013092
0 0.547949 0.424167 0.005892 0.010473
0 0.548194 0.352163 0.005401 0.011346
0 0.548194 0.279723 0.005401 0.007855
0 0.546722 0.204229 0.007364 0.008727
0 0.501796 0.205974 0.007856 0.010473
0 0.505478 0.279723 0.008347 0.011346
0 0.504496 0.354345 0.009329 0.013965
0 0.459325 0.204665 0.006383 0.009600
0 0.459570 0.278850 0.005892 0.007855
0 0.460061 0.352163 0.009820 0.013092
0 0.411699 0.356091 0.005401 0.006982
0 0.413171 0.279723 0.007364 0.007855
0 0.411944 0.204229 0.004910 0.010473
0 0.365791 0.349981 0.007856 0.010473
0 0.369719 0.276669 0.009820 0.015710
0 0.365545 0.205102 0.007364 0.015710
