0 0.334857 0.163221 0.005626 0.012339
0 0.391590 0.176512 0.006065 0.011560
0 0.316338 0.547576 0.012135 0.015339
0 0.302874 0.729191 0.006503 0.010781
0 0.308499 0.638168 0.010551 0.013301
0 0.367077 0.746599 0.012899 0.019813
0 0.372017 0.654556 0.010328 0.017581
0 0.426451 0.741361 0.006389 0.016811
0 0.473248 0.742083 0.008737 0.023322
0 0.513097 0.742334 0.005188 0.013118
0 0.556066 0.744523 0.009837 0.017485
0 0.595843 0.758046 0.008196 0.014570
0 0.431070 0.658556 0.005025 0.010493
0 0.479067 0.655970 0.010328 0.017581
0 0.518433 0.668084 0.006666 0.013407
0 0.558534 0.676357 0.008304 0.016321
0 0.601647 0.688317 0.007104 0.012627
0 0.484376 0.582157 0.005302 0.007087
0 0.522376 0.596220 0.005465 0.009714
0 0.562453 0.608916 0.008689 0.014666
0 0.607207 0.622526 0.014376 0.020101
0 0.524538 0.520908 0.009890 0.018360
0 0.566421 0.536614 0.009620 0.013983
0 0.610417 0.558490 0.005681 0.013214
0 0.487068 0.522449 0.011859 0.018745
0 0.445100 0.580690 0.009566 0.013108
0 0.443948 0.498530 0.007050 0.011752
0 0.374355 0.556248 0.007704 0.014474
0 0.380339 0.471495 0.008196 0.014570
0 0.322260 0.451740 0.007159 0.013503
0 0.327254 0.358822 0.005572 0.011463
0 0.384181 0.373037 0.009890 0.018360
0 0.328004 0.257990 0.009944 0.019235
0 0.386874 0.277012 0.008305 0.016321
0 0.639849 0.255542 0.007320 0.016129
0 0.599667 0.248583 0.009013 0.019917
0 0.548560 0.224874 0.011313 0.017773
0 0.498498 0.208457 0.007704 0.014474
0 0.447042 0.194424 0.008743 0.015542
0 0.439537 0.295709 0.004972 0.009617
0 0.492501 0.313580 0.006612 0.012531
0 0.541857 0.337389 0.007921 0.017975
0 0.588878 0.346570 0.007212 0.014378
0 0.636986 0.382536 0.009181 0.014763
0 0.441451 0.409906 0.005134 0.012243
0 0.485392 0.432658 0.006996 0.010877
0 0.532251 0.444465 0.006720 0.014282
0 0.578188 0.467162 0.005572 0.011463
0 0.626861 0.489952 0.006173 0.013311
