0 0.347774 0.204005 0.008886 0.015044
0 0.406154 0.216671 0.008462 0.015799
0 0.461695 0.235476 0.009419 0.015237
0 0.517205 0.246582 0.012317 0.022653
0 0.574849 0.266306 0.010182 0.021878
0 0.629732 0.278722 0.010182 0.021878
0 0.683249 0.291335 0.009104 0.016941
0 0.676571 0.400531 0.009759 0.022633
0 0.656451 0.520863 0.008680 0.017697
0 0.641457 0.608608 0.009855 0.019032
0 0.636897 0.681702 0.008886 0.015044
0 0.630610 0.756360 0.008134 0.012953
0 0.627181 0.836901 0.007710 0.013708
0 0.623133 0.390819 0.016705 0.029701
0 0.566322 0.387135 0.009855 0.019032
0 0.508412 0.367355 0.012523 0.020001
0 0.452793 0.353822 0.018827 0.025926
0 0.396042 0.332842 0.020972 0.031251
0 0.339011 0.316129 0.013818 0.026834
0 0.341702 0.434973 0.012850 0.022847
0 0.393272 0.444294 0.007286 0.014462
0 0.449112 0.462680 0.007819 0.014656
0 0.502975 0.478251 0.008898 0.019593
0 0.556178 0.487432 0.008995 0.015993
0 0.608267 0.501189 0.006642 0.013320
0 0.345427 0.538164 0.008134 0.012953
0 0.340897 0.618959 0.006970 0.016166
0 0.335254 0.696154 0.010280 0.018277
0 0.330522 0.775943 0.010062 0.016380
0 0.397374 0.541794 0.007928 0.015605
0 0.446797 0.554995 0.011346 0.018665
0 0.496925 0.561612 0.008462 0.015799
0 0.547053 0.576402 0.013371 0.018491
0 0.593839 0.588572 0.007710 0.013708
0 0.588933 0.666883 0.007286 0.014462
0 0.583730 0.745614 0.006849 0.010668
0 0.576706 0.827328 0.009092 0.012392
0 0.528022 0.815243 0.009843 0.014483
0 0.537320 0.735926 0.010486 0.015625
0 0.541613 0.654602 0.011880 0.018859
0 0.481785 0.807035 0.008134 0.012953
0 0.487380 0.726464 0.007382 0.010862
0 0.493181 0.646897 0.012305 0.018104
0 0.440918 0.631661 0.006740 0.009719
0 0.437033 0.714993 0.008983 0.011443
0 0.430276 0.796764 0.006642 0.013320
0 0.390603 0.627890 0.009843 0.014483
0 0.389604 0.708459 0.012632 0.020950
0 0.379928 0.785293 0.009964 0.019981
