0 0.594143 0.913900 0.008315 0.014773
0 0.524041 0.889867 0.006526 0.012269
0 0.463937 0.847218 0.006526 0.012269
0 0.417991 0.806158 0.007036 0.012500
0 0.377335 0.790640 0.008315 0.014773
0 0.337700 0.775582 0.004477 0.007954
0 0.289729 0.752411 0.006396 0.011363
0 0.606706 0.816883 0.010993 0.016832
0 0.542095 0.790515 0.008695 0.014098
0 0.485905 0.764103 0.009464 0.016140
0 0.436775 0.720637 0.006906 0.011594
0 0.393565 0.705891 0.005377 0.010902
0 0.349093 0.686715 0.005117 0.009091
0 0.300732 0.666260 0.005756 0.010227
0 0.621117 0.720220 0.007415 0.011825
0 0.555038 0.694634 0.008055 0.012962
0 0.499812 0.665283 0.007415 0.011825
0 0.448402 0.639591 0.006516 0.008877
0 0.403610 0.620753 0.007916 0.008665
0 0.358947 0.601008 0.006776 0.010689
0 0.309257 0.576576 0.009334 0.015234
0 0.639301 0.619963 0.008825 0.015004
0 0.567679 0.591385 0.010613 0.017507
0 0.512119 0.568150 0.011123 0.017738
0 0.458331 0.549578 0.006526 0.012269
0 0.414688 0.530296 0.005886 0.011132
0 0.371169 0.512034 0.005756 0.010227
0 0.321400 0.493834 0.006396 0.011363
0 0.649690 0.524853 0.008955 0.015909
0 0.577439 0.493097 0.012002 0.013902
0 0.516830 0.472882 0.009334 0.015234
0 0.467946 0.457976 0.006146 0.012944
0 0.424232 0.441073 0.007165 0.013405
0 0.378855 0.426309 0.006396 0.011363
0 0.333628 0.402934 0.007925 0.012056
0 0.661952 0.420467 0.006396 0.011363
0 0.589312 0.391428 0.005886 0.011132
0 0.530537 0.377348 0.010483 0.016602
0 0.478250 0.371026 0.012023 0.020686
0 0.435501 0.351184 0.009594 0.017045
0 0.393126 0.334405 0.008435 0.012287
0 0.342861 0.310195 0.010863 0.015927
0 0.673240 0.322873 0.012403 0.020011
0 0.599390 0.292804 0.013292 0.019567
0 0.529568 0.283846 0.008825 0.015004
0 0.486964 0.281910 0.009844 0.015465
0 0.446839 0.258917 0.010104 0.017276
0 0.403880 0.246212 0.006016 0.012038
0 0.357188 0.221692 0.008955 0.015909
