0 0.678744 0.778943 0.008264 0.011120
0 0.676576 0.688331 0.004825 0.010008
0 0.673178 0.589556 0.004914 0.010882
0 0.666208 0.489245 0.006880 0.011517
0 0.662177 0.392356 0.005316 0.010167
0 0.655740 0.296805 0.006880 0.011517
0 0.652549 0.201525 0.006612 0.008895
0 0.626310 0.791468 0.005494 0.011915
0 0.621399 0.696512 0.006702 0.009770
0 0.614857 0.599212 0.008086 0.009371
0 0.609685 0.499888 0.004735 0.009135
0 0.605084 0.401782 0.006836 0.006434
0 0.599720 0.303377 0.010231 0.011755
0 0.595248 0.207455 0.003573 0.007069
0 0.571817 0.798636 0.005719 0.009452
0 0.566491 0.705084 0.004870 0.005799
0 0.556767 0.604408 0.003396 0.005322
0 0.551689 0.510810 0.006702 0.009770
0 0.545616 0.421375 0.002993 0.006037
0 0.542183 0.334538 0.005629 0.008578
0 0.537104 0.240939 0.006969 0.012392
0 0.513313 0.805235 0.009338 0.012311
0 0.510913 0.710691 0.005807 0.010325
0 0.504382 0.609412 0.006969 0.012391
0 0.500029 0.519654 0.007058 0.013265
0 0.493248 0.439190 0.005986 0.012074
0 0.489521 0.359918 0.007058 0.013265
0 0.486306 0.272597 0.005986 0.012073
0 0.461483 0.807041 0.005093 0.012630
0 0.457324 0.716363 0.007282 0.010802
0 0.453989 0.614484 0.005629 0.008578
0 0.453207 0.526262 0.006969 0.012392
0 0.448626 0.449361 0.004646 0.008260
0 0.446216 0.367189 0.004735 0.009135
0 0.440727 0.283390 0.006523 0.008021
0 0.409562 0.811517 0.007506 0.008338
0 0.404227 0.721943 0.005807 0.010326
0 0.406027 0.618655 0.006702 0.009770
0 0.407393 0.533122 0.006612 0.008895
0 0.406473 0.455089 0.004244 0.008976
0 0.400052 0.372348 0.008354 0.011993
0 0.396403 0.294386 0.005405 0.011041
0 0.359311 0.814793 0.007193 0.009928
0 0.353834 0.727015 0.007774 0.010960
0 0.359010 0.626183 0.006478 0.012232
0 0.364931 0.542001 0.006299 0.010485
0 0.362922 0.462407 0.008041 0.013582
0 0.354666 0.382220 0.005807 0.010325
0 0.353188 0.298990 0.007864 0.011835
