0 0.583593 0.018779 0.005784 0.009656
0 0.596851 0.109538 0.005435 0.013427
0 0.610462 0.201030 0.005788 0.012799
0 0.622776 0.297553 0.006378 0.013848
0 0.633499 0.389883 0.005431 0.010283
0 0.646167 0.485358 0.004841 0.009234
0 0.655298 0.580623 0.006375 0.010706
0 0.529771 0.035117 0.005903 0.010495
0 0.544149 0.130276 0.005665 0.008817
0 0.556051 0.222084 0.003074 0.009228
0 0.568188 0.319131 0.003780 0.007973
0 0.580914 0.409680 0.003543 0.006298
0 0.592757 0.508194 0.004841 0.009234
0 0.604895 0.599895 0.006963 0.008612
0 0.478247 0.080274 0.004957 0.006931
0 0.489619 0.164745 0.005075 0.007768
0 0.500047 0.251416 0.004017 0.009651
0 0.512656 0.339345 0.004489 0.009862
0 0.522023 0.429160 0.004841 0.009234
0 0.533748 0.517927 0.005194 0.008607
0 0.544707 0.603027 0.004489 0.009862
0 0.430081 0.119039 0.005782 0.006514
0 0.385868 0.141352 0.006022 0.011333
0 0.341124 0.158111 0.007084 0.012594
0 0.295849 0.178223 0.004960 0.010072
0 0.438860 0.201099 0.006140 0.012172
0 0.395177 0.220058 0.005075 0.007768
0 0.351671 0.238494 0.005550 0.011122
0 0.305041 0.257873 0.004960 0.010072
0 0.449407 0.281482 0.003189 0.006924
0 0.460189 0.365325 0.002365 0.007341
0 0.469557 0.444450 0.002955 0.008390
0 0.479456 0.525567 0.002717 0.006712
0 0.490885 0.608675 0.004370 0.009023
0 0.405370 0.299708 0.010860 0.017426
0 0.415917 0.381873 0.004370 0.009023
0 0.359683 0.316885 0.007675 0.013643
0 0.316176 0.337103 0.006021 0.011333
0 0.371114 0.398213 0.004608 0.010700
0 0.325604 0.418429 0.003898 0.008812
0 0.425815 0.461208 0.005547 0.007979
0 0.380364 0.478281 0.006375 0.010706
0 0.333202 0.495669 0.007556 0.012805
0 0.436479 0.542431 0.003308 0.007762
0 0.448087 0.623233 0.006022 0.011333
0 0.390380 0.560236 0.005431 0.010283
0 0.400985 0.641039 0.005198 0.011750
0 0.342688 0.580976 0.004608 0.010700
0 0.354532 0.661675 0.005194 0.008607
