0 0.292593 0.247446 0.007450 0.012434
0 0.346791 0.240040 0.006996 0.013242
0 0.399045 0.239112 0.007945 0.012506
0 0.450483 0.231221 0.010206 0.018948
0 0.504736 0.230446 0.008227 0.018660
0 0.555739 0.223946 0.008227 0.018660
0 0.605525 0.218064 0.007531 0.014192
0 0.610649 0.319112 0.007772 0.019468
0 0.604730 0.434592 0.007077 0.015000
0 0.600122 0.518903 0.008106 0.016023
0 0.603470 0.586573 0.007450 0.012434
0 0.605413 0.656217 0.006876 0.010603
0 0.610547 0.730265 0.006420 0.011411
0 0.561231 0.327595 0.013911 0.024724
0 0.509374 0.342628 0.008106 0.016023
0 0.454874 0.343438 0.010581 0.016382
0 0.403089 0.349167 0.016184 0.020686
0 0.349516 0.348516 0.017869 0.025297
0 0.296127 0.351821 0.011356 0.022608
0 0.310727 0.458577 0.010701 0.019020
0 0.358412 0.450344 0.005965 0.012219
0 0.410893 0.448940 0.006461 0.012291
0 0.461295 0.445626 0.007157 0.016759
0 0.510446 0.436738 0.007491 0.013313
0 0.559054 0.432355 0.005431 0.011268
0 0.324662 0.550824 0.006876 0.010603
0 0.328825 0.625457 0.005551 0.013906
0 0.331611 0.697191 0.008560 0.015215
0 0.335488 0.770979 0.008479 0.013456
0 0.372106 0.537315 0.006501 0.013170
0 0.418241 0.533291 0.009551 0.015358
0 0.464342 0.523075 0.006996 0.013242
0 0.511281 0.520261 0.011489 0.014766
0 0.554922 0.516155 0.006420 0.011411
0 0.558491 0.588661 0.005965 0.012219
0 0.561832 0.661641 0.005804 0.008702
0 0.563830 0.737915 0.007824 0.009868
0 0.518477 0.742712 0.008399 0.011697
0 0.518786 0.667874 0.008935 0.012649
0 0.514355 0.592838 0.010045 0.015430
0 0.475739 0.750228 0.006875 0.010603
0 0.472564 0.675453 0.006300 0.008773
0 0.469678 0.601521 0.010500 0.014622
0 0.420761 0.604620 0.005764 0.007822
0 0.425767 0.681344 0.007784 0.008988
0 0.428012 0.757581 0.005431 0.011268
0 0.374781 0.617475 0.008399 0.011697
0 0.382120 0.690761 0.010621 0.017261
0 0.381215 0.763473 0.008146 0.016902
