0 0.766288 0.658746 0.010211 0.015661
0 0.744540 0.571357 0.006567 0.012672
0 0.719817 0.476802 0.006808 0.013598
0 0.691257 0.383188 0.008890 0.015306
0 0.666322 0.290918 0.007087 0.013099
0 0.639315 0.201607 0.008890 0.015306
0 0.615552 0.110340 0.008169 0.012529
0 0.717567 0.706921 0.007568 0.014950
0 0.692186 0.617149 0.008409 0.013455
0 0.664699 0.526195 0.009730 0.013811
0 0.638118 0.432316 0.006328 0.011747
0 0.612359 0.339242 0.007969 0.010182
0 0.585787 0.246398 0.012294 0.017371
0 0.560629 0.155377 0.004805 0.009041
0 0.665665 0.751252 0.007368 0.012600
0 0.640183 0.663141 0.005886 0.008472
0 0.608843 0.571052 0.004325 0.007191
0 0.583592 0.482727 0.008409 0.013455
0 0.558268 0.399165 0.004045 0.007690
0 0.536096 0.316344 0.007128 0.011675
0 0.510845 0.228019 0.009130 0.016231
0 0.609707 0.797770 0.011492 0.017442
0 0.586878 0.706683 0.007608 0.013526
0 0.558541 0.611818 0.009130 0.016231
0 0.534833 0.526762 0.009371 0.017157
0 0.510757 0.452484 0.008089 0.015377
0 0.489933 0.377285 0.009371 0.017157
0 0.467872 0.293840 0.008089 0.015377
0 0.559256 0.835019 0.007288 0.015448
0 0.535540 0.748928 0.009171 0.014809
0 0.510207 0.651286 0.007128 0.011675
0 0.490334 0.565293 0.009130 0.016231
0 0.469187 0.493004 0.006087 0.010821
0 0.449029 0.414058 0.006328 0.011747
0 0.425498 0.335624 0.007928 0.011604
0 0.509295 0.874948 0.008970 0.012459
0 0.484664 0.790746 0.007608 0.013526
0 0.464062 0.688208 0.008409 0.013455
0 0.446880 0.603380 0.008169 0.012529
0 0.429079 0.527476 0.005807 0.011319
0 0.404863 0.450717 0.010451 0.016588
0 0.384401 0.376750 0.007328 0.014024
0 0.460712 0.912558 0.008930 0.013883
0 0.436330 0.830213 0.009691 0.015236
0 0.419573 0.727774 0.008609 0.015804
0 0.407151 0.641155 0.008128 0.013953
0 0.387944 0.564462 0.010412 0.018012
0 0.362481 0.491466 0.007608 0.013526
0 0.343007 0.410845 0.009931 0.016161
