0 0.322510 0.200780 0.007944 0.014122
0 0.390974 0.169455 0.006210 0.011771
0 0.454935 0.162337 0.006210 0.011771
0 0.505849 0.164466 0.006721 0.011949
0 0.545932 0.147715 0.007944 0.014122
0 0.584992 0.131320 0.004277 0.007604
0 0.633448 0.115907 0.006110 0.010862
0 0.334423 0.297118 0.010599 0.015918
0 0.398531 0.272024 0.008355 0.013390
0 0.455115 0.253316 0.009065 0.015385
0 0.509451 0.255200 0.006621 0.011040
0 0.551635 0.235832 0.005088 0.010508
0 0.596006 0.219478 0.004888 0.008690
0 0.644162 0.201340 0.005499 0.009776
0 0.344596 0.394532 0.007133 0.011218
0 0.409832 0.367630 0.007744 0.012304
0 0.466255 0.352281 0.007133 0.011218
0 0.518388 0.336533 0.006322 0.008314
0 0.562966 0.319635 0.007756 0.007938
0 0.607644 0.303647 0.006521 0.010131
0 0.657938 0.288067 0.008965 0.014476
0 0.352252 0.498009 0.008455 0.014299
0 0.423162 0.469608 0.010188 0.016649
0 0.478424 0.448529 0.010699 0.016827
0 0.530987 0.424613 0.006210 0.011771
0 0.574641 0.408980 0.005599 0.010685
0 0.617941 0.392527 0.005499 0.009776
0 0.666820 0.371307 0.006110 0.010862
0 0.365655 0.591000 0.008555 0.015208
0 0.437886 0.564970 0.011733 0.012815
0 0.496944 0.537383 0.008965 0.014476
0 0.544245 0.513880 0.005798 0.012502
0 0.587395 0.496064 0.006821 0.012858
0 0.631523 0.475077 0.006110 0.010862
0 0.677572 0.461915 0.007644 0.011395
0 0.379595 0.693708 0.006110 0.010862
0 0.451526 0.664953 0.005599 0.010685
0 0.507479 0.633256 0.010088 0.015740
0 0.555776 0.599502 0.011510 0.019731
0 0.598764 0.585044 0.009165 0.016294
0 0.640686 0.568125 0.008155 0.011573
0 0.691442 0.551913 0.010499 0.015009
0 0.392786 0.789602 0.011921 0.019000
0 0.466045 0.760857 0.012843 0.018446
0 0.530662 0.716246 0.008455 0.014299
0 0.569247 0.685864 0.009477 0.014654
0 0.610639 0.676205 0.009676 0.016472
0 0.652112 0.655198 0.005698 0.011594
0 0.699745 0.641957 0.008555 0.015208
