0 0.378199 0.808711 0.007606 0.013513
0 0.444591 0.791594 0.005951 0.011254
0 0.502059 0.756231 0.005951 0.011254
0 0.546198 0.721262 0.006435 0.011434
0 0.584742 0.709852 0.007606 0.013513
0 0.622316 0.698795 0.004096 0.007276
0 0.667914 0.680770 0.005851 0.010394
0 0.368803 0.716690 0.010128 0.015271
0 0.430099 0.696956 0.007990 0.012833
0 0.483492 0.676528 0.008675 0.014732
0 0.530679 0.639547 0.006335 0.010574
0 0.571600 0.629060 0.004883 0.010036
0 0.613817 0.614514 0.004681 0.008315
0 0.659713 0.599068 0.005265 0.009354
0 0.357663 0.624859 0.006819 0.010753
0 0.420318 0.605972 0.007404 0.011792
0 0.472879 0.582711 0.006818 0.010753
0 0.521766 0.562588 0.006032 0.007994
0 0.564275 0.548382 0.007384 0.007674
0 0.606683 0.533317 0.006234 0.009714
0 0.653927 0.514242 0.008573 0.013872
0 0.343071 0.529361 0.008091 0.013693
0 0.411002 0.508097 0.009744 0.015950
0 0.463726 0.490602 0.010229 0.016131
0 0.514671 0.477344 0.005951 0.011254
0 0.556110 0.462633 0.005366 0.010214
0 0.597408 0.448871 0.005265 0.009354
0 0.644572 0.435651 0.005851 0.010394
0 0.335668 0.439299 0.008191 0.014552
0 0.404268 0.415102 0.011175 0.012369
0 0.461656 0.400832 0.008573 0.013872
0 0.507908 0.390634 0.005568 0.011935
0 0.549355 0.378161 0.006537 0.012294
0 0.592312 0.367826 0.005851 0.010394
0 0.635339 0.349397 0.007303 0.010933
0 0.326737 0.340387 0.005851 0.010394
0 0.395635 0.318769 0.005366 0.010215
0 0.451149 0.310113 0.009643 0.015091
0 0.500383 0.308236 0.011016 0.018890
0 0.540998 0.292931 0.008776 0.015592
0 0.581185 0.280471 0.007787 0.011113
0 0.628962 0.261649 0.010026 0.014410
0 0.318552 0.247924 0.011399 0.018209
0 0.388611 0.225432 0.012266 0.017708
0 0.454368 0.222442 0.008091 0.013693
0 0.494405 0.223928 0.009058 0.014051
0 0.532634 0.205463 0.009260 0.015771
0 0.573270 0.196871 0.005467 0.011074
0 0.617701 0.177482 0.008191 0.014552
