0 0.357873 0.163675 0.007091 0.014564
0 0.417256 0.180923 0.007459 0.013912
0 0.331385 0.566605 0.014094 0.019837
0 0.313915 0.756722 0.007825 0.013259
0 0.321490 0.661373 0.012249 0.017210
0 0.381073 0.778728 0.015354 0.024686
0 0.387947 0.682267 0.012477 0.021530
0 0.443568 0.776652 0.008351 0.019413
0 0.492738 0.780114 0.011455 0.026888
0 0.534613 0.782680 0.006724 0.015216
0 0.579732 0.787463 0.011962 0.021266
0 0.621291 0.803975 0.009967 0.017720
0 0.449936 0.689882 0.006278 0.012466
0 0.500429 0.689936 0.012477 0.021530
0 0.541579 0.704944 0.008272 0.016010
0 0.583573 0.715956 0.010265 0.019554
0 0.628665 0.731017 0.008639 0.015358
0 0.507356 0.612658 0.006199 0.009063
0 0.547035 0.629634 0.006645 0.011813
0 0.588923 0.645294 0.010483 0.017985
0 0.635711 0.662186 0.016901 0.025480
0 0.550684 0.550598 0.012111 0.022182
0 0.594417 0.569527 0.011366 0.017597
0 0.640254 0.595062 0.007240 0.015481
0 0.511277 0.550054 0.014173 0.023240
0 0.466104 0.608847 0.011217 0.016681
0 0.466396 0.522421 0.008491 0.014441
0 0.392199 0.579069 0.009453 0.017456
0 0.400038 0.490331 0.009967 0.017720
0 0.339360 0.466212 0.008787 0.016274
0 0.346307 0.368834 0.006942 0.013647
0 0.405876 0.387063 0.012111 0.022182
0 0.348938 0.262892 0.012259 0.023099
0 0.410462 0.286287 0.010265 0.019554
0 0.676726 0.278332 0.009234 0.019026
0 0.634622 0.268696 0.011376 0.023486
0 0.581343 0.240824 0.013508 0.022058
0 0.529028 0.220676 0.009453 0.017456
0 0.475206 0.202954 0.010632 0.018902
0 0.465468 0.308982 0.006129 0.011549
0 0.520805 0.330825 0.008123 0.015093
0 0.572241 0.358702 0.010047 0.021124
0 0.621492 0.371068 0.008936 0.017192
0 0.671394 0.411650 0.010999 0.018249
0 0.465391 0.429126 0.006575 0.014299
0 0.511157 0.455578 0.008342 0.013524
0 0.560188 0.470694 0.008421 0.016927
0 0.608053 0.497206 0.006942 0.013647
0 0.658790 0.523972 0.007756 0.015745
