0 0.608670 0.064469 0.010031 0.017831
0 0.536006 0.107709 0.007926 0.014713
0 0.475459 0.168239 0.007926 0.014713
0 0.429847 0.223508 0.008487 0.015087
0 0.387831 0.250267 0.010031 0.017831
0 0.346863 0.276279 0.005401 0.009601
0 0.297674 0.313025 0.007716 0.013716
0 0.629753 0.164532 0.013047 0.020698
0 0.563116 0.208874 0.010382 0.017207
0 0.505441 0.251139 0.011363 0.019576
0 0.456633 0.309771 0.008277 0.014090
0 0.411839 0.336352 0.006593 0.012968
0 0.366054 0.367966 0.006173 0.010972
0 0.316234 0.401920 0.006944 0.012344
0 0.652775 0.263754 0.008839 0.014464
0 0.584513 0.307632 0.009610 0.015835
0 0.528098 0.352782 0.008839 0.014464
0 0.475451 0.393077 0.007646 0.011097
0 0.429298 0.424412 0.009120 0.011223
0 0.383356 0.456677 0.008066 0.013092
0 0.332437 0.495199 0.011153 0.018579
0 0.680096 0.365848 0.010592 0.018205
0 0.606176 0.414307 0.012696 0.021322
0 0.548918 0.453033 0.013258 0.021696
0 0.493175 0.486352 0.007926 0.014713
0 0.448280 0.517870 0.007154 0.013341
0 0.403436 0.548269 0.006944 0.012344
0 0.351939 0.580179 0.007716 0.013716
0 0.698714 0.464430 0.010803 0.019202
0 0.624378 0.516430 0.013890 0.017830
0 0.561509 0.553215 0.011152 0.018579
0 0.510690 0.581397 0.007575 0.015337
0 0.465531 0.610401 0.008698 0.016085
0 0.418433 0.637546 0.007716 0.013716
0 0.372179 0.673818 0.009400 0.014838
0 0.720063 0.572410 0.007716 0.013715
0 0.645097 0.621617 0.007154 0.013341
0 0.583691 0.651413 0.012486 0.020324
0 0.528569 0.671318 0.014450 0.025063
0 0.484671 0.703205 0.011573 0.020574
0 0.440927 0.731739 0.009961 0.015212
0 0.389380 0.770169 0.012837 0.019701
0 0.739836 0.673408 0.014802 0.024440
0 0.663665 0.724017 0.015713 0.024190
0 0.590099 0.751147 0.010592 0.018205
0 0.544930 0.763945 0.011715 0.018953
0 0.504073 0.798523 0.012135 0.020948
0 0.459383 0.822869 0.007364 0.014339
0 0.411662 0.860728 0.010803 0.019202
