0 0.709658 0.188014 0.006480 0.014214
0 0.644319 0.203324 0.006985 0.013316
0 0.730986 0.630753 0.013976 0.017669
0 0.746493 0.839954 0.007490 0.012418
0 0.740015 0.735105 0.012151 0.015321
0 0.672550 0.860006 0.014856 0.022822
0 0.666861 0.753982 0.011895 0.020251
0 0.604170 0.853973 0.007358 0.019365
0 0.550274 0.854804 0.010063 0.026865
0 0.504379 0.855093 0.005975 0.015111
0 0.454893 0.857615 0.011329 0.020141
0 0.409082 0.873192 0.009439 0.016783
0 0.598850 0.758590 0.005788 0.012086
0 0.543572 0.755611 0.011895 0.020251
0 0.498235 0.769566 0.007677 0.015444
0 0.452050 0.779094 0.009564 0.018800
0 0.402397 0.792872 0.008182 0.014545
0 0.537458 0.670586 0.006106 0.008164
0 0.493693 0.686785 0.006294 0.011189
0 0.447537 0.701409 0.010007 0.016894
0 0.395994 0.717087 0.016557 0.023154
0 0.491204 0.600033 0.011390 0.021149
0 0.442966 0.618125 0.011079 0.016107
0 0.392297 0.643324 0.006542 0.015221
0 0.534357 0.601809 0.013659 0.021592
0 0.582692 0.668896 0.011017 0.015100
0 0.584018 0.574256 0.008120 0.013538
0 0.664169 0.640741 0.008873 0.016673
0 0.657277 0.543114 0.009439 0.016783
0 0.724166 0.520359 0.008244 0.015554
0 0.718414 0.413327 0.006417 0.013205
0 0.652852 0.429701 0.011390 0.021149
0 0.717551 0.297178 0.011453 0.022157
0 0.649750 0.319090 0.009564 0.018800
0 0.358399 0.294359 0.008431 0.018579
0 0.404677 0.286342 0.010380 0.022943
0 0.463537 0.259032 0.013029 0.020472
0 0.521194 0.240122 0.008873 0.016673
0 0.580455 0.223957 0.010069 0.017903
0 0.589098 0.340627 0.005726 0.011078
0 0.528101 0.361213 0.007615 0.014435
0 0.471257 0.388639 0.009123 0.020706
0 0.417103 0.399213 0.008306 0.016562
0 0.361697 0.440642 0.010574 0.017006
0 0.586895 0.472170 0.005913 0.014103
0 0.536288 0.498378 0.008057 0.012529
0 0.482320 0.511978 0.007739 0.016451
0 0.429415 0.538124 0.006417 0.013205
0 0.373358 0.564375 0.007110 0.015333
