0 0.679752 0.116346 0.009939 0.014963
0 0.687051 0.211020 0.006304 0.012290
0 0.693934 0.314570 0.006519 0.013213
0 0.697274 0.420901 0.008597 0.014741
0 0.703301 0.522705 0.006823 0.012671
0 0.706693 0.623924 0.008597 0.014741
0 0.713423 0.723780 0.007951 0.011970
0 0.624058 0.120820 0.007253 0.014519
0 0.628969 0.220912 0.008167 0.012894
0 0.632437 0.323979 0.009509 0.013116
0 0.637539 0.428688 0.006089 0.011367
0 0.643103 0.531945 0.007827 0.009583
0 0.647908 0.635765 0.012018 0.016491
0 0.653376 0.736714 0.004620 0.008755
0 0.566793 0.131534 0.007127 0.012130
0 0.571128 0.230309 0.005749 0.008055
0 0.571651 0.337937 0.004191 0.006909
0 0.576245 0.436677 0.008167 0.012894
0 0.579370 0.531433 0.003886 0.007450
0 0.584959 0.622617 0.006913 0.011206
0 0.589553 0.721358 0.008811 0.015664
0 0.505430 0.144175 0.011193 0.016650
0 0.512902 0.243005 0.007343 0.013053
0 0.516800 0.350193 0.008811 0.015664
0 0.521742 0.444710 0.009026 0.016588
0 0.523187 0.530400 0.007772 0.014900
0 0.527673 0.613837 0.009026 0.016588
0 0.533540 0.705448 0.007772 0.014900
0 0.451492 0.159562 0.006949 0.015060
0 0.456732 0.254968 0.008901 0.014200
0 0.464008 0.361716 0.006913 0.011207
0 0.472490 0.453451 0.008811 0.015664
0 0.475842 0.534715 0.005875 0.010443
0 0.482001 0.620719 0.006089 0.011367
0 0.485137 0.709437 0.007737 0.011047
0 0.397179 0.172211 0.008776 0.011811
0 0.401082 0.266865 0.007343 0.013053
0 0.413831 0.373363 0.008167 0.012894
0 0.424259 0.461596 0.007951 0.011970
0 0.431526 0.542813 0.005569 0.010984
0 0.433585 0.630743 0.010155 0.015886
0 0.438014 0.712795 0.007037 0.013594
0 0.344722 0.185549 0.008686 0.013276
0 0.348290 0.278388 0.009421 0.014581
0 0.364281 0.381215 0.008291 0.015283
0 0.379290 0.466528 0.007862 0.013435
0 0.385593 0.549729 0.010066 0.017352
0 0.385480 0.635621 0.007343 0.013053
0 0.392715 0.722413 0.009636 0.015505
