0 0.264636 0.772450 0.008789 0.012145
0 0.273354 0.678155 0.005232 0.010694
0 0.283941 0.575598 0.005350 0.011597
0 0.298374 0.472238 0.007382 0.012426
0 0.309490 0.371797 0.005740 0.010901
0 0.323027 0.273297 0.007382 0.012426
0 0.333148 0.174349 0.007032 0.009716
0 0.318598 0.797351 0.005973 0.012708
0 0.330496 0.699130 0.007148 0.010619
0 0.344267 0.598824 0.008556 0.010339
0 0.356748 0.496092 0.005116 0.009790
0 0.368546 0.394505 0.007190 0.007215
0 0.381164 0.292778 0.010823 0.012975
0 0.392671 0.193447 0.003866 0.007568
0 0.375096 0.817113 0.006132 0.010205
0 0.387327 0.720453 0.005156 0.006384
0 0.404667 0.617330 0.003632 0.005762
0 0.416644 0.520568 0.007148 0.010619
0 0.429365 0.428382 0.003241 0.006459
0 0.439138 0.338320 0.006015 0.009301
0 0.451115 0.241557 0.007498 0.013330
0 0.435829 0.837181 0.009922 0.013464
0 0.445073 0.738824 0.006248 0.011108
0 0.459114 0.634354 0.007498 0.013330
0 0.470058 0.541444 0.007615 0.014233
0 0.482881 0.458802 0.006481 0.012915
0 0.492425 0.376720 0.007615 0.014233
0 0.502003 0.286103 0.006482 0.012915
0 0.489924 0.850733 0.005582 0.013404
0 0.500730 0.756818 0.007774 0.011731
0 0.511472 0.651000 0.006015 0.009301
0 0.518572 0.558893 0.007498 0.013330
0 0.528840 0.479483 0.004999 0.008887
0 0.537210 0.394071 0.005116 0.009790
0 0.548919 0.307650 0.006915 0.008812
0 0.543922 0.867100 0.007931 0.009228
0 0.555881 0.774604 0.006248 0.011108
0 0.561351 0.666156 0.007148 0.010619
0 0.566011 0.576378 0.007032 0.009716
0 0.572530 0.494961 0.004608 0.009583
0 0.585138 0.409856 0.008906 0.013049
0 0.594506 0.329128 0.005857 0.011804
0 0.596259 0.881835 0.007657 0.010828
0 0.608239 0.791248 0.008282 0.011938
0 0.610002 0.684611 0.006990 0.013123
0 0.609802 0.595222 0.006756 0.011316
0 0.617570 0.512415 0.008632 0.014649
0 0.631915 0.430396 0.006248 0.011108
0 0.639387 0.343667 0.008398 0.012842
