0 0.317993 0.249656 0.007760 0.012899
0 0.375975 0.244972 0.007257 0.013794
0 0.431759 0.247088 0.008289 0.012946
0 0.486804 0.241723 0.010594 0.019726
0 0.544720 0.244121 0.008474 0.019537
0 0.599274 0.240214 0.008474 0.019537
0 0.652518 0.236896 0.007813 0.014782
0 0.656091 0.345069 0.007972 0.020432
0 0.647610 0.467992 0.007310 0.015677
0 0.641112 0.557720 0.008395 0.016712
0 0.643416 0.630157 0.007760 0.012899
0 0.644184 0.704618 0.007177 0.010968
0 0.648275 0.783969 0.006674 0.011863
0 0.603192 0.351187 0.014460 0.025704
0 0.547566 0.364150 0.008395 0.016712
0 0.489386 0.361776 0.011044 0.016948
0 0.434011 0.364812 0.016977 0.021231
0 0.376849 0.360932 0.018697 0.026081
0 0.319807 0.361286 0.011758 0.023585
0 0.333388 0.476116 0.011124 0.019773
0 0.384433 0.470163 0.006171 0.012758
0 0.440471 0.471784 0.006700 0.012805
0 0.494323 0.471243 0.007363 0.017560
0 0.546946 0.464677 0.007786 0.013841
0 0.598905 0.462888 0.005614 0.011769
0 0.346531 0.575419 0.007177 0.010968
0 0.349575 0.655337 0.005694 0.014594
0 0.351203 0.732079 0.008898 0.015818
0 0.353957 0.811079 0.008845 0.013934
0 0.397418 0.563819 0.006727 0.013746
0 0.446732 0.562265 0.009958 0.015912
0 0.496124 0.554101 0.007257 0.013794
0 0.546271 0.553888 0.012050 0.015159
0 0.592924 0.552099 0.006674 0.011863
0 0.595373 0.629711 0.006171 0.012758
0 0.597571 0.707818 0.006065 0.008991
0 0.598273 0.789358 0.008209 0.010122
0 0.549781 0.791782 0.008792 0.012052
0 0.551513 0.711912 0.009349 0.013040
0 0.548190 0.631547 0.010488 0.015959
0 0.504028 0.797265 0.007177 0.010968
0 0.502042 0.717254 0.006594 0.009038
0 0.500347 0.638159 0.010991 0.015065
0 0.448082 0.638560 0.006038 0.008050
0 0.451987 0.720760 0.008183 0.009179
0 0.452955 0.802277 0.005614 0.011769
0 0.398770 0.649548 0.008792 0.012052
0 0.405229 0.728218 0.011071 0.017889
0 0.402900 0.805783 0.008421 0.017655
