0 0.295159 0.759093 0.007345 0.012229
0 0.349423 0.764778 0.006881 0.013053
0 0.401678 0.764049 0.007840 0.012285
0 0.453186 0.770307 0.010042 0.018672
0 0.507439 0.769361 0.008060 0.018448
0 0.558499 0.774242 0.008060 0.018448
0 0.608336 0.778544 0.007408 0.013990
0 0.612445 0.677349 0.007596 0.019272
0 0.605369 0.562075 0.006944 0.014814
0 0.599916 0.477924 0.007965 0.015807
0 0.602585 0.410158 0.007345 0.012229
0 0.603830 0.340465 0.006787 0.010412
0 0.608220 0.266265 0.006322 0.011236
0 0.562950 0.670435 0.013698 0.024345
0 0.510951 0.657050 0.007965 0.015807
0 0.456451 0.657968 0.010443 0.016087
0 0.404617 0.653883 0.016018 0.020223
0 0.351059 0.656233 0.017661 0.024793
0 0.297645 0.654622 0.011157 0.022305
0 0.311172 0.547420 0.010538 0.018728
0 0.358933 0.554139 0.005858 0.012061
0 0.411419 0.553878 0.006354 0.012117
0 0.461847 0.555593 0.007007 0.016575
0 0.511078 0.562921 0.007376 0.013109
0 0.559723 0.565761 0.005331 0.011124
0 0.324180 0.454746 0.006787 0.010412
0 0.327594 0.379992 0.005425 0.013766
0 0.329660 0.308182 0.008429 0.014982
0 0.332796 0.234282 0.008366 0.013221
0 0.371752 0.466747 0.006385 0.012997
0 0.417921 0.469308 0.009421 0.015094
0 0.464117 0.478059 0.006881 0.013053
0 0.511076 0.479385 0.011371 0.014437
0 0.554752 0.482106 0.006322 0.011236
0 0.557592 0.409498 0.005858 0.012061
0 0.560201 0.336423 0.005732 0.008539
0 0.561434 0.260099 0.007745 0.009643
0 0.516040 0.256741 0.008303 0.011460
0 0.517100 0.331556 0.008831 0.012397
0 0.513421 0.406721 0.009916 0.015150
0 0.473234 0.250582 0.006787 0.010412
0 0.470808 0.325445 0.006228 0.008594
0 0.468664 0.399457 0.010381 0.014325
0 0.419724 0.397910 0.005700 0.007658
0 0.423960 0.321040 0.007714 0.008763
0 0.425441 0.244743 0.005331 0.011124
0 0.373622 0.386516 0.008303 0.011460
0 0.380226 0.313008 0.010475 0.016967
0 0.378591 0.240337 0.007997 0.016687
