0 0.665065 1.000000 0.006589 0.010995
0 0.680235 0.939277 0.006189 0.015294
0 0.695807 0.835012 0.006591 0.014578
0 0.709904 0.725012 0.007263 0.015773
0 0.722185 0.619787 0.006185 0.011711
0 0.736685 0.510981 0.005514 0.010517
0 0.747153 0.402407 0.007261 0.012191
0 0.603714 1.000000 0.006724 0.011952
0 0.620163 0.915537 0.006454 0.010040
0 0.633788 0.810910 0.003499 0.010513
0 0.647683 0.700311 0.004304 0.009081
0 0.662247 0.597120 0.004035 0.007172
0 0.675807 0.484849 0.005514 0.010516
0 0.689701 0.380343 0.007933 0.009804
0 0.545000 0.972408 0.005647 0.007891
0 0.558016 0.876143 0.005781 0.008845
0 0.569957 0.777368 0.004573 0.010993
0 0.584385 0.677163 0.005112 0.011233
0 0.595118 0.574803 0.005514 0.010517
0 0.608539 0.473641 0.005916 0.009801
0 0.621085 0.376659 0.005112 0.011233
0 0.490111 0.928128 0.006588 0.007414
0 0.439720 0.902610 0.006859 0.012907
0 0.388718 0.883421 0.008069 0.014342
0 0.337114 0.860409 0.005649 0.011472
0 0.500170 0.834607 0.006993 0.013862
0 0.450379 0.812912 0.005781 0.008845
0 0.400791 0.791814 0.006321 0.012667
0 0.347641 0.769636 0.005649 0.011472
0 0.512242 0.743000 0.003632 0.007887
0 0.524585 0.647450 0.002692 0.008363
0 0.535313 0.557275 0.003364 0.009558
0 0.546647 0.464830 0.003093 0.007646
0 0.559728 0.370118 0.004977 0.010277
0 0.462048 0.722140 0.012371 0.019843
0 0.474122 0.628502 0.004977 0.010277
0 0.409973 0.702473 0.008741 0.015537
0 0.360384 0.679344 0.006858 0.012907
0 0.423053 0.609791 0.005247 0.012188
0 0.371181 0.586660 0.004439 0.010037
0 0.485454 0.538088 0.006319 0.009085
0 0.433647 0.518540 0.007261 0.012191
0 0.379891 0.498631 0.008606 0.014582
0 0.497661 0.445525 0.003767 0.008842
0 0.510944 0.353442 0.006859 0.012907
0 0.445115 0.425141 0.006185 0.011711
0 0.457255 0.333056 0.005919 0.013384
0 0.390757 0.401408 0.005247 0.012188
0 0.404308 0.309445 0.005916 0.009801
