0 0.339132 0.054917 0.005684 0.009285
0 0.332508 0.154692 0.004931 0.013688
0 0.325569 0.255337 0.005391 0.012867
0 0.320419 0.360984 0.005965 0.013888
0 0.316615 0.461770 0.005222 0.010105
0 0.311004 0.566397 0.004649 0.009085
0 0.309130 0.669884 0.006258 0.010305
0 0.397602 0.058299 0.005740 0.010205
0 0.390150 0.163036 0.005628 0.008364
0 0.385052 0.263571 0.002634 0.009605
0 0.380133 0.369730 0.003557 0.007964
0 0.374055 0.469144 0.003444 0.006124
0 0.369569 0.576783 0.004649 0.009085
0 0.364211 0.677268 0.007125 0.007744
0 0.455999 0.092867 0.004997 0.006424
0 0.450861 0.185478 0.005053 0.007343
0 0.446904 0.280180 0.003669 0.009805
0 0.440736 0.376783 0.004187 0.009905
0 0.438164 0.474546 0.004649 0.009085
0 0.433003 0.571809 0.005110 0.008264
0 0.428355 0.664981 0.004187 0.009905
0 0.510305 0.121523 0.005977 0.005703
0 0.559066 0.133739 0.005797 0.011126
0 0.607935 0.139922 0.006889 0.012247
0 0.657643 0.149527 0.004705 0.010005
0 0.507721 0.210901 0.005853 0.012046
0 0.555644 0.219696 0.005053 0.007343
0 0.603337 0.227980 0.005279 0.011026
0 0.654423 0.236455 0.004705 0.010005
0 0.503123 0.298960 0.002983 0.006943
0 0.498559 0.390750 0.002004 0.007664
0 0.495109 0.477168 0.002577 0.008684
0 0.491259 0.565836 0.002465 0.006843
0 0.485947 0.657016 0.004131 0.008985
0 0.551362 0.306884 0.010739 0.016629
0 0.546910 0.396833 0.004131 0.008985
0 0.601266 0.313267 0.007463 0.013267
0 0.649105 0.323442 0.005797 0.011126
0 0.595807 0.402556 0.004244 0.010826
0 0.645773 0.412211 0.003613 0.008885
0 0.542914 0.483611 0.005571 0.007443
0 0.592559 0.489944 0.006258 0.010305
0 0.644045 0.496168 0.007407 0.012347
0 0.538260 0.572590 0.003039 0.007864
0 0.532570 0.661369 0.005797 0.011126
0 0.588654 0.579533 0.005222 0.010105
0 0.584027 0.668052 0.004818 0.011846
0 0.640978 0.589178 0.004244 0.010826
0 0.635029 0.677907 0.005110 0.008264
