0 0.278125 0.037037 0.027083 0.048148
0 0.220833 0.642593 0.027083 0.048148
0 0.267708 0.137963 0.027083 0.048148
0 0.668750 0.763889 0.027083 0.048148
0 0.258333 0.238889 0.027083 0.048148
0 0.247917 0.345370 0.027083 0.048148
0 0.229167 0.543519 0.027083 0.048148
0 0.744271 0.583333 0.027083 0.048148
0 0.238542 0.441667 0.027083 0.048148
0 0.806250 0.248148 0.027083 0.048148
0 0.732292 0.613889 0.027083 0.048148
0 0.284375 0.256481 0.027083 0.048148
0 0.324479 0.050926 0.027083 0.048148
0 0.754687 0.169444 0.027083 0.048148
0 0.312500 0.379630 0.027083 0.048148
0 0.727083 0.386111 0.027083 0.048148
0 0.772917 0.349074 0.027083 0.048148
0 0.255208 0.562037 0.027083 0.048148
0 0.790625 0.433333 0.027083 0.048148
0 0.822917 0.149074 0.027083 0.048148
0 0.214583 0.687963 0.027083 0.048148
0 0.756250 0.382407 0.027083 0.048148
0 0.779687 0.542593 0.027083 0.048148
0 0.751042 0.424074 0.027083 0.048148
0 0.338542 0.075926 0.027083 0.048148
0 0.586979 0.124074 0.027083 0.048148
0 0.798438 0.344444 0.027083 0.048148
0 0.247396 0.661111 0.027083 0.048148
0 0.803125 0.298148 0.027083 0.048148
0 0.782292 0.237963 0.027083 0.048148
0 0.356250 0.708333 0.027083 0.048148
0 0.246354 0.395370 0.027083 0.048148
0 0.522396 0.764815 0.027083 0.048148
0 0.757292 0.782407 0.027083 0.048148
0 0.330729 0.703704 0.027083 0.048148
0 0.778646 0.285185 0.027083 0.048148
0 0.777083 0.396296 0.027083 0.048148
0 0.558333 0.112963 0.027083 0.048148
0 0.752604 0.228704 0.027083 0.048148
0 0.718750 0.414815 0.027083 0.048148
0 0.209375 0.311111 0.027083 0.048148
0 0.783854 0.496296 0.027083 0.048148
0 0.647917 0.355556 0.027083 0.048148
0 0.831250 0.493519 0.027083 0.048148
0 0.391146 0.341667 0.027083 0.048148
0 0.640625 0.659259 0.027083 0.048148
0 0.599479 0.038889 0.027083 0.048148
0 0.272917 0.362963 0.027083 0.048148
0 0.438021 0.715741 0.027083 0.048148
