0 0.729167 0.598148 0.027083 0.048148
0 0.683854 0.547222 0.027083 0.048148
0 0.532292 0.924074 0.027083 0.048148
0 0.730208 0.671296 0.027083 0.048148
0 0.592708 0.952778 0.027083 0.048148
0 0.739062 0.231481 0.027083 0.048148
0 0.310417 0.212963 0.027083 0.048148
0 0.287500 0.140741 0.027083 0.048148
0 0.769271 0.598148 0.027083 0.048148
0 0.223438 0.900000 0.027083 0.048148
0 0.178125 0.894444 0.027083 0.048148
0 0.845833 0.387037 0.027083 0.048148
0 0.248958 0.548148 0.027083 0.048148
0 0.543750 0.140741 0.027083 0.048148
0 0.531771 0.175926 0.027083 0.048148
0 0.664062 0.489815 0.027083 0.048148
0 0.766667 0.967593 0.027083 0.048148
0 0.790625 0.464815 0.027083 0.048148
0 0.645312 0.935185 0.027083 0.048148
0 0.290625 0.914815 0.027083 0.048148
0 0.243229 0.475000 0.027083 0.048148
0 0.402083 0.926852 0.027083 0.048148
0 0.462500 0.936111 0.027083 0.048148
0 0.376563 0.926852 0.027083 0.048148
0 0.629167 0.964815 0.027083 0.048148
0 0.571354 0.916667 0.027083 0.048148
0 0.479687 0.940741 0.027083 0.048148
0 0.795312 0.436111 0.027083 0.048148
0 0.355729 0.922222 0.027083 0.048148
0 0.231250 0.777778 0.027083 0.048148
0 0.202604 0.132407 0.027083 0.048148
0 0.805208 0.211111 0.027083 0.048148
0 0.799479 0.408333 0.027083 0.048148
0 0.767188 0.674074 0.027083 0.048148
0 0.715104 0.200000 0.027083 0.048148
0 0.498958 0.946296 0.027083 0.048148
0 0.802083 0.263889 0.027083 0.048148
0 0.236458 0.703704 0.027083 0.048148
0 0.577083 0.146296 0.027083 0.048148
0 0.778646 0.537037 0.027083 0.048148
0 0.593750 0.184259 0.027083 0.048148
0 0.124479 0.481481 0.027083 0.048148
0 0.704167 0.575000 0.027083 0.048148
0 0.357812 0.598148 0.027083 0.048148
0 0.310417 0.918519 0.027083 0.048148
0 0.228646 0.823148 0.027083 0.048148
0 0.900000 0.563889 0.027083 0.048148
0 0.508854 0.908333 0.027083 0.048148
0 0.735938 0.391667 0.027083 0.048148
