0 0.711979 0.566667 0.027083 0.048148
0 0.717187 0.636111 0.027083 0.048148
0 0.700000 0.208333 0.027083 0.048148
0 0.540104 0.916667 0.027083 0.048148
0 0.817708 0.333333 0.027083 0.048148
0 0.282292 0.268519 0.027083 0.048148
0 0.495833 0.192593 0.027083 0.048148
0 0.650521 0.910185 0.027083 0.048148
0 0.255208 0.202778 0.027083 0.048148
0 0.237500 0.950926 0.027083 0.048148
0 0.350000 0.633333 0.027083 0.048148
0 0.192708 0.954630 0.027083 0.048148
0 0.665104 0.531481 0.027083 0.048148
0 0.769792 0.923148 0.027083 0.048148
0 0.750521 0.559259 0.027083 0.048148
0 0.629687 0.941667 0.027083 0.048148
0 0.762500 0.178704 0.027083 0.048148
0 0.232292 0.535185 0.027083 0.048148
0 0.239583 0.762037 0.027083 0.048148
0 0.238542 0.875926 0.027083 0.048148
0 0.504687 0.155556 0.027083 0.048148
0 0.240625 0.603704 0.027083 0.048148
0 0.470833 0.941667 0.027083 0.048148
0 0.622396 0.185185 0.027083 0.048148
0 0.388021 0.949074 0.027083 0.048148
0 0.238542 0.830556 0.027083 0.048148
0 0.558333 0.188889 0.027083 0.048148
0 0.303646 0.247222 0.027083 0.048148
0 0.438542 0.134259 0.027083 0.048148
0 0.646875 0.184259 0.027083 0.048148
0 0.172917 0.209259 0.027083 0.048148
0 0.598437 0.935185 0.027083 0.048148
0 0.507812 0.945370 0.027083 0.048148
0 0.536979 0.154630 0.027083 0.048148
0 0.806771 0.227778 0.027083 0.048148
0 0.116667 0.562963 0.027083 0.048148
0 0.567708 0.150000 0.027083 0.048148
0 0.529167 0.938889 0.027083 0.048148
0 0.642188 0.471296 0.027083 0.048148
0 0.831250 0.923148 0.027083 0.048148
0 0.476562 0.158333 0.027083 0.048148
0 0.323437 0.952778 0.027083 0.048148
0 0.597396 0.212037 0.027083 0.048148
0 0.488542 0.944444 0.027083 0.048148
0 0.675000 0.182407 0.027083 0.048148
0 0.721875 0.180556 0.027083 0.048148
0 0.449479 0.557407 0.027083 0.048148
0 0.575521 0.187037 0.027083 0.048148
0 0.256771 0.423148 0.027083 0.048148
