0 0.553646 0.781481 0.027083 0.048148
0 0.478646 0.508333 0.027083 0.048148
0 0.577083 0.801852 0.027083 0.048148
0 0.594792 0.234259 0.027083 0.048148
0 0.493750 0.816667 0.027083 0.048148
0 0.546354 0.234259 0.027083 0.048148
0 0.465625 0.477778 0.027083 0.048148
0 0.633333 0.337963 0.027083 0.048148
0 0.432812 0.387963 0.027083 0.048148
0 0.511979 0.313889 0.027083 0.048148
0 0.590104 0.345370 0.027083 0.048148
0 0.250000 0.308333 0.027083 0.048148
0 0.407292 0.861111 0.027083 0.048148
0 0.534896 0.755556 0.027083 0.048148
0 0.604167 0.281481 0.027083 0.048148
0 0.460938 0.762037 0.027083 0.048148
0 0.583333 0.301852 0.027083 0.048148
0 0.278646 0.672222 0.027083 0.048148
0 0.727604 0.546296 0.027083 0.048148
0 0.542708 0.843519 0.027083 0.048148
0 0.245312 0.214815 0.027083 0.048148
0 0.603125 0.199074 0.027083 0.048148
0 0.577604 0.202778 0.027083 0.048148
0 0.625000 0.196296 0.027083 0.048148
0 0.271354 0.794444 0.027083 0.048148
0 0.478125 0.791667 0.027083 0.048148
0 0.320833 0.845370 0.027083 0.048148
0 0.501042 0.238889 0.027083 0.048148
0 0.368229 0.137963 0.027083 0.048148
0 0.341667 0.337963 0.027083 0.048148
0 0.531771 0.803704 0.027083 0.048148
0 0.634375 0.448148 0.027083 0.048148
0 0.493229 0.122222 0.027083 0.048148
0 0.296354 0.276852 0.027083 0.048148
0 0.608333 0.643519 0.027083 0.048148
0 0.255208 0.506481 0.027083 0.048148
0 0.555208 0.309259 0.027083 0.048148
0 0.607292 0.320370 0.027083 0.048148
0 0.341667 0.203704 0.027083 0.048148
0 0.252604 0.404630 0.027083 0.048148
0 0.563021 0.840741 0.027083 0.048148
0 0.453125 0.730556 0.027083 0.048148
0 0.384896 0.337037 0.027083 0.048148
0 0.419792 0.129630 0.027083 0.048148
0 0.264062 0.704630 0.027083 0.048148
0 0.498958 0.287037 0.027083 0.048148
0 0.390625 0.863889 0.027083 0.048148
0 0.349479 0.139815 0.027083 0.048148
0 0.772396 0.434259 0.027083 0.048148
