0 0.551042 0.846296 0.027083 0.048148
0 0.573958 0.869444 0.027083 0.048148
0 0.486979 0.559259 0.027083 0.048148
0 0.616667 0.297222 0.027083 0.048148
0 0.489583 0.872222 0.027083 0.048148
0 0.476042 0.525926 0.027083 0.048148
0 0.651042 0.407407 0.027083 0.048148
0 0.568229 0.290741 0.027083 0.048148
0 0.600521 0.367593 0.027083 0.048148
0 0.265625 0.324074 0.027083 0.048148
0 0.533333 0.815741 0.027083 0.048148
0 0.278125 0.696296 0.027083 0.048148
0 0.400521 0.905556 0.027083 0.048148
0 0.626563 0.263889 0.027083 0.048148
0 0.606771 0.410185 0.027083 0.048148
0 0.624479 0.347222 0.027083 0.048148
0 0.737500 0.631481 0.027083 0.048148
0 0.264583 0.228704 0.027083 0.048148
0 0.458333 0.813889 0.027083 0.048148
0 0.600000 0.263889 0.027083 0.048148
0 0.648438 0.263889 0.027083 0.048148
0 0.613021 0.712037 0.027083 0.048148
0 0.506250 0.250000 0.027083 0.048148
0 0.647396 0.520370 0.027083 0.048148
0 0.530208 0.365741 0.027083 0.048148
0 0.445833 0.430556 0.027083 0.048148
0 0.537500 0.905556 0.027083 0.048148
0 0.362500 0.232407 0.027083 0.048148
0 0.265104 0.821296 0.027083 0.048148
0 0.313542 0.300926 0.027083 0.048148
0 0.475000 0.845370 0.027083 0.048148
0 0.392188 0.170370 0.027083 0.048148
0 0.309896 0.875000 0.027083 0.048148
0 0.261979 0.525000 0.027083 0.048148
0 0.356250 0.368519 0.027083 0.048148
0 0.439063 0.840741 0.027083 0.048148
0 0.263542 0.422222 0.027083 0.048148
0 0.558333 0.906481 0.027083 0.048148
0 0.422396 0.241667 0.027083 0.048148
0 0.628646 0.773148 0.027083 0.048148
0 0.518750 0.171296 0.027083 0.048148
0 0.700000 0.470370 0.027083 0.048148
0 0.497917 0.537963 0.027083 0.048148
0 0.245312 0.257407 0.027083 0.048148
0 0.200000 0.522222 0.027083 0.048148
0 0.383333 0.905556 0.027083 0.048148
0 0.709896 0.427778 0.027083 0.048148
0 0.761979 0.842593 0.027083 0.048148
0 0.684375 0.231481 0.027083 0.048148
