0 0.698438 0.487963 0.027083 0.048148
0 0.260417 0.268519 0.027083 0.048148
0 0.707292 0.555556 0.027083 0.048148
0 0.790625 0.239815 0.027083 0.048148
0 0.253125 0.944444 0.027083 0.048148
0 0.651042 0.459259 0.027083 0.048148
0 0.548438 0.860185 0.027083 0.048148
0 0.469271 0.157407 0.027083 0.048148
0 0.727083 0.100000 0.027083 0.048148
0 0.221354 0.516667 0.027083 0.048148
0 0.775000 0.824074 0.027083 0.048148
0 0.270833 0.554630 0.027083 0.048148
0 0.203646 0.954630 0.027083 0.048148
0 0.245833 0.759259 0.027083 0.048148
0 0.773438 0.138889 0.027083 0.048148
0 0.231250 0.208333 0.027083 0.048148
0 0.282813 0.242593 0.027083 0.048148
0 0.590625 0.128704 0.027083 0.048148
0 0.637500 0.869444 0.027083 0.048148
0 0.657813 0.836111 0.027083 0.048148
0 0.401042 0.916667 0.027083 0.048148
0 0.203646 0.424074 0.027083 0.048148
0 0.736458 0.473148 0.027083 0.048148
0 0.617708 0.124074 0.027083 0.048148
0 0.539583 0.884259 0.027083 0.048148
0 0.527083 0.143519 0.027083 0.048148
0 0.481771 0.896296 0.027083 0.048148
0 0.786979 0.335185 0.027083 0.048148
0 0.346354 0.612963 0.027083 0.048148
0 0.668229 0.138889 0.027083 0.048148
0 0.833333 0.815741 0.027083 0.048148
0 0.244271 0.422222 0.027083 0.048148
0 0.250521 0.871296 0.027083 0.048148
0 0.228125 0.543519 0.027083 0.048148
0 0.686458 0.107407 0.027083 0.048148
0 0.247396 0.828704 0.027083 0.048148
0 0.596875 0.914815 0.027083 0.048148
0 0.678646 0.814815 0.027083 0.048148
0 0.151562 0.228704 0.027083 0.048148
0 0.534896 0.102778 0.027083 0.048148
0 0.600521 0.867593 0.027083 0.048148
0 0.200521 0.925926 0.027083 0.048148
0 0.337500 0.931481 0.027083 0.048148
0 0.186458 0.712037 0.027083 0.048148
0 0.257812 0.485185 0.027083 0.048148
0 0.461458 0.470370 0.027083 0.048148
0 0.509375 0.149074 0.027083 0.048148
0 0.194792 0.824074 0.027083 0.048148
0 0.378646 0.105556 0.027083 0.048148
