0 0.369271 0.910185 0.027083 0.048148
0 0.418750 0.902778 0.027083 0.048148
0 0.318750 0.923148 0.027083 0.048148
0 0.621875 0.862963 0.027083 0.048148
0 0.202083 0.921296 0.027083 0.048148
0 0.240104 0.798148 0.027083 0.048148
0 0.283333 0.366667 0.027083 0.048148
0 0.301563 0.888889 0.027083 0.048148
0 0.313542 0.704630 0.027083 0.048148
0 0.520312 0.883333 0.027083 0.048148
0 0.470313 0.888889 0.027083 0.048148
0 0.345833 0.180556 0.027083 0.048148
0 0.405729 0.943519 0.027083 0.048148
0 0.489063 0.155556 0.027083 0.048148
0 0.448958 0.162037 0.027083 0.048148
0 0.496875 0.293519 0.027083 0.048148
0 0.527604 0.676852 0.027083 0.048148
0 0.261979 0.513889 0.027083 0.048148
0 0.327604 0.183333 0.027083 0.048148
0 0.428646 0.252778 0.027083 0.048148
0 0.215625 0.711111 0.027083 0.048148
0 0.548438 0.916667 0.027083 0.048148
0 0.234896 0.438889 0.027083 0.048148
0 0.241667 0.882407 0.027083 0.048148
0 0.410938 0.168519 0.027083 0.048148
0 0.429688 0.417593 0.027083 0.048148
0 0.157812 0.600926 0.027083 0.048148
0 0.605729 0.279630 0.027083 0.048148
0 0.419792 0.382407 0.027083 0.048148
0 0.323958 0.431481 0.027083 0.048148
0 0.190625 0.303704 0.027083 0.048148
0 0.163542 0.637963 0.027083 0.048148
0 0.272917 0.590741 0.027083 0.048148
0 0.407813 0.359259 0.027083 0.048148
0 0.608854 0.659259 0.027083 0.048148
0 0.194271 0.406481 0.027083 0.048148
0 0.201563 0.522222 0.027083 0.048148
0 0.656250 0.183333 0.027083 0.048148
0 0.572917 0.911111 0.027083 0.048148
0 0.793750 0.477778 0.027083 0.048148
0 0.208333 0.634259 0.027083 0.048148
0 0.333333 0.889815 0.027083 0.048148
0 0.299479 0.837963 0.027083 0.048148
0 0.252604 0.474074 0.027083 0.048148
0 0.223438 0.887963 0.027083 0.048148
0 0.136458 0.597222 0.027083 0.048148
0 0.591667 0.944444 0.027083 0.048148
0 0.579167 0.334259 0.027083 0.048148
0 0.632812 0.393519 0.027083 0.048148
