0 0.339062 0.820370 0.027083 0.048148
0 0.174479 0.809259 0.027083 0.048148
0 0.216667 0.692593 0.027083 0.048148
0 0.206771 0.718519 0.027083 0.048148
0 0.388021 0.819444 0.027083 0.048148
0 0.289062 0.826852 0.027083 0.048148
0 0.590104 0.807407 0.027083 0.048148
0 0.373958 0.857407 0.027083 0.048148
0 0.491146 0.813889 0.027083 0.048148
0 0.488542 0.092593 0.027083 0.048148
0 0.346354 0.099074 0.027083 0.048148
0 0.257812 0.492593 0.027083 0.048148
0 0.490104 0.228704 0.027083 0.048148
0 0.277604 0.274074 0.027083 0.048148
0 0.196875 0.602778 0.027083 0.048148
0 0.292708 0.611111 0.027083 0.048148
0 0.273438 0.789815 0.027083 0.048148
0 0.228125 0.339815 0.027083 0.048148
0 0.515625 0.849074 0.027083 0.048148
0 0.448958 0.093519 0.027083 0.048148
0 0.189062 0.198148 0.027083 0.048148
0 0.439583 0.812963 0.027083 0.048148
0 0.586458 0.603704 0.027083 0.048148
0 0.411458 0.095370 0.027083 0.048148
0 0.425000 0.181481 0.027083 0.048148
0 0.250521 0.415741 0.027083 0.048148
0 0.539583 0.848148 0.027083 0.048148
0 0.462500 0.292593 0.027083 0.048148
0 0.512500 0.227778 0.027083 0.048148
0 0.190625 0.414815 0.027083 0.048148
0 0.328646 0.099074 0.027083 0.048148
0 0.367708 0.646296 0.027083 0.048148
0 0.192708 0.525926 0.027083 0.048148
0 0.148958 0.524074 0.027083 0.048148
0 0.652083 0.141667 0.027083 0.048148
0 0.556250 0.884259 0.027083 0.048148
0 0.195312 0.685185 0.027083 0.048148
0 0.336979 0.892593 0.027083 0.048148
0 0.593229 0.228704 0.027083 0.048148
0 0.188021 0.299074 0.027083 0.048148
0 0.334375 0.319444 0.027083 0.048148
0 0.355208 0.859259 0.027083 0.048148
0 0.146354 0.416667 0.027083 0.048148
0 0.213021 0.637037 0.027083 0.048148
0 0.433854 0.225000 0.027083 0.048148
0 0.153125 0.777778 0.027083 0.048148
0 0.356771 0.790741 0.027083 0.048148
0 0.214583 0.776852 0.027083 0.048148
0 0.144271 0.300926 0.027083 0.048148
