0 0.728125 0.544444 0.027083 0.048148
0 0.733854 0.616667 0.027083 0.048148
0 0.290625 0.246296 0.027083 0.048148
0 0.555208 0.900926 0.027083 0.048148
0 0.836458 0.306481 0.027083 0.048148
0 0.715104 0.179630 0.027083 0.048148
0 0.511458 0.809259 0.027083 0.048148
0 0.787500 0.732407 0.027083 0.048148
0 0.680729 0.500926 0.027083 0.048148
0 0.263542 0.178704 0.027083 0.048148
0 0.507812 0.165741 0.027083 0.048148
0 0.247396 0.939815 0.027083 0.048148
0 0.666667 0.893519 0.027083 0.048148
0 0.656771 0.449074 0.027083 0.048148
0 0.804688 0.820370 0.027083 0.048148
0 0.767708 0.535185 0.027083 0.048148
0 0.240625 0.515741 0.027083 0.048148
0 0.202083 0.942593 0.027083 0.048148
0 0.483333 0.488889 0.027083 0.048148
0 0.251042 0.587963 0.027083 0.048148
0 0.248958 0.746296 0.027083 0.048148
0 0.484896 0.928704 0.027083 0.048148
0 0.636979 0.157407 0.027083 0.048148
0 0.346354 0.366667 0.027083 0.048148
0 0.399479 0.935185 0.027083 0.048148
0 0.361458 0.614815 0.027083 0.048148
0 0.664583 0.156481 0.027083 0.048148
0 0.721875 0.337037 0.027083 0.048148
0 0.314583 0.223148 0.027083 0.048148
0 0.429167 0.488889 0.027083 0.048148
0 0.567708 0.162037 0.027083 0.048148
0 0.248438 0.863889 0.027083 0.048148
0 0.777083 0.148148 0.027083 0.048148
0 0.247917 0.816667 0.027083 0.048148
0 0.437500 0.352778 0.027083 0.048148
0 0.614583 0.920370 0.027083 0.048148
0 0.646354 0.925926 0.027083 0.048148
0 0.516667 0.127778 0.027083 0.048148
0 0.179688 0.185185 0.027083 0.048148
0 0.334375 0.939815 0.027083 0.048148
0 0.667708 0.360185 0.027083 0.048148
0 0.611458 0.185185 0.027083 0.048148
0 0.788021 0.901852 0.027083 0.048148
0 0.265104 0.402778 0.027083 0.048148
0 0.521875 0.931481 0.027083 0.048148
0 0.449479 0.108333 0.027083 0.048148
0 0.824479 0.198148 0.027083 0.048148
0 0.851042 0.906481 0.027083 0.048148
0 0.503646 0.263889 0.027083 0.048148
