0 0.746875 0.641667 0.027083 0.048148
0 0.688021 0.512037 0.027083 0.048148
0 0.186458 0.173148 0.027083 0.048148
0 0.273958 0.313889 0.027083 0.048148
0 0.711458 0.147222 0.027083 0.048148
0 0.770312 0.276852 0.027083 0.048148
0 0.210938 0.397222 0.027083 0.048148
0 0.246875 0.921296 0.027083 0.048148
0 0.225521 0.961111 0.027083 0.048148
0 0.435417 0.091667 0.027083 0.048148
0 0.467187 0.207407 0.027083 0.048148
0 0.201042 0.291667 0.027083 0.048148
0 0.165104 0.173148 0.027083 0.048148
0 0.226562 0.612037 0.027083 0.048148
0 0.292708 0.294444 0.027083 0.048148
0 0.232813 0.712963 0.027083 0.048148
0 0.241667 0.812963 0.027083 0.048148
0 0.219271 0.512037 0.027083 0.048148
0 0.101042 0.568519 0.027083 0.048148
0 0.695312 0.575926 0.027083 0.048148
0 0.760417 0.135185 0.027083 0.048148
0 0.271875 0.950926 0.027083 0.048148
0 0.245312 0.261111 0.027083 0.048148
0 0.632292 0.872222 0.027083 0.048148
0 0.238021 0.553704 0.027083 0.048148
0 0.788542 0.804630 0.027083 0.048148
0 0.642708 0.485185 0.027083 0.048148
0 0.761979 0.730556 0.027083 0.048148
0 0.754687 0.184259 0.027083 0.048148
0 0.608854 0.173148 0.027083 0.048148
0 0.219271 0.462037 0.027083 0.048148
0 0.286458 0.587037 0.027083 0.048148
0 0.260937 0.694444 0.027083 0.048148
0 0.652604 0.840741 0.027083 0.048148
0 0.828125 0.232407 0.027083 0.048148
0 0.582812 0.178704 0.027083 0.048148
0 0.216667 0.846296 0.027083 0.048148
0 0.235417 0.164815 0.027083 0.048148
0 0.548958 0.867593 0.027083 0.048148
0 0.208333 0.743519 0.027083 0.048148
0 0.596354 0.916667 0.027083 0.048148
0 0.183854 0.425926 0.027083 0.048148
0 0.200521 0.641667 0.027083 0.048148
0 0.821354 0.096296 0.027083 0.048148
0 0.883854 0.159259 0.027083 0.048148
0 0.672396 0.157407 0.027083 0.048148
0 0.723958 0.497222 0.027083 0.048148
0 0.413542 0.177778 0.027083 0.048148
0 0.505729 0.200000 0.027083 0.048148
