0 0.546354 0.806481 0.027083 0.048148
0 0.477083 0.837037 0.027083 0.048148
0 0.475521 0.494444 0.027083 0.048148
0 0.619271 0.208333 0.027083 0.048148
0 0.569271 0.833333 0.027083 0.048148
0 0.657292 0.325926 0.027083 0.048148
0 0.751042 0.574074 0.027083 0.048148
0 0.626563 0.169444 0.027083 0.048148
0 0.464583 0.460185 0.027083 0.048148
0 0.695312 0.716667 0.027083 0.048148
0 0.333854 0.280556 0.027083 0.048148
0 0.233854 0.127778 0.027083 0.048148
0 0.613021 0.660185 0.027083 0.048148
0 0.144271 0.316667 0.027083 0.048148
0 0.602083 0.286111 0.027083 0.048148
0 0.233333 0.235185 0.027083 0.048148
0 0.631250 0.728704 0.027083 0.048148
0 0.230729 0.341667 0.027083 0.048148
0 0.527083 0.775926 0.027083 0.048148
0 0.608854 0.329630 0.027083 0.048148
0 0.430208 0.350000 0.027083 0.048148
0 0.228646 0.666667 0.027083 0.048148
0 0.340625 0.133333 0.027083 0.048148
0 0.463021 0.804630 0.027083 0.048148
0 0.445312 0.773148 0.027083 0.048148
0 0.286979 0.837037 0.027083 0.048148
0 0.111979 0.683333 0.027083 0.048148
0 0.229167 0.454630 0.027083 0.048148
0 0.371875 0.068519 0.027083 0.048148
0 0.510938 0.071296 0.027083 0.048148
0 0.231771 0.780556 0.027083 0.048148
0 0.431250 0.259259 0.027083 0.048148
0 0.651042 0.167593 0.027083 0.048148
0 0.652604 0.452778 0.027083 0.048148
0 0.380729 0.870370 0.027083 0.048148
0 0.407813 0.143519 0.027083 0.048148
0 0.529167 0.871296 0.027083 0.048148
0 0.767188 0.597222 0.027083 0.048148
0 0.627083 0.263889 0.027083 0.048148
0 0.521875 0.281481 0.027083 0.048148
0 0.229687 0.562037 0.027083 0.048148
0 0.566146 0.203704 0.027083 0.048148
0 0.469792 0.068519 0.027083 0.048148
0 0.598958 0.174074 0.027083 0.048148
0 0.283333 0.475000 0.027083 0.048148
0 0.764062 0.535185 0.027083 0.048148
0 0.380729 0.287963 0.027083 0.048148
0 0.468750 0.148148 0.027083 0.048148
0 0.754687 0.786111 0.027083 0.048148
