0 0.606771 0.843519 0.027083 0.048148
0 0.692187 0.283333 0.027083 0.048148
0 0.629167 0.870370 0.027083 0.048148
0 0.549479 0.541667 0.027083 0.048148
0 0.687500 0.129630 0.027083 0.048148
0 0.539583 0.505556 0.027083 0.048148
0 0.541667 0.865741 0.027083 0.048148
0 0.724479 0.399074 0.027083 0.048148
0 0.673438 0.354630 0.027083 0.048148
0 0.238021 0.574074 0.027083 0.048148
0 0.806771 0.641667 0.027083 0.048148
0 0.702083 0.249074 0.027083 0.048148
0 0.717187 0.515741 0.027083 0.048148
0 0.327604 0.275000 0.027083 0.048148
0 0.675000 0.709259 0.027083 0.048148
0 0.329167 0.661111 0.027083 0.048148
0 0.448958 0.889815 0.027083 0.048148
0 0.329688 0.175926 0.027083 0.048148
0 0.675521 0.247222 0.027083 0.048148
0 0.588542 0.812037 0.027083 0.048148
0 0.642708 0.273148 0.027083 0.048148
0 0.431250 0.189815 0.027083 0.048148
0 0.698438 0.336111 0.027083 0.048148
0 0.726562 0.251852 0.027083 0.048148
0 0.678125 0.398148 0.027083 0.048148
0 0.420833 0.328704 0.027083 0.048148
0 0.463021 0.129630 0.027083 0.048148
0 0.590104 0.903704 0.027083 0.048148
0 0.510417 0.402778 0.027083 0.048148
0 0.511979 0.801852 0.027083 0.048148
0 0.527604 0.835185 0.027083 0.048148
0 0.317708 0.482407 0.027083 0.048148
0 0.310937 0.789815 0.027083 0.048148
0 0.752083 0.773148 0.027083 0.048148
0 0.378646 0.257407 0.027083 0.048148
0 0.354687 0.850926 0.027083 0.048148
0 0.322396 0.374074 0.027083 0.048148
0 0.689583 0.775000 0.027083 0.048148
0 0.594271 0.143519 0.027083 0.048148
0 0.579167 0.222222 0.027083 0.048148
0 0.491667 0.827778 0.027083 0.048148
0 0.493229 0.205556 0.027083 0.048148
0 0.512500 0.316667 0.027083 0.048148
0 0.657813 0.338889 0.027083 0.048148
0 0.612500 0.906481 0.027083 0.048148
0 0.773438 0.473148 0.027083 0.048148
0 0.889062 0.801852 0.027083 0.048148
0 0.560417 0.518519 0.027083 0.048148
0 0.599479 0.344444 0.027083 0.048148
