0 0.561458 0.452778 0.027083 0.048148
0 0.500521 0.295370 0.027083 0.048148
0 0.324479 0.353704 0.027083 0.048148
0 0.208854 0.693519 0.027083 0.048148
0 0.288021 0.450926 0.027083 0.048148
0 0.463542 0.729630 0.027083 0.048148
0 0.111979 0.691667 0.027083 0.048148
0 0.390625 0.849074 0.027083 0.048148
0 0.567187 0.186111 0.027083 0.048148
0 0.296354 0.475926 0.027083 0.048148
0 0.567187 0.811111 0.027083 0.048148
0 0.587500 0.368519 0.027083 0.048148
0 0.305729 0.617593 0.027083 0.048148
0 0.350521 0.827778 0.027083 0.048148
0 0.218750 0.733333 0.027083 0.048148
0 0.741146 0.446296 0.027083 0.048148
0 0.577604 0.432407 0.027083 0.048148
0 0.261979 0.240741 0.027083 0.048148
0 0.309896 0.733333 0.027083 0.048148
0 0.545312 0.837963 0.027083 0.048148
0 0.513021 0.334259 0.027083 0.048148
0 0.672917 0.187963 0.027083 0.048148
0 0.373958 0.850926 0.027083 0.048148
0 0.342187 0.227778 0.027083 0.048148
0 0.632292 0.148148 0.027083 0.048148
0 0.524479 0.839815 0.027083 0.048148
0 0.377604 0.463889 0.027083 0.048148
0 0.267708 0.355556 0.027083 0.048148
0 0.306771 0.288889 0.027083 0.048148
0 0.661979 0.420370 0.027083 0.048148
0 0.309375 0.704630 0.027083 0.048148
0 0.444271 0.697222 0.027083 0.048148
0 0.608854 0.182407 0.027083 0.048148
0 0.562500 0.251852 0.027083 0.048148
0 0.472917 0.460185 0.027083 0.048148
0 0.122396 0.666667 0.027083 0.048148
0 0.752083 0.834259 0.027083 0.048148
0 0.138021 0.791667 0.027083 0.048148
0 0.118750 0.450926 0.027083 0.048148
0 0.563542 0.871296 0.027083 0.048148
0 0.267188 0.192593 0.027083 0.048148
0 0.453125 0.198148 0.027083 0.048148
0 0.150000 0.811111 0.027083 0.048148
0 0.467708 0.264815 0.027083 0.048148
0 0.356771 0.885185 0.027083 0.048148
0 0.592187 0.564815 0.027083 0.048148
0 0.597396 0.402778 0.027083 0.048148
0 0.142708 0.199074 0.027083 0.048148
0 0.328125 0.636111 0.027083 0.048148
