0 0.393750 0.790741 0.027083 0.048148
0 0.278646 0.646296 0.027083 0.048148
0 0.442708 0.795370 0.027083 0.048148
0 0.232292 0.755556 0.027083 0.048148
0 0.643229 0.812037 0.027083 0.048148
0 0.343229 0.788889 0.027083 0.048148
0 0.427083 0.832407 0.027083 0.048148
0 0.544792 0.805556 0.027083 0.048148
0 0.268750 0.670370 0.027083 0.048148
0 0.434896 0.077778 0.027083 0.048148
0 0.575000 0.091667 0.027083 0.048148
0 0.540104 0.285185 0.027083 0.048148
0 0.263542 0.553704 0.027083 0.048148
0 0.358333 0.240741 0.027083 0.048148
0 0.567708 0.843519 0.027083 0.048148
0 0.592187 0.228704 0.027083 0.048148
0 0.471354 0.545370 0.027083 0.048148
0 0.569271 0.225926 0.027083 0.048148
0 0.412500 0.295370 0.027083 0.048148
0 0.273958 0.152778 0.027083 0.048148
0 0.329167 0.753704 0.027083 0.048148
0 0.494271 0.797222 0.027083 0.048148
0 0.356771 0.575926 0.027083 0.048148
0 0.278646 0.591667 0.027083 0.048148
0 0.265625 0.365741 0.027083 0.048148
0 0.498437 0.083333 0.027083 0.048148
0 0.263021 0.476852 0.027083 0.048148
0 0.258333 0.635185 0.027083 0.048148
0 0.535937 0.086111 0.027083 0.048148
0 0.391146 0.865741 0.027083 0.048148
0 0.328646 0.452778 0.027083 0.048148
0 0.609896 0.877778 0.027083 0.048148
0 0.517188 0.050000 0.027083 0.048148
0 0.408333 0.830556 0.027083 0.048148
0 0.515104 0.213889 0.027083 0.048148
0 0.416146 0.075000 0.027083 0.048148
0 0.591146 0.845370 0.027083 0.048148
0 0.268750 0.252778 0.027083 0.048148
0 0.219271 0.475000 0.027083 0.048148
0 0.225000 0.250000 0.027083 0.048148
0 0.211979 0.721296 0.027083 0.048148
0 0.453646 0.587963 0.027083 0.048148
0 0.647917 0.610185 0.027083 0.048148
0 0.691146 0.358333 0.027083 0.048148
0 0.221875 0.363889 0.027083 0.048148
0 0.734375 0.163889 0.027083 0.048148
0 0.256250 0.726852 0.027083 0.048148
0 0.508854 0.171296 0.027083 0.048148
0 0.361458 0.757407 0.027083 0.048148
