0 0.354687 0.253704 0.027083 0.048148
0 0.390104 0.248148 0.027083 0.048148
0 0.183333 0.647222 0.027083 0.048148
0 0.372396 0.282407 0.027083 0.048148
0 0.156250 0.718519 0.027083 0.048148
0 0.728646 0.242593 0.027083 0.048148
0 0.485417 0.350926 0.027083 0.048148
0 0.202604 0.479630 0.027083 0.048148
0 0.428125 0.258333 0.027083 0.048148
0 0.612500 0.639815 0.027083 0.048148
0 0.703125 0.442593 0.027083 0.048148
0 0.469792 0.296296 0.027083 0.048148
0 0.190104 0.595370 0.027083 0.048148
0 0.555208 0.287963 0.027083 0.048148
0 0.169271 0.614815 0.027083 0.048148
0 0.264583 0.255556 0.027083 0.048148
0 0.604688 0.273148 0.027083 0.048148
0 0.408333 0.313889 0.027083 0.048148
0 0.441667 0.883333 0.027083 0.048148
0 0.596354 0.335185 0.027083 0.048148
0 0.242708 0.287037 0.027083 0.048148
0 0.579688 0.261111 0.027083 0.048148
0 0.288021 0.261111 0.027083 0.048148
0 0.304167 0.145370 0.027083 0.048148
0 0.432812 0.287963 0.027083 0.048148
0 0.384896 0.309259 0.027083 0.048148
0 0.441146 0.360185 0.027083 0.048148
0 0.281771 0.159259 0.027083 0.048148
0 0.155208 0.647222 0.027083 0.048148
0 0.397396 0.598148 0.027083 0.048148
0 0.618229 0.303704 0.027083 0.048148
0 0.207292 0.435185 0.027083 0.048148
0 0.331250 0.520370 0.027083 0.048148
0 0.482292 0.256481 0.027083 0.048148
0 0.675000 0.221296 0.027083 0.048148
0 0.179167 0.472222 0.027083 0.048148
0 0.615625 0.362963 0.027083 0.048148
0 0.272917 0.216667 0.027083 0.048148
0 0.529167 0.274074 0.027083 0.048148
0 0.184375 0.262037 0.027083 0.048148
0 0.286979 0.341667 0.027083 0.048148
0 0.170833 0.378704 0.027083 0.048148
0 0.403125 0.376852 0.027083 0.048148
0 0.449479 0.272222 0.027083 0.048148
0 0.723958 0.290741 0.027083 0.048148
0 0.271875 0.600926 0.027083 0.048148
0 0.790625 0.219444 0.027083 0.048148
0 0.297396 0.655556 0.027083 0.048148
0 0.730208 0.465741 0.027083 0.048148
