0 0.332292 0.525926 0.027083 0.048148
0 0.300000 0.396296 0.027083 0.048148
0 0.361458 0.759259 0.027083 0.048148
0 0.583333 0.793519 0.027083 0.048148
0 0.291146 0.329630 0.027083 0.048148
0 0.681771 0.762963 0.027083 0.048148
0 0.628125 0.184259 0.027083 0.048148
0 0.385417 0.851852 0.027083 0.048148
0 0.634375 0.780556 0.027083 0.048148
0 0.147396 0.437963 0.027083 0.048148
0 0.356771 0.463889 0.027083 0.048148
0 0.456250 0.870370 0.027083 0.048148
0 0.314063 0.465741 0.027083 0.048148
0 0.348438 0.648148 0.027083 0.048148
0 0.325000 0.298148 0.027083 0.048148
0 0.431250 0.834259 0.027083 0.048148
0 0.618229 0.412963 0.027083 0.048148
0 0.416146 0.275000 0.027083 0.048148
0 0.380729 0.691667 0.027083 0.048148
0 0.334375 0.439815 0.027083 0.048148
0 0.368229 0.506481 0.027083 0.048148
0 0.320833 0.387963 0.027083 0.048148
0 0.567708 0.562963 0.027083 0.048148
0 0.414062 0.852778 0.027083 0.048148
0 0.357812 0.306481 0.027083 0.048148
0 0.598958 0.829630 0.027083 0.048148
0 0.663542 0.198148 0.027083 0.048148
0 0.106771 0.437037 0.027083 0.048148
0 0.190625 0.537963 0.027083 0.048148
0 0.392188 0.651852 0.027083 0.048148
0 0.343229 0.272222 0.027083 0.048148
0 0.248958 0.574074 0.027083 0.048148
0 0.892188 0.170370 0.027083 0.048148
0 0.231250 0.378704 0.027083 0.048148
0 0.270833 0.813889 0.027083 0.048148
0 0.805208 0.790741 0.027083 0.048148
0 0.256250 0.653704 0.027083 0.048148
0 0.892188 0.574074 0.027083 0.048148
0 0.357812 0.730556 0.027083 0.048148
0 0.275521 0.120370 0.027083 0.048148
0 0.600521 0.314815 0.027083 0.048148
0 0.436979 0.876852 0.027083 0.048148
0 0.646875 0.799074 0.027083 0.048148
0 0.745313 0.314815 0.027083 0.048148
0 0.622917 0.822222 0.027083 0.048148
0 0.264062 0.737963 0.027083 0.048148
0 0.402083 0.313889 0.027083 0.048148
0 0.241146 0.485185 0.027083 0.048148
0 0.835417 0.504630 0.027083 0.048148
