0 0.595313 0.748148 0.027083 0.048148
0 0.697917 0.205556 0.027083 0.048148
0 0.245833 0.264815 0.027083 0.048148
0 0.307812 0.353704 0.027083 0.048148
0 0.710417 0.183333 0.027083 0.048148
0 0.304167 0.579630 0.027083 0.048148
0 0.444271 0.217593 0.027083 0.048148
0 0.472917 0.222222 0.027083 0.048148
0 0.232292 0.885185 0.027083 0.048148
0 0.265104 0.595370 0.027083 0.048148
0 0.247396 0.534259 0.027083 0.048148
0 0.560417 0.818519 0.027083 0.048148
0 0.671875 0.182407 0.027083 0.048148
0 0.623958 0.455556 0.027083 0.048148
0 0.238021 0.495370 0.027083 0.048148
0 0.205729 0.276852 0.027083 0.048148
0 0.625000 0.331481 0.027083 0.048148
0 0.328125 0.731481 0.027083 0.048148
0 0.256771 0.569444 0.027083 0.048148
0 0.230729 0.464815 0.027083 0.048148
0 0.412500 0.629630 0.027083 0.048148
0 0.341667 0.515741 0.027083 0.048148
0 0.492708 0.203704 0.027083 0.048148
0 0.780729 0.657407 0.027083 0.048148
0 0.518229 0.199074 0.027083 0.048148
0 0.691667 0.151852 0.027083 0.048148
0 0.566146 0.382407 0.027083 0.048148
0 0.428125 0.219444 0.027083 0.048148
0 0.522917 0.395370 0.027083 0.048148
0 0.742708 0.818519 0.027083 0.048148
0 0.728125 0.146296 0.027083 0.048148
0 0.377604 0.462037 0.027083 0.048148
0 0.439063 0.624074 0.027083 0.048148
0 0.306250 0.926852 0.027083 0.048148
0 0.572917 0.769444 0.027083 0.048148
0 0.758854 0.137037 0.027083 0.048148
0 0.613021 0.357407 0.027083 0.048148
0 0.181250 0.281481 0.027083 0.048148
0 0.707292 0.301852 0.027083 0.048148
0 0.413542 0.386111 0.027083 0.048148
0 0.285417 0.725000 0.027083 0.048148
0 0.411979 0.334259 0.027083 0.048148
0 0.350521 0.457407 0.027083 0.048148
0 0.234896 0.812037 0.027083 0.048148
0 0.626563 0.398148 0.027083 0.048148
0 0.234375 0.945370 0.027083 0.048148
0 0.553646 0.341667 0.027083 0.048148
0 0.810937 0.801852 0.027083 0.048148
0 0.648958 0.200926 0.027083 0.048148
