0 0.614583 0.507407 0.027083 0.048148
0 0.559375 0.334259 0.027083 0.048148
0 0.229167 0.699074 0.027083 0.048148
0 0.569271 0.375000 0.027083 0.048148
0 0.325000 0.457407 0.027083 0.048148
0 0.334896 0.637037 0.027083 0.048148
0 0.368750 0.363889 0.027083 0.048148
0 0.235417 0.744444 0.027083 0.048148
0 0.411458 0.897222 0.027083 0.048148
0 0.598958 0.887963 0.027083 0.048148
0 0.332292 0.760185 0.027083 0.048148
0 0.309375 0.228704 0.027083 0.048148
0 0.358854 0.272222 0.027083 0.048148
0 0.332292 0.483333 0.027083 0.048148
0 0.371875 0.867593 0.027083 0.048148
0 0.495312 0.783333 0.027083 0.048148
0 0.250000 0.729630 0.027083 0.048148
0 0.477604 0.747222 0.027083 0.048148
0 0.538021 0.788889 0.027083 0.048148
0 0.628646 0.294444 0.027083 0.048148
0 0.722396 0.492593 0.027083 0.048148
0 0.357812 0.661111 0.027083 0.048148
0 0.505208 0.873148 0.027083 0.048148
0 0.371354 0.231481 0.027083 0.048148
0 0.632292 0.486111 0.027083 0.048148
0 0.646875 0.421296 0.027083 0.048148
0 0.625000 0.342593 0.027083 0.048148
0 0.333854 0.722222 0.027083 0.048148
0 0.711458 0.801852 0.027083 0.048148
0 0.395313 0.230556 0.027083 0.048148
0 0.804167 0.532407 0.027083 0.048148
0 0.553125 0.910185 0.027083 0.048148
0 0.681250 0.229630 0.027083 0.048148
0 0.259375 0.634259 0.027083 0.048148
0 0.470833 0.271296 0.027083 0.048148
0 0.650521 0.154630 0.027083 0.048148
0 0.515104 0.221296 0.027083 0.048148
0 0.672396 0.301852 0.027083 0.048148
0 0.196354 0.476852 0.027083 0.048148
0 0.635938 0.226852 0.027083 0.048148
0 0.381250 0.625000 0.027083 0.048148
0 0.393229 0.895370 0.027083 0.048148
0 0.576562 0.912963 0.027083 0.048148
0 0.307292 0.350926 0.027083 0.048148
0 0.571875 0.449074 0.027083 0.048148
0 0.358854 0.463889 0.027083 0.048148
0 0.682292 0.558333 0.027083 0.048148
0 0.519792 0.500000 0.027083 0.048148
0 0.469271 0.351852 0.027083 0.048148
