0 0.430729 0.580556 0.027083 0.048148
0 0.366667 0.751852 0.027083 0.048148
0 0.503646 0.780556 0.027083 0.048148
0 0.228646 0.703704 0.027083 0.048148
0 0.271354 0.613889 0.027083 0.048148
0 0.447917 0.548148 0.027083 0.048148
0 0.456771 0.769444 0.027083 0.048148
0 0.513542 0.378704 0.027083 0.048148
0 0.275000 0.567593 0.027083 0.048148
0 0.515625 0.327778 0.027083 0.048148
0 0.311979 0.711111 0.027083 0.048148
0 0.413542 0.757407 0.027083 0.048148
0 0.646875 0.409259 0.027083 0.048148
0 0.522917 0.817593 0.027083 0.048148
0 0.397396 0.792593 0.027083 0.048148
0 0.409896 0.612963 0.027083 0.048148
0 0.346875 0.562963 0.027083 0.048148
0 0.540104 0.823148 0.027083 0.048148
0 0.381250 0.788889 0.027083 0.048148
0 0.244271 0.493519 0.027083 0.048148
0 0.287500 0.176852 0.027083 0.048148
0 0.264583 0.527778 0.027083 0.048148
0 0.756250 0.235185 0.027083 0.048148
0 0.330208 0.742593 0.027083 0.048148
0 0.585938 0.799074 0.027083 0.048148
0 0.585417 0.501852 0.027083 0.048148
0 0.478125 0.471296 0.027083 0.048148
0 0.256771 0.596296 0.027083 0.048148
0 0.513542 0.479630 0.027083 0.048148
0 0.320312 0.345370 0.027083 0.048148
0 0.569792 0.492593 0.027083 0.048148
0 0.760938 0.528704 0.027083 0.048148
0 0.347917 0.450000 0.027083 0.048148
0 0.429688 0.125000 0.027083 0.048148
0 0.693750 0.245370 0.027083 0.048148
0 0.486458 0.137963 0.027083 0.048148
0 0.266667 0.460185 0.027083 0.048148
0 0.389062 0.574074 0.027083 0.048148
0 0.272917 0.364815 0.027083 0.048148
0 0.664583 0.315741 0.027083 0.048148
0 0.410417 0.558333 0.027083 0.048148
0 0.441146 0.464815 0.027083 0.048148
0 0.561979 0.796296 0.027083 0.048148
0 0.223438 0.416667 0.027083 0.048148
0 0.598958 0.262037 0.027083 0.048148
0 0.326042 0.525926 0.027083 0.048148
0 0.505208 0.110185 0.027083 0.048148
0 0.568750 0.633333 0.027083 0.048148
0 0.541146 0.485185 0.027083 0.048148
