0 0.319271 0.725000 0.027083 0.048148
0 0.289062 0.232407 0.027083 0.048148
0 0.283333 0.610185 0.027083 0.048148
0 0.433854 0.334259 0.027083 0.048148
0 0.285938 0.325926 0.027083 0.048148
0 0.280729 0.691667 0.027083 0.048148
0 0.284375 0.433333 0.027083 0.048148
0 0.756771 0.226852 0.027083 0.048148
0 0.282813 0.537963 0.027083 0.048148
0 0.434375 0.576852 0.027083 0.048148
0 0.279167 0.770370 0.027083 0.048148
0 0.555729 0.388889 0.027083 0.048148
0 0.453125 0.358333 0.027083 0.048148
0 0.627604 0.333333 0.027083 0.048148
0 0.803125 0.227778 0.027083 0.048148
0 0.359375 0.324074 0.027083 0.048148
0 0.586458 0.303704 0.027083 0.048148
0 0.488021 0.377778 0.027083 0.048148
0 0.320833 0.575000 0.027083 0.048148
0 0.626563 0.285185 0.027083 0.048148
0 0.465104 0.319444 0.027083 0.048148
0 0.558854 0.437037 0.027083 0.048148
0 0.381771 0.258333 0.027083 0.048148
0 0.303646 0.573148 0.027083 0.048148
0 0.320833 0.674074 0.027083 0.048148
0 0.622917 0.393519 0.027083 0.048148
0 0.544271 0.300926 0.027083 0.048148
0 0.296875 0.730556 0.027083 0.048148
0 0.504687 0.622222 0.027083 0.048148
0 0.356771 0.363889 0.027083 0.048148
0 0.303646 0.789815 0.027083 0.048148
0 0.677604 0.290741 0.027083 0.048148
0 0.256771 0.800926 0.027083 0.048148
0 0.301042 0.651852 0.027083 0.048148
0 0.786979 0.400926 0.027083 0.048148
0 0.607292 0.306481 0.027083 0.048148
0 0.303646 0.395370 0.027083 0.048148
0 0.392188 0.660185 0.027083 0.048148
0 0.378646 0.363889 0.027083 0.048148
0 0.753125 0.408333 0.027083 0.048148
0 0.380208 0.301852 0.027083 0.048148
0 0.518750 0.431481 0.027083 0.048148
0 0.595833 0.435185 0.027083 0.048148
0 0.320312 0.530556 0.027083 0.048148
0 0.311458 0.438889 0.027083 0.048148
0 0.539583 0.435185 0.027083 0.048148
0 0.261458 0.575000 0.027083 0.048148
0 0.772917 0.415741 0.027083 0.048148
0 0.711458 0.401852 0.027083 0.048148
