0 0.732812 0.635185 0.027083 0.048148
0 0.530208 0.897222 0.027083 0.048148
0 0.292708 0.112037 0.027083 0.048148
0 0.306771 0.241667 0.027083 0.048148
0 0.585938 0.920370 0.027083 0.048148
0 0.727604 0.699074 0.027083 0.048148
0 0.824479 0.307407 0.027083 0.048148
0 0.695833 0.584259 0.027083 0.048148
0 0.242188 0.755556 0.027083 0.048148
0 0.303646 0.487963 0.027083 0.048148
0 0.268229 0.550926 0.027083 0.048148
0 0.214062 0.780556 0.027083 0.048148
0 0.281250 0.452778 0.027083 0.048148
0 0.220833 0.716667 0.027083 0.048148
0 0.257292 0.650000 0.027083 0.048148
0 0.268229 0.320370 0.027083 0.048148
0 0.233333 0.613889 0.027083 0.048148
0 0.539062 0.157407 0.027083 0.048148
0 0.314583 0.194444 0.027083 0.048148
0 0.613021 0.940741 0.027083 0.048148
0 0.256250 0.420370 0.027083 0.048148
0 0.291146 0.353704 0.027083 0.048148
0 0.245312 0.513889 0.027083 0.048148
0 0.808854 0.484259 0.027083 0.048148
0 0.281771 0.206481 0.027083 0.048148
0 0.259375 0.797222 0.027083 0.048148
0 0.319271 0.137037 0.027083 0.048148
0 0.304167 0.309259 0.027083 0.048148
0 0.303646 0.415741 0.027083 0.048148
0 0.797396 0.530556 0.027083 0.048148
0 0.570833 0.883333 0.027083 0.048148
0 0.770312 0.642593 0.027083 0.048148
0 0.713542 0.610185 0.027083 0.048148
0 0.821354 0.354630 0.027083 0.048148
0 0.343750 0.513889 0.027083 0.048148
0 0.777083 0.613889 0.027083 0.048148
0 0.847917 0.469444 0.027083 0.048148
0 0.282292 0.619444 0.027083 0.048148
0 0.866667 0.324074 0.027083 0.048148
0 0.858854 0.368519 0.027083 0.048148
0 0.329688 0.589815 0.027083 0.048148
0 0.784896 0.581481 0.027083 0.048148
0 0.517188 0.123148 0.027083 0.048148
0 0.317708 0.669444 0.027083 0.048148
0 0.758854 0.284259 0.027083 0.048148
0 0.288021 0.590741 0.027083 0.048148
0 0.581771 0.216667 0.027083 0.048148
0 0.297396 0.525926 0.027083 0.048148
0 0.366146 0.137037 0.027083 0.048148
