0 0.254167 0.572222 0.027083 0.048148
0 0.284375 0.210185 0.027083 0.048148
0 0.280729 0.689815 0.027083 0.048148
0 0.417187 0.337037 0.027083 0.048148
0 0.402604 0.572222 0.027083 0.048148
0 0.823958 0.562037 0.027083 0.048148
0 0.275521 0.300000 0.027083 0.048148
0 0.245833 0.650000 0.027083 0.048148
0 0.266667 0.402778 0.027083 0.048148
0 0.885417 0.308333 0.027083 0.048148
0 0.147917 0.441667 0.027083 0.048148
0 0.130208 0.685185 0.027083 0.048148
0 0.239583 0.725000 0.027083 0.048148
0 0.258333 0.502778 0.027083 0.048148
0 0.166667 0.684259 0.027083 0.048148
0 0.734375 0.302778 0.027083 0.048148
0 0.530208 0.416667 0.027083 0.048148
0 0.817187 0.250926 0.027083 0.048148
0 0.180208 0.489815 0.027083 0.048148
0 0.433333 0.365741 0.027083 0.048148
0 0.718750 0.475926 0.027083 0.048148
0 0.778125 0.313889 0.027083 0.048148
0 0.180208 0.664815 0.027083 0.048148
0 0.101562 0.438889 0.027083 0.048148
0 0.464062 0.629630 0.027083 0.048148
0 0.447917 0.329630 0.027083 0.048148
0 0.263542 0.746296 0.027083 0.048148
0 0.291667 0.544444 0.027083 0.048148
0 0.466146 0.391667 0.027083 0.048148
0 0.525521 0.328704 0.027083 0.048148
0 0.564063 0.339815 0.027083 0.048148
0 0.605208 0.330556 0.027083 0.048148
0 0.180729 0.409259 0.027083 0.048148
0 0.608333 0.170370 0.027083 0.048148
0 0.588021 0.433333 0.027083 0.048148
0 0.702604 0.536111 0.027083 0.048148
0 0.179167 0.616667 0.027083 0.048148
0 0.341146 0.350926 0.027083 0.048148
0 0.275521 0.539815 0.027083 0.048148
0 0.584896 0.346296 0.027083 0.048148
0 0.095833 0.686111 0.027083 0.048148
0 0.491667 0.450000 0.027083 0.048148
0 0.234896 0.535185 0.027083 0.048148
0 0.240625 0.160185 0.027083 0.048148
0 0.265625 0.171296 0.027083 0.048148
0 0.739062 0.487963 0.027083 0.048148
0 0.215625 0.751852 0.027083 0.048148
0 0.124479 0.524074 0.027083 0.048148
0 0.287500 0.367593 0.027083 0.048148
