0 0.623437 0.837037 0.027083 0.048148
0 0.646875 0.862037 0.027083 0.048148
0 0.697396 0.267593 0.027083 0.048148
0 0.558333 0.862963 0.027083 0.048148
0 0.548958 0.501852 0.027083 0.048148
0 0.559375 0.536111 0.027083 0.048148
0 0.732812 0.381481 0.027083 0.048148
0 0.820312 0.619444 0.027083 0.048148
0 0.706250 0.231481 0.027083 0.048148
0 0.680208 0.340741 0.027083 0.048148
0 0.330729 0.284259 0.027083 0.048148
0 0.331250 0.184259 0.027083 0.048148
0 0.727604 0.500926 0.027083 0.048148
0 0.689583 0.698148 0.027083 0.048148
0 0.466146 0.893519 0.027083 0.048148
0 0.605208 0.805556 0.027083 0.048148
0 0.686458 0.383333 0.027083 0.048148
0 0.731250 0.233333 0.027083 0.048148
0 0.528125 0.800926 0.027083 0.048148
0 0.433333 0.191667 0.027083 0.048148
0 0.340625 0.672222 0.027083 0.048148
0 0.705208 0.320370 0.027083 0.048148
0 0.517708 0.400000 0.027083 0.048148
0 0.647917 0.261111 0.027083 0.048148
0 0.680208 0.232407 0.027083 0.048148
0 0.325521 0.803704 0.027083 0.048148
0 0.783854 0.453704 0.027083 0.048148
0 0.425521 0.331481 0.027083 0.048148
0 0.608333 0.898148 0.027083 0.048148
0 0.325521 0.494444 0.027083 0.048148
0 0.463542 0.128704 0.027083 0.048148
0 0.705729 0.762963 0.027083 0.048148
0 0.801562 0.473148 0.027083 0.048148
0 0.327604 0.385185 0.027083 0.048148
0 0.544271 0.833333 0.027083 0.048148
0 0.582292 0.212963 0.027083 0.048148
0 0.381771 0.262963 0.027083 0.048148
0 0.507812 0.828704 0.027083 0.048148
0 0.376563 0.860185 0.027083 0.048148
0 0.769271 0.756481 0.027083 0.048148
0 0.596354 0.133333 0.027083 0.048148
0 0.605208 0.336111 0.027083 0.048148
0 0.517708 0.313889 0.027083 0.048148
0 0.495833 0.202778 0.027083 0.048148
0 0.323437 0.701852 0.027083 0.048148
0 0.768229 0.200000 0.027083 0.048148
0 0.421354 0.725000 0.027083 0.048148
0 0.325000 0.596296 0.027083 0.048148
0 0.631250 0.899074 0.027083 0.048148
