0 0.337500 0.837963 0.027083 0.048148
0 0.232292 0.687037 0.027083 0.048148
0 0.184896 0.787037 0.027083 0.048148
0 0.369271 0.880556 0.027083 0.048148
0 0.483854 0.869444 0.027083 0.048148
0 0.496354 0.370370 0.027083 0.048148
0 0.385937 0.848148 0.027083 0.048148
0 0.291146 0.832407 0.027083 0.048148
0 0.234896 0.640741 0.027083 0.048148
0 0.576562 0.886111 0.027083 0.048148
0 0.819792 0.562963 0.027083 0.048148
0 0.639583 0.457407 0.027083 0.048148
0 0.222396 0.595370 0.027083 0.048148
0 0.422396 0.612963 0.027083 0.048148
0 0.504167 0.907407 0.027083 0.048148
0 0.526042 0.912037 0.027083 0.048148
0 0.351562 0.877778 0.027083 0.048148
0 0.403646 0.156481 0.027083 0.048148
0 0.493229 0.425926 0.027083 0.048148
0 0.246354 0.211111 0.027083 0.048148
0 0.311979 0.629630 0.027083 0.048148
0 0.141667 0.798148 0.027083 0.048148
0 0.230729 0.415741 0.027083 0.048148
0 0.403646 0.650926 0.027083 0.048148
0 0.288542 0.507407 0.027083 0.048148
0 0.586979 0.297222 0.027083 0.048148
0 0.471354 0.258333 0.027083 0.048148
0 0.464062 0.169444 0.027083 0.048148
0 0.536979 0.185185 0.027083 0.048148
0 0.757812 0.269444 0.027083 0.048148
0 0.276562 0.797222 0.027083 0.048148
0 0.224479 0.522222 0.027083 0.048148
0 0.690104 0.278704 0.027083 0.048148
0 0.863542 0.562963 0.027083 0.048148
0 0.139583 0.300926 0.027083 0.048148
0 0.373958 0.365741 0.027083 0.048148
0 0.434896 0.856481 0.027083 0.048148
0 0.323958 0.305556 0.027083 0.048148
0 0.157292 0.819444 0.027083 0.048148
0 0.541667 0.949074 0.027083 0.048148
0 0.332292 0.908333 0.027083 0.048148
0 0.098958 0.120370 0.027083 0.048148
0 0.483854 0.138889 0.027083 0.048148
0 0.630729 0.346296 0.027083 0.048148
0 0.088021 0.599074 0.027083 0.048148
0 0.911458 0.483333 0.027083 0.048148
0 0.911458 0.641667 0.027083 0.048148
0 0.777083 0.594444 0.027083 0.048148
0 0.410938 0.291667 0.027083 0.048148
