0 0.699479 0.542593 0.027083 0.048148
0 0.251042 0.869444 0.027083 0.048148
0 0.241667 0.354630 0.027083 0.048148
0 0.740625 0.191667 0.027083 0.048148
0 0.247917 0.664815 0.027083 0.048148
0 0.238021 0.250926 0.027083 0.048148
0 0.245833 0.565741 0.027083 0.048148
0 0.243750 0.467593 0.027083 0.048148
0 0.250521 0.762963 0.027083 0.048148
0 0.703646 0.606481 0.027083 0.048148
0 0.791146 0.325926 0.027083 0.048148
0 0.627083 0.883333 0.027083 0.048148
0 0.789062 0.187037 0.027083 0.048148
0 0.227604 0.905556 0.027083 0.048148
0 0.500000 0.212037 0.027083 0.048148
0 0.272917 0.902778 0.027083 0.048148
0 0.657292 0.508333 0.027083 0.048148
0 0.282292 0.229630 0.027083 0.048148
0 0.546875 0.865741 0.027083 0.048148
0 0.308333 0.283333 0.027083 0.048148
0 0.449479 0.175000 0.027083 0.048148
0 0.755729 0.861111 0.027083 0.048148
0 0.259896 0.512037 0.027083 0.048148
0 0.272917 0.595370 0.027083 0.048148
0 0.640625 0.200000 0.027083 0.048148
0 0.271875 0.800926 0.027083 0.048148
0 0.271875 0.725926 0.027083 0.048148
0 0.537500 0.209259 0.027083 0.048148
0 0.423438 0.150926 0.027083 0.048148
0 0.590625 0.920370 0.027083 0.048148
0 0.222396 0.696296 0.027083 0.048148
0 0.615104 0.201852 0.027083 0.048148
0 0.735938 0.536111 0.027083 0.048148
0 0.225521 0.841667 0.027083 0.048148
0 0.703125 0.195370 0.027083 0.048148
0 0.647917 0.854630 0.027083 0.048148
0 0.225000 0.795370 0.027083 0.048148
0 0.484375 0.933333 0.027083 0.048148
0 0.271875 0.830556 0.027083 0.048148
0 0.372396 0.612963 0.027083 0.048148
0 0.272917 0.633333 0.027083 0.048148
0 0.740104 0.599074 0.027083 0.048148
0 0.433854 0.216667 0.027083 0.048148
0 0.780208 0.235185 0.027083 0.048148
0 0.219792 0.594444 0.027083 0.048148
0 0.217708 0.502778 0.027083 0.048148
0 0.539062 0.174074 0.027083 0.048148
0 0.271875 0.697222 0.027083 0.048148
0 0.209896 0.237037 0.027083 0.048148
