0 0.211458 0.401852 0.027083 0.048148
0 0.265104 0.898148 0.027083 0.048148
0 0.682813 0.108333 0.027083 0.048148
0 0.243750 0.700926 0.027083 0.048148
0 0.234375 0.604630 0.027083 0.048148
0 0.255729 0.795370 0.027083 0.048148
0 0.223958 0.510185 0.027083 0.048148
0 0.671875 0.459259 0.027083 0.048148
0 0.729167 0.090741 0.027083 0.048148
0 0.200000 0.300926 0.027083 0.048148
0 0.245833 0.937963 0.027083 0.048148
0 0.270313 0.313889 0.027083 0.048148
0 0.742188 0.225000 0.027083 0.048148
0 0.397917 0.169444 0.027083 0.048148
0 0.725000 0.140741 0.027083 0.048148
0 0.243229 0.550000 0.027083 0.048148
0 0.449479 0.193519 0.027083 0.048148
0 0.188542 0.437037 0.027083 0.048148
0 0.599479 0.858333 0.027083 0.048148
0 0.201042 0.545370 0.027083 0.048148
0 0.176563 0.333333 0.027083 0.048148
0 0.286979 0.293519 0.027083 0.048148
0 0.211979 0.641667 0.027083 0.048148
0 0.222917 0.737037 0.027083 0.048148
0 0.233333 0.829630 0.027083 0.048148
0 0.779687 0.967593 0.027083 0.048148
0 0.291667 0.575926 0.027083 0.048148
0 0.221354 0.461111 0.027083 0.048148
0 0.495833 0.896296 0.027083 0.048148
0 0.651563 0.779630 0.027083 0.048148
0 0.288542 0.924074 0.027083 0.048148
0 0.546354 0.829630 0.027083 0.048148
0 0.680208 0.517593 0.027083 0.048148
0 0.585417 0.145370 0.027083 0.048148
0 0.631250 0.810185 0.027083 0.048148
0 0.489063 0.180556 0.027083 0.048148
0 0.241146 0.269444 0.027083 0.048148
0 0.692187 0.152778 0.027083 0.048148
0 0.600000 0.810185 0.027083 0.048148
0 0.828646 0.950000 0.027083 0.048148
0 0.804167 0.735185 0.027083 0.048148
0 0.644271 0.124074 0.027083 0.048148
0 0.562500 0.152778 0.027083 0.048148
0 0.370833 0.152778 0.027083 0.048148
0 0.707292 0.440741 0.027083 0.048148
0 0.510938 0.131481 0.027083 0.048148
0 0.239063 0.872222 0.027083 0.048148
0 0.266146 0.662963 0.027083 0.048148
0 0.464583 0.117593 0.027083 0.048148
