0 0.342708 0.482407 0.027083 0.048148
0 0.226562 0.804630 0.027083 0.048148
0 0.356250 0.600926 0.027083 0.048148
0 0.222396 0.587037 0.027083 0.048148
0 0.220833 0.505556 0.027083 0.048148
0 0.217188 0.306481 0.027083 0.048148
0 0.223438 0.659259 0.027083 0.048148
0 0.218750 0.409259 0.027083 0.048148
0 0.338542 0.364815 0.027083 0.048148
0 0.224479 0.736111 0.027083 0.048148
0 0.358854 0.342593 0.027083 0.048148
0 0.542188 0.643519 0.027083 0.048148
0 0.357292 0.716667 0.027083 0.048148
0 0.312500 0.491667 0.027083 0.048148
0 0.390104 0.596296 0.027083 0.048148
0 0.325521 0.428704 0.027083 0.048148
0 0.274479 0.258333 0.027083 0.048148
0 0.546875 0.242593 0.027083 0.048148
0 0.432812 0.434259 0.027083 0.048148
0 0.348438 0.320370 0.027083 0.048148
0 0.631250 0.364815 0.027083 0.048148
0 0.721354 0.775000 0.027083 0.048148
0 0.408854 0.593519 0.027083 0.048148
0 0.245312 0.622222 0.027083 0.048148
0 0.466146 0.249074 0.027083 0.048148
0 0.245833 0.696296 0.027083 0.048148
0 0.338542 0.565741 0.027083 0.048148
0 0.247917 0.433333 0.027083 0.048148
0 0.434896 0.594444 0.027083 0.048148
0 0.308333 0.362963 0.027083 0.048148
0 0.273958 0.567593 0.027083 0.048148
0 0.241146 0.545370 0.027083 0.048148
0 0.369792 0.291667 0.027083 0.048148
0 0.250521 0.773148 0.027083 0.048148
0 0.711458 0.236111 0.027083 0.048148
0 0.245833 0.274074 0.027083 0.048148
0 0.300000 0.388889 0.027083 0.048148
0 0.640104 0.255556 0.027083 0.048148
0 0.377604 0.384259 0.027083 0.048148
0 0.399479 0.355556 0.027083 0.048148
0 0.431771 0.246296 0.027083 0.048148
0 0.470833 0.589815 0.027083 0.048148
0 0.175000 0.900926 0.027083 0.048148
0 0.382292 0.316667 0.027083 0.048148
0 0.136458 0.312963 0.027083 0.048148
0 0.136458 0.812037 0.027083 0.048148
0 0.436458 0.873148 0.027083 0.048148
0 0.415625 0.377778 0.027083 0.048148
0 0.396354 0.159259 0.027083 0.048148
