0 0.290104 0.593519 0.027083 0.048148
0 0.307292 0.225000 0.027083 0.048148
0 0.321354 0.709259 0.027083 0.048148
0 0.445312 0.337963 0.027083 0.048148
0 0.301563 0.316667 0.027083 0.048148
0 0.284896 0.672222 0.027083 0.048148
0 0.296354 0.421296 0.027083 0.048148
0 0.291667 0.523148 0.027083 0.048148
0 0.764062 0.266667 0.027083 0.048148
0 0.281250 0.749074 0.027083 0.048148
0 0.562500 0.405556 0.027083 0.048148
0 0.463021 0.364815 0.027083 0.048148
0 0.476562 0.326852 0.027083 0.048148
0 0.570833 0.354630 0.027083 0.048148
0 0.808854 0.272222 0.027083 0.048148
0 0.438021 0.576852 0.027083 0.048148
0 0.496875 0.387037 0.027083 0.048148
0 0.633854 0.357407 0.027083 0.048148
0 0.304688 0.770370 0.027083 0.048148
0 0.327083 0.564815 0.027083 0.048148
0 0.594271 0.324074 0.027083 0.048148
0 0.634375 0.309259 0.027083 0.048148
0 0.310937 0.558333 0.027083 0.048148
0 0.554167 0.317593 0.027083 0.048148
0 0.328125 0.520370 0.027083 0.048148
0 0.621354 0.414815 0.027083 0.048148
0 0.546354 0.448148 0.027083 0.048148
0 0.316146 0.384259 0.027083 0.048148
0 0.257812 0.777778 0.027083 0.048148
0 0.615104 0.328704 0.027083 0.048148
0 0.369271 0.360185 0.027083 0.048148
0 0.740625 0.504630 0.027083 0.048148
0 0.269271 0.557407 0.027083 0.048148
0 0.286979 0.187963 0.027083 0.048148
0 0.299479 0.711111 0.027083 0.048148
0 0.564583 0.451852 0.027083 0.048148
0 0.324479 0.657407 0.027083 0.048148
0 0.372917 0.322222 0.027083 0.048148
0 0.390625 0.362037 0.027083 0.048148
0 0.467708 0.144444 0.027083 0.048148
0 0.306771 0.635185 0.027083 0.048148
0 0.660417 0.423148 0.027083 0.048148
0 0.261979 0.708333 0.027083 0.048148
0 0.317188 0.275926 0.027083 0.048148
0 0.754687 0.443519 0.027083 0.048148
0 0.633333 0.460185 0.027083 0.048148
0 0.397396 0.261111 0.027083 0.048148
0 0.711979 0.432407 0.027083 0.048148
0 0.322917 0.429630 0.027083 0.048148
