0 0.582812 0.529630 0.027083 0.048148
0 0.534896 0.349074 0.027083 0.048148
0 0.188542 0.669444 0.027083 0.048148
0 0.297917 0.622222 0.027083 0.048148
0 0.363542 0.891667 0.027083 0.048148
0 0.344792 0.351852 0.027083 0.048148
0 0.290104 0.210185 0.027083 0.048148
0 0.691146 0.529630 0.027083 0.048148
0 0.336979 0.262037 0.027083 0.048148
0 0.601562 0.510185 0.027083 0.048148
0 0.296354 0.442593 0.027083 0.048148
0 0.324479 0.856481 0.027083 0.048148
0 0.543229 0.391667 0.027083 0.048148
0 0.660937 0.262037 0.027083 0.048148
0 0.194271 0.713889 0.027083 0.048148
0 0.367708 0.360185 0.027083 0.048148
0 0.290104 0.743519 0.027083 0.048148
0 0.434896 0.750926 0.027083 0.048148
0 0.451562 0.788889 0.027083 0.048148
0 0.493750 0.800926 0.027083 0.048148
0 0.352083 0.223148 0.027083 0.048148
0 0.600521 0.367593 0.027083 0.048148
0 0.618229 0.447222 0.027083 0.048148
0 0.550521 0.906481 0.027083 0.048148
0 0.605208 0.319444 0.027083 0.048148
0 0.320312 0.648148 0.027083 0.048148
0 0.648958 0.332407 0.027083 0.048148
0 0.376042 0.225000 0.027083 0.048148
0 0.504167 0.923148 0.027083 0.048148
0 0.345313 0.886111 0.027083 0.048148
0 0.466146 0.741667 0.027083 0.048148
0 0.457813 0.879630 0.027083 0.048148
0 0.771354 0.580556 0.027083 0.048148
0 0.489063 0.509259 0.027083 0.048148
0 0.527083 0.929630 0.027083 0.048148
0 0.605208 0.650926 0.027083 0.048148
0 0.495833 0.229630 0.027083 0.048148
0 0.448958 0.274074 0.027083 0.048148
0 0.417187 0.514815 0.027083 0.048148
0 0.167187 0.442593 0.027083 0.048148
0 0.293750 0.706481 0.027083 0.048148
0 0.633333 0.182407 0.027083 0.048148
0 0.151042 0.430556 0.027083 0.048148
0 0.208854 0.700926 0.027083 0.048148
0 0.326042 0.917593 0.027083 0.048148
0 0.582292 0.168519 0.027083 0.048148
0 0.210938 0.640741 0.027083 0.048148
0 0.616667 0.252778 0.027083 0.048148
0 0.282813 0.332407 0.027083 0.048148
