0 0.577604 0.841667 0.027083 0.048148
0 0.510938 0.567593 0.027083 0.048148
0 0.600000 0.864815 0.027083 0.048148
0 0.584896 0.303704 0.027083 0.048148
0 0.632292 0.307407 0.027083 0.048148
0 0.517708 0.871296 0.027083 0.048148
0 0.667188 0.413889 0.027083 0.048148
0 0.498958 0.535185 0.027083 0.048148
0 0.159375 0.302778 0.027083 0.048148
0 0.559375 0.814815 0.027083 0.048148
0 0.617708 0.375926 0.027083 0.048148
0 0.292187 0.350000 0.027083 0.048148
0 0.431250 0.908333 0.027083 0.048148
0 0.625000 0.417593 0.027083 0.048148
0 0.707812 0.760185 0.027083 0.048148
0 0.639062 0.355556 0.027083 0.048148
0 0.565625 0.902778 0.027083 0.048148
0 0.469271 0.445370 0.027083 0.048148
0 0.616146 0.275000 0.027083 0.048148
0 0.309896 0.710185 0.027083 0.048148
0 0.486458 0.815741 0.027083 0.048148
0 0.290104 0.258333 0.027083 0.048148
0 0.754687 0.626852 0.027083 0.048148
0 0.549479 0.378704 0.027083 0.048148
0 0.300000 0.831481 0.027083 0.048148
0 0.662500 0.274074 0.027083 0.048148
0 0.642708 0.275000 0.027083 0.048148
0 0.502604 0.846296 0.027083 0.048148
0 0.343229 0.885185 0.027083 0.048148
0 0.634375 0.710185 0.027083 0.048148
0 0.665625 0.521296 0.027083 0.048148
0 0.584375 0.901852 0.027083 0.048148
0 0.524479 0.266667 0.027083 0.048148
0 0.413542 0.193519 0.027083 0.048148
0 0.337500 0.324074 0.027083 0.048148
0 0.292187 0.544444 0.027083 0.048148
0 0.540104 0.303704 0.027083 0.048148
0 0.291667 0.445370 0.027083 0.048148
0 0.415104 0.909259 0.027083 0.048148
0 0.380729 0.388889 0.027083 0.048148
0 0.488542 0.783333 0.027083 0.048148
0 0.643229 0.393519 0.027083 0.048148
0 0.270833 0.286111 0.027083 0.048148
0 0.535937 0.188889 0.027083 0.048148
0 0.463542 0.189815 0.027083 0.048148
0 0.602083 0.367593 0.027083 0.048148
0 0.603125 0.933333 0.027083 0.048148
0 0.396354 0.941667 0.027083 0.048148
0 0.231250 0.545370 0.027083 0.048148
