0 0.420312 0.438889 0.027083 0.048148
0 0.409896 0.317593 0.027083 0.048148
0 0.315625 0.788889 0.027083 0.048148
0 0.439583 0.557407 0.027083 0.048148
0 0.429688 0.292593 0.027083 0.048148
0 0.300521 0.565741 0.027083 0.048148
0 0.281250 0.275926 0.027083 0.048148
0 0.294792 0.481481 0.027083 0.048148
0 0.288021 0.381481 0.027083 0.048148
0 0.389583 0.452778 0.027083 0.048148
0 0.305208 0.639815 0.027083 0.048148
0 0.400521 0.385185 0.027083 0.048148
0 0.447396 0.676852 0.027083 0.048148
0 0.309896 0.717593 0.027083 0.048148
0 0.633854 0.573148 0.027083 0.048148
0 0.493750 0.542593 0.027083 0.048148
0 0.417708 0.270370 0.027083 0.048148
0 0.761979 0.319444 0.027083 0.048148
0 0.420312 0.523148 0.027083 0.048148
0 0.338542 0.216667 0.027083 0.048148
0 0.319792 0.401852 0.027083 0.048148
0 0.475000 0.547222 0.027083 0.048148
0 0.502083 0.179630 0.027083 0.048148
0 0.780729 0.234259 0.027083 0.048148
0 0.617708 0.161111 0.027083 0.048148
0 0.509896 0.374074 0.027083 0.048148
0 0.439063 0.235185 0.027083 0.048148
0 0.422917 0.362963 0.027083 0.048148
0 0.716146 0.151852 0.027083 0.048148
0 0.811979 0.537037 0.027083 0.048148
0 0.540104 0.178704 0.027083 0.048148
0 0.520833 0.538889 0.027083 0.048148
0 0.353646 0.535185 0.027083 0.048148
0 0.325521 0.598148 0.027083 0.048148
0 0.329688 0.675000 0.027083 0.048148
0 0.472917 0.298148 0.027083 0.048148
0 0.339583 0.754630 0.027083 0.048148
0 0.534375 0.828704 0.027083 0.048148
0 0.334896 0.462963 0.027083 0.048148
0 0.489063 0.287963 0.027083 0.048148
0 0.343750 0.500926 0.027083 0.048148
0 0.825521 0.680556 0.027083 0.048148
0 0.426042 0.714815 0.027083 0.048148
0 0.372396 0.348148 0.027083 0.048148
0 0.317188 0.520370 0.027083 0.048148
0 0.309896 0.237037 0.027083 0.048148
0 0.379167 0.318519 0.027083 0.048148
0 0.279167 0.227778 0.027083 0.048148
0 0.557292 0.528704 0.027083 0.048148
