0 0.304167 0.081481 0.027083 0.048148
0 0.266667 0.677778 0.027083 0.048148
0 0.297917 0.181481 0.027083 0.048148
0 0.291667 0.279630 0.027083 0.048148
0 0.284375 0.385185 0.027083 0.048148
0 0.271875 0.579630 0.027083 0.048148
0 0.278646 0.479630 0.027083 0.048148
0 0.710417 0.758333 0.027083 0.048148
0 0.825521 0.237037 0.027083 0.048148
0 0.774479 0.568519 0.027083 0.048148
0 0.764062 0.601852 0.027083 0.048148
0 0.366146 0.116667 0.027083 0.048148
0 0.753125 0.380556 0.027083 0.048148
0 0.772917 0.165741 0.027083 0.048148
0 0.608854 0.137963 0.027083 0.048148
0 0.839583 0.138889 0.027083 0.048148
0 0.816146 0.420370 0.027083 0.048148
0 0.796875 0.338889 0.027083 0.048148
0 0.777083 0.414815 0.027083 0.048148
0 0.423438 0.371296 0.027083 0.048148
0 0.823958 0.288889 0.027083 0.048148
0 0.347396 0.412037 0.027083 0.048148
0 0.297917 0.597222 0.027083 0.048148
0 0.261458 0.723148 0.027083 0.048148
0 0.350000 0.090741 0.027083 0.048148
0 0.677083 0.653704 0.027083 0.048148
0 0.317188 0.296296 0.027083 0.048148
0 0.306250 0.688889 0.027083 0.048148
0 0.425000 0.714815 0.027083 0.048148
0 0.808854 0.528704 0.027083 0.048148
0 0.480729 0.725926 0.027083 0.048148
0 0.284375 0.433333 0.027083 0.048148
0 0.281771 0.060185 0.027083 0.048148
0 0.745313 0.409259 0.027083 0.048148
0 0.375000 0.727778 0.027083 0.048148
0 0.793750 0.763889 0.027083 0.048148
0 0.758854 0.353704 0.027083 0.048148
0 0.588542 0.131481 0.027083 0.048148
0 0.811979 0.482407 0.027083 0.048148
0 0.307292 0.412963 0.027083 0.048148
0 0.529687 0.733333 0.027083 0.048148
0 0.780729 0.373148 0.027083 0.048148
0 0.432812 0.222222 0.027083 0.048148
0 0.619271 0.747222 0.027083 0.048148
0 0.401042 0.730556 0.027083 0.048148
0 0.801562 0.385185 0.027083 0.048148
0 0.802083 0.230556 0.027083 0.048148
0 0.633333 0.078704 0.027083 0.048148
0 0.821875 0.332407 0.027083 0.048148
