0 0.527083 0.837037 0.027083 0.048148
0 0.654687 0.296296 0.027083 0.048148
0 0.630729 0.364815 0.027083 0.048148
0 0.492188 0.520370 0.027083 0.048148
0 0.546875 0.868519 0.027083 0.048148
0 0.485417 0.483333 0.027083 0.048148
0 0.459896 0.842593 0.027083 0.048148
0 0.679167 0.419444 0.027083 0.048148
0 0.667188 0.265741 0.027083 0.048148
0 0.144792 0.678704 0.027083 0.048148
0 0.366146 0.845370 0.027083 0.048148
0 0.742188 0.682407 0.027083 0.048148
0 0.658333 0.351852 0.027083 0.048148
0 0.401042 0.143519 0.027083 0.048148
0 0.381250 0.278704 0.027083 0.048148
0 0.605208 0.720370 0.027083 0.048148
0 0.511458 0.800926 0.027083 0.048148
0 0.661979 0.536111 0.027083 0.048148
0 0.637500 0.259259 0.027083 0.048148
0 0.438021 0.087963 0.027083 0.048148
0 0.291146 0.200926 0.027083 0.048148
0 0.280729 0.784259 0.027083 0.048148
0 0.263021 0.587037 0.027083 0.048148
0 0.546354 0.210185 0.027083 0.048148
0 0.614583 0.787963 0.027083 0.048148
0 0.840625 0.441667 0.027083 0.048148
0 0.632292 0.409259 0.027083 0.048148
0 0.343750 0.195370 0.027083 0.048148
0 0.505729 0.891667 0.027083 0.048148
0 0.413542 0.793519 0.027083 0.048148
0 0.606771 0.275926 0.027083 0.048148
0 0.504167 0.498148 0.027083 0.048148
0 0.717708 0.651852 0.027083 0.048148
0 0.202083 0.382407 0.027083 0.048148
0 0.528125 0.900926 0.027083 0.048148
0 0.463542 0.373148 0.027083 0.048148
0 0.278125 0.299074 0.027083 0.048148
0 0.462500 0.171296 0.027083 0.048148
0 0.529167 0.117593 0.027083 0.048148
0 0.804167 0.587963 0.027083 0.048148
0 0.471354 0.288889 0.027083 0.048148
0 0.691667 0.269444 0.027083 0.048148
0 0.356250 0.225000 0.027083 0.048148
0 0.773438 0.912963 0.027083 0.048148
0 0.265625 0.404630 0.027083 0.048148
0 0.448958 0.809259 0.027083 0.048148
0 0.520833 0.198148 0.027083 0.048148
0 0.391667 0.855556 0.027083 0.048148
0 0.567708 0.134259 0.027083 0.048148
