0 0.680729 0.451852 0.027083 0.048148
0 0.703646 0.093519 0.027083 0.048148
0 0.211979 0.339815 0.027083 0.048148
0 0.247917 0.853704 0.027083 0.048148
0 0.760938 0.220370 0.027083 0.048148
0 0.234375 0.649074 0.027083 0.048148
0 0.275000 0.255556 0.027083 0.048148
0 0.226562 0.892593 0.027083 0.048148
0 0.242188 0.747222 0.027083 0.048148
0 0.226562 0.550000 0.027083 0.048148
0 0.686979 0.512963 0.027083 0.048148
0 0.219792 0.452778 0.027083 0.048148
0 0.203125 0.235185 0.027083 0.048148
0 0.752083 0.081481 0.027083 0.048148
0 0.463021 0.152778 0.027083 0.048148
0 0.238542 0.493519 0.027083 0.048148
0 0.271875 0.883333 0.027083 0.048148
0 0.626042 0.805556 0.027083 0.048148
0 0.410938 0.124074 0.027083 0.048148
0 0.645833 0.774074 0.027083 0.048148
0 0.745833 0.131481 0.027083 0.048148
0 0.245833 0.206481 0.027083 0.048148
0 0.218229 0.782407 0.027083 0.048148
0 0.210417 0.684259 0.027083 0.048148
0 0.716146 0.435185 0.027083 0.048148
0 0.177604 0.263889 0.027083 0.048148
0 0.603125 0.118519 0.027083 0.048148
0 0.591146 0.849074 0.027083 0.048148
0 0.290104 0.240741 0.027083 0.048148
0 0.185938 0.369444 0.027083 0.048148
0 0.195312 0.487037 0.027083 0.048148
0 0.217708 0.387037 0.027083 0.048148
0 0.202604 0.583333 0.027083 0.048148
0 0.501042 0.145370 0.027083 0.048148
0 0.221875 0.824074 0.027083 0.048148
0 0.578646 0.124074 0.027083 0.048148
0 0.593229 0.802778 0.027083 0.048148
0 0.296875 0.570370 0.027083 0.048148
0 0.543750 0.801852 0.027083 0.048148
0 0.261979 0.707407 0.027083 0.048148
0 0.527083 0.099074 0.027083 0.048148
0 0.753125 0.762037 0.027083 0.048148
0 0.383333 0.104630 0.027083 0.048148
0 0.483854 0.878704 0.027083 0.048148
0 0.711458 0.139815 0.027083 0.048148
0 0.258333 0.616667 0.027083 0.048148
0 0.664583 0.103704 0.027083 0.048148
0 0.265104 0.781481 0.027083 0.048148
0 0.635417 0.425926 0.027083 0.048148
