0 0.727604 0.521296 0.027083 0.048148
0 0.812500 0.287037 0.027083 0.048148
0 0.733854 0.586111 0.027083 0.048148
0 0.754167 0.155556 0.027083 0.048148
0 0.312500 0.311111 0.027083 0.048148
0 0.280208 0.921296 0.027083 0.048148
0 0.248438 0.393519 0.027083 0.048148
0 0.304688 0.952778 0.027083 0.048148
0 0.257812 0.962037 0.027083 0.048148
0 0.268750 0.711111 0.027083 0.048148
0 0.507812 0.209259 0.027083 0.048148
0 0.668750 0.883333 0.027083 0.048148
0 0.261979 0.610185 0.027083 0.048148
0 0.239583 0.287037 0.027083 0.048148
0 0.284375 0.257407 0.027083 0.048148
0 0.255729 0.509259 0.027083 0.048148
0 0.275521 0.812963 0.027083 0.048148
0 0.274479 0.550926 0.027083 0.048148
0 0.803125 0.144444 0.027083 0.048148
0 0.584375 0.875926 0.027083 0.048148
0 0.296354 0.774074 0.027083 0.048148
0 0.797396 0.194444 0.027083 0.048148
0 0.763542 0.510185 0.027083 0.048148
0 0.624479 0.183333 0.027083 0.048148
0 0.689063 0.851852 0.027083 0.048148
0 0.242708 0.741667 0.027083 0.048148
0 0.322396 0.586111 0.027083 0.048148
0 0.650521 0.177778 0.027083 0.048148
0 0.249479 0.842593 0.027083 0.048148
0 0.798438 0.843519 0.027083 0.048148
0 0.235417 0.638889 0.027083 0.048148
0 0.631771 0.926852 0.027083 0.048148
0 0.332292 0.291667 0.027083 0.048148
0 0.220833 0.423148 0.027083 0.048148
0 0.256250 0.459259 0.027083 0.048148
0 0.548438 0.201852 0.027083 0.048148
0 0.293750 0.682407 0.027083 0.048148
0 0.634375 0.880556 0.027083 0.048148
0 0.439583 0.224074 0.027083 0.048148
0 0.715104 0.163889 0.027083 0.048148
0 0.657813 0.445370 0.027083 0.048148
0 0.565104 0.196296 0.027083 0.048148
0 0.454167 0.178704 0.027083 0.048148
0 0.702604 0.834259 0.027083 0.048148
0 0.298958 0.847222 0.027083 0.048148
0 0.297396 0.461111 0.027083 0.048148
0 0.393750 0.639815 0.027083 0.048148
0 0.301042 0.881481 0.027083 0.048148
0 0.760938 0.202778 0.027083 0.048148
