0 0.392188 0.460185 0.027083 0.048148
0 0.388021 0.325926 0.027083 0.048148
0 0.405208 0.587963 0.027083 0.048148
0 0.405729 0.719444 0.027083 0.048148
0 0.358854 0.468519 0.027083 0.048148
0 0.440625 0.586111 0.027083 0.048148
0 0.424479 0.245370 0.027083 0.048148
0 0.330729 0.216667 0.027083 0.048148
0 0.495312 0.198148 0.027083 0.048148
0 0.465104 0.584259 0.027083 0.048148
0 0.716146 0.339815 0.027083 0.048148
0 0.411979 0.307407 0.027083 0.048148
0 0.620313 0.204630 0.027083 0.048148
0 0.474479 0.313889 0.027083 0.048148
0 0.346875 0.353704 0.027083 0.048148
0 0.401042 0.281481 0.027083 0.048148
0 0.379688 0.752778 0.027083 0.048148
0 0.762500 0.405556 0.027083 0.048148
0 0.315104 0.199074 0.027083 0.048148
0 0.398958 0.384259 0.027083 0.048148
0 0.786979 0.318519 0.027083 0.048148
0 0.809375 0.802778 0.027083 0.048148
0 0.254688 0.811111 0.027083 0.048148
0 0.719271 0.782407 0.027083 0.048148
0 0.278125 0.608333 0.027083 0.048148
0 0.286458 0.221296 0.027083 0.048148
0 0.609896 0.647222 0.027083 0.048148
0 0.796354 0.579630 0.027083 0.048148
0 0.315625 0.548148 0.027083 0.048148
0 0.282292 0.776852 0.027083 0.048148
0 0.288542 0.397222 0.027083 0.048148
0 0.253646 0.569444 0.027083 0.048148
0 0.378125 0.302778 0.027083 0.048148
0 0.471875 0.346296 0.027083 0.048148
0 0.277083 0.691667 0.027083 0.048148
0 0.713542 0.721296 0.027083 0.048148
0 0.408854 0.350000 0.027083 0.048148
0 0.492188 0.585185 0.027083 0.048148
0 0.354167 0.271296 0.027083 0.048148
0 0.252604 0.256481 0.027083 0.048148
0 0.540625 0.900926 0.027083 0.048148
0 0.623437 0.742593 0.027083 0.048148
0 0.253646 0.477778 0.027083 0.048148
0 0.254167 0.649074 0.027083 0.048148
0 0.491146 0.406481 0.027083 0.048148
0 0.253125 0.370370 0.027083 0.048148
0 0.376563 0.824074 0.027083 0.048148
0 0.371354 0.393519 0.027083 0.048148
0 0.478646 0.195370 0.027083 0.048148
