0 0.218229 0.234259 0.027083 0.048148
0 0.234896 0.800926 0.027083 0.048148
0 0.220833 0.328704 0.027083 0.048148
0 0.222917 0.423148 0.027083 0.048148
0 0.231250 0.708333 0.027083 0.048148
0 0.228646 0.612037 0.027083 0.048148
0 0.225521 0.523148 0.027083 0.048148
0 0.658333 0.756481 0.027083 0.048148
0 0.717708 0.233333 0.027083 0.048148
0 0.355729 0.466667 0.027083 0.048148
0 0.698438 0.558333 0.027083 0.048148
0 0.698438 0.337963 0.027083 0.048148
0 0.277604 0.250000 0.027083 0.048148
0 0.719792 0.286111 0.027083 0.048148
0 0.583333 0.289815 0.027083 0.048148
0 0.502083 0.163889 0.027083 0.048148
0 0.724479 0.407407 0.027083 0.048148
0 0.286979 0.531481 0.027083 0.048148
0 0.362500 0.032407 0.027083 0.048148
0 0.366146 0.137963 0.027083 0.048148
0 0.601562 0.640741 0.027083 0.048148
0 0.508333 0.203704 0.027083 0.048148
0 0.351042 0.644444 0.027083 0.048148
0 0.690104 0.592593 0.027083 0.048148
0 0.339062 0.817593 0.027083 0.048148
0 0.733854 0.754630 0.027083 0.048148
0 0.233854 0.846296 0.027083 0.048148
0 0.365104 0.812037 0.027083 0.048148
0 0.695833 0.278704 0.027083 0.048148
0 0.416667 0.718519 0.027083 0.048148
0 0.438542 0.786111 0.027083 0.048148
0 0.687500 0.414815 0.027083 0.048148
0 0.368750 0.438889 0.027083 0.048148
0 0.213542 0.821296 0.027083 0.048148
0 0.602083 0.694444 0.027083 0.048148
0 0.530208 0.200000 0.027083 0.048148
0 0.725000 0.139815 0.027083 0.048148
0 0.662500 0.184259 0.027083 0.048148
0 0.664062 0.387037 0.027083 0.048148
0 0.329167 0.782407 0.027083 0.048148
0 0.371875 0.178704 0.027083 0.048148
0 0.351042 0.328704 0.027083 0.048148
0 0.725521 0.455556 0.027083 0.048148
0 0.707812 0.382407 0.027083 0.048148
0 0.390104 0.404630 0.027083 0.048148
0 0.615625 0.666667 0.027083 0.048148
0 0.695312 0.237037 0.027083 0.048148
0 0.410417 0.148148 0.027083 0.048148
0 0.572396 0.243519 0.027083 0.048148
