0 0.564063 0.764815 0.027083 0.048148
0 0.231771 0.160185 0.027083 0.048148
0 0.719792 0.600926 0.027083 0.048148
0 0.280729 0.159259 0.027083 0.048148
0 0.848958 0.187963 0.027083 0.048148
0 0.742708 0.602778 0.027083 0.048148
0 0.329167 0.273148 0.027083 0.048148
0 0.744792 0.253704 0.027083 0.048148
0 0.735938 0.723148 0.027083 0.048148
0 0.197396 0.733333 0.027083 0.048148
0 0.480208 0.187037 0.027083 0.048148
0 0.111979 0.441667 0.027083 0.048148
0 0.888021 0.566667 0.027083 0.048148
0 0.247396 0.525926 0.027083 0.048148
0 0.507812 0.201852 0.027083 0.048148
0 0.823958 0.711111 0.027083 0.048148
0 0.812500 0.157407 0.027083 0.048148
0 0.732812 0.638889 0.027083 0.048148
0 0.270313 0.544444 0.027083 0.048148
0 0.304688 0.645370 0.027083 0.048148
0 0.765625 0.225000 0.027083 0.048148
0 0.344792 0.441667 0.027083 0.048148
0 0.721875 0.675000 0.027083 0.048148
0 0.384896 0.401852 0.027083 0.048148
0 0.683854 0.543519 0.027083 0.048148
0 0.706771 0.237963 0.027083 0.048148
0 0.179167 0.087963 0.027083 0.048148
0 0.521875 0.818519 0.027083 0.048148
0 0.259375 0.489815 0.027083 0.048148
0 0.142187 0.049074 0.027083 0.048148
0 0.142187 0.799074 0.027083 0.048148
0 0.618229 0.457407 0.027083 0.048148
0 0.246354 0.201852 0.027083 0.048148
0 0.571354 0.344444 0.027083 0.048148
0 0.260417 0.830556 0.027083 0.048148
0 0.730729 0.268519 0.027083 0.048148
0 0.579688 0.395370 0.027083 0.048148
0 0.400000 0.578704 0.027083 0.048148
0 0.768229 0.862963 0.027083 0.048148
0 0.122396 0.416667 0.027083 0.048148
0 0.877604 0.541667 0.027083 0.048148
0 0.298958 0.487037 0.027083 0.048148
0 0.485938 0.856481 0.027083 0.048148
0 0.855729 0.677778 0.027083 0.048148
0 0.627604 0.487963 0.027083 0.048148
0 0.250521 0.172222 0.027083 0.048148
0 0.464062 0.181481 0.027083 0.048148
0 0.261979 0.626852 0.027083 0.048148
0 0.133854 0.532407 0.027083 0.048148
