0 0.521875 0.797222 0.027083 0.048148
0 0.506250 0.251852 0.027083 0.048148
0 0.727083 0.360185 0.027083 0.048148
0 0.483854 0.238889 0.027083 0.048148
0 0.297396 0.170370 0.027083 0.048148
0 0.335417 0.285185 0.027083 0.048148
0 0.286458 0.630556 0.027083 0.048148
0 0.265625 0.174074 0.027083 0.048148
0 0.746354 0.335185 0.027083 0.048148
0 0.445833 0.865741 0.027083 0.048148
0 0.380729 0.589815 0.027083 0.048148
0 0.426042 0.612037 0.027083 0.048148
0 0.165104 0.769444 0.027083 0.048148
0 0.776563 0.346296 0.027083 0.048148
0 0.379167 0.417593 0.027083 0.048148
0 0.643229 0.942593 0.027083 0.048148
0 0.589063 0.279630 0.027083 0.048148
0 0.478125 0.841667 0.027083 0.048148
0 0.236458 0.149074 0.027083 0.048148
0 0.231250 0.793519 0.027083 0.048148
0 0.313542 0.569444 0.027083 0.048148
0 0.337500 0.447222 0.027083 0.048148
0 0.341146 0.577778 0.027083 0.048148
0 0.703646 0.964815 0.027083 0.048148
0 0.315625 0.706481 0.027083 0.048148
0 0.477083 0.627778 0.027083 0.048148
0 0.693229 0.334259 0.027083 0.048148
0 0.711979 0.372222 0.027083 0.048148
0 0.171875 0.714815 0.027083 0.048148
0 0.404687 0.600926 0.027083 0.048148
0 0.252604 0.464815 0.027083 0.048148
0 0.397917 0.554630 0.027083 0.048148
0 0.623958 0.442593 0.027083 0.048148
0 0.686979 0.797222 0.027083 0.048148
0 0.353125 0.318519 0.027083 0.048148
0 0.585417 0.800926 0.027083 0.048148
0 0.702604 0.462963 0.027083 0.048148
0 0.306771 0.598148 0.027083 0.048148
0 0.201563 0.684259 0.027083 0.048148
0 0.241667 0.675926 0.027083 0.048148
0 0.706771 0.936111 0.027083 0.048148
0 0.553125 0.264815 0.027083 0.048148
0 0.490104 0.869444 0.027083 0.048148
0 0.640104 0.657407 0.027083 0.048148
0 0.256250 0.235185 0.027083 0.048148
0 0.690625 0.570370 0.027083 0.048148
0 0.250000 0.600000 0.027083 0.048148
0 0.452083 0.153704 0.027083 0.048148
0 0.258333 0.531481 0.027083 0.048148
