0 0.566667 0.387963 0.027083 0.048148
0 0.515625 0.791667 0.027083 0.048148
0 0.278646 0.727778 0.027083 0.048148
0 0.388021 0.359259 0.027083 0.048148
0 0.618750 0.545370 0.027083 0.048148
0 0.633333 0.530556 0.027083 0.048148
0 0.372917 0.669444 0.027083 0.048148
0 0.641146 0.650926 0.027083 0.048148
0 0.364063 0.512963 0.027083 0.048148
0 0.403646 0.870370 0.027083 0.048148
0 0.569271 0.900926 0.027083 0.048148
0 0.646354 0.469444 0.027083 0.048148
0 0.445833 0.532407 0.027083 0.048148
0 0.621875 0.361111 0.027083 0.048148
0 0.586979 0.902778 0.027083 0.048148
0 0.784896 0.562037 0.027083 0.048148
0 0.428125 0.892593 0.027083 0.048148
0 0.347396 0.312037 0.027083 0.048148
0 0.633333 0.298148 0.027083 0.048148
0 0.609896 0.879630 0.027083 0.048148
0 0.671875 0.300000 0.027083 0.048148
0 0.732292 0.313889 0.027083 0.048148
0 0.372917 0.775000 0.027083 0.048148
0 0.694271 0.269444 0.027083 0.048148
0 0.707812 0.799074 0.027083 0.048148
0 0.371875 0.538889 0.027083 0.048148
0 0.625521 0.400000 0.027083 0.048148
0 0.305208 0.663889 0.027083 0.048148
0 0.714063 0.530556 0.027083 0.048148
0 0.535937 0.538889 0.027083 0.048148
0 0.604688 0.935185 0.027083 0.048148
0 0.421875 0.310185 0.027083 0.048148
0 0.538542 0.464815 0.027083 0.048148
0 0.409375 0.924074 0.027083 0.048148
0 0.353646 0.856481 0.027083 0.048148
0 0.373958 0.745370 0.027083 0.048148
0 0.500000 0.754630 0.027083 0.048148
0 0.551042 0.867593 0.027083 0.048148
0 0.444271 0.894444 0.027083 0.048148
0 0.353125 0.267593 0.027083 0.048148
0 0.490625 0.585185 0.027083 0.048148
0 0.452604 0.657407 0.027083 0.048148
0 0.577604 0.430556 0.027083 0.048148
0 0.399479 0.423148 0.027083 0.048148
0 0.395313 0.686111 0.027083 0.048148
0 0.639583 0.798148 0.027083 0.048148
0 0.578646 0.497222 0.027083 0.048148
0 0.347396 0.420370 0.027083 0.048148
0 0.639583 0.380556 0.027083 0.048148
