0 0.307292 0.116667 0.027083 0.048148
0 0.211458 0.340741 0.027083 0.048148
0 0.214583 0.587963 0.027083 0.048148
0 0.378125 0.786111 0.027083 0.048148
0 0.220312 0.229630 0.027083 0.048148
0 0.300521 0.190741 0.027083 0.048148
0 0.668229 0.696296 0.027083 0.048148
0 0.205208 0.444444 0.027083 0.048148
0 0.302604 0.711111 0.027083 0.048148
0 0.219792 0.507407 0.027083 0.048148
0 0.353125 0.097222 0.027083 0.048148
0 0.681771 0.215741 0.027083 0.048148
0 0.193750 0.658333 0.027083 0.048148
0 0.198437 0.551852 0.027083 0.048148
0 0.230208 0.122222 0.027083 0.048148
0 0.650521 0.383333 0.027083 0.048148
0 0.651563 0.730556 0.027083 0.048148
0 0.578646 0.781481 0.027083 0.048148
0 0.427083 0.742593 0.027083 0.048148
0 0.525521 0.816667 0.027083 0.048148
0 0.713542 0.558333 0.027083 0.048148
0 0.479167 0.762037 0.027083 0.048148
0 0.776042 0.443519 0.027083 0.048148
0 0.372396 0.733333 0.027083 0.048148
0 0.658854 0.190741 0.027083 0.048148
0 0.240625 0.225926 0.027083 0.048148
0 0.411979 0.325000 0.027083 0.048148
0 0.323958 0.172222 0.027083 0.048148
0 0.383854 0.099074 0.027083 0.048148
0 0.782292 0.312963 0.027083 0.048148
0 0.795312 0.113889 0.027083 0.048148
0 0.309896 0.375000 0.027083 0.048148
0 0.250000 0.457407 0.027083 0.048148
0 0.365104 0.161111 0.027083 0.048148
0 0.173958 0.684259 0.027083 0.048148
0 0.358854 0.781481 0.027083 0.048148
0 0.550521 0.823148 0.027083 0.048148
0 0.307812 0.058333 0.027083 0.048148
0 0.663542 0.750926 0.027083 0.048148
0 0.755729 0.476852 0.027083 0.048148
0 0.284375 0.072222 0.027083 0.048148
0 0.775521 0.217593 0.027083 0.048148
0 0.332292 0.330556 0.027083 0.048148
0 0.373958 0.376852 0.027083 0.048148
0 0.567187 0.858333 0.027083 0.048148
0 0.343229 0.744444 0.027083 0.048148
0 0.726042 0.775926 0.027083 0.048148
0 0.340625 0.815741 0.027083 0.048148
0 0.575000 0.096296 0.027083 0.048148
