0 0.527604 0.700926 0.027083 0.048148
0 0.239063 0.131481 0.027083 0.048148
0 0.191146 0.134259 0.027083 0.048148
0 0.693229 0.192593 0.027083 0.048148
0 0.434896 0.145370 0.027083 0.048148
0 0.461458 0.156481 0.027083 0.048148
0 0.678646 0.210185 0.027083 0.048148
0 0.272917 0.602778 0.027083 0.048148
0 0.655729 0.179630 0.027083 0.048148
0 0.364583 0.531481 0.027083 0.048148
0 0.486979 0.757407 0.027083 0.048148
0 0.713021 0.162963 0.027083 0.048148
0 0.236458 0.504630 0.027083 0.048148
0 0.639583 0.476852 0.027083 0.048148
0 0.675521 0.529630 0.027083 0.048148
0 0.678125 0.155556 0.027083 0.048148
0 0.289062 0.238889 0.027083 0.048148
0 0.547917 0.160185 0.027083 0.048148
0 0.233854 0.784259 0.027083 0.048148
0 0.345313 0.358333 0.027083 0.048148
0 0.307292 0.400000 0.027083 0.048148
0 0.595833 0.310185 0.027083 0.048148
0 0.209896 0.146296 0.027083 0.048148
0 0.264583 0.449074 0.027083 0.048148
0 0.504167 0.714815 0.027083 0.048148
0 0.584375 0.426852 0.027083 0.048148
0 0.663021 0.811111 0.027083 0.048148
0 0.502083 0.780556 0.027083 0.048148
0 0.223958 0.446296 0.027083 0.048148
0 0.390104 0.534259 0.027083 0.048148
0 0.573958 0.398148 0.027083 0.048148
0 0.453646 0.795370 0.027083 0.048148
0 0.294792 0.530556 0.027083 0.048148
0 0.214062 0.388889 0.027083 0.048148
0 0.313021 0.674074 0.027083 0.048148
0 0.543750 0.325926 0.027083 0.048148
0 0.634375 0.523148 0.027083 0.048148
0 0.161979 0.781481 0.027083 0.048148
0 0.582292 0.162037 0.027083 0.048148
0 0.356250 0.442593 0.027083 0.048148
0 0.505208 0.149074 0.027083 0.048148
0 0.207292 0.175000 0.027083 0.048148
0 0.418750 0.141667 0.027083 0.048148
0 0.388021 0.299074 0.027083 0.048148
0 0.290625 0.562963 0.027083 0.048148
0 0.322396 0.530556 0.027083 0.048148
0 0.728125 0.784259 0.027083 0.048148
0 0.175000 0.126852 0.027083 0.048148
0 0.379167 0.492593 0.027083 0.048148
