0 0.409896 0.825926 0.027083 0.048148
0 0.245312 0.827778 0.027083 0.048148
0 0.458854 0.820370 0.027083 0.048148
0 0.284375 0.709259 0.027083 0.048148
0 0.445312 0.861111 0.027083 0.048148
0 0.659375 0.792593 0.027083 0.048148
0 0.343750 0.800926 0.027083 0.048148
0 0.360938 0.835185 0.027083 0.048148
0 0.275000 0.734259 0.027083 0.048148
0 0.321354 0.505556 0.027083 0.048148
0 0.509896 0.810185 0.027083 0.048148
0 0.561458 0.807407 0.027083 0.048148
0 0.334896 0.285185 0.027083 0.048148
0 0.541146 0.087963 0.027083 0.048148
0 0.357812 0.619444 0.027083 0.048148
0 0.586458 0.841667 0.027083 0.048148
0 0.261979 0.621296 0.027083 0.048148
0 0.545833 0.224074 0.027083 0.048148
0 0.398958 0.105556 0.027083 0.048148
0 0.286458 0.354630 0.027083 0.048148
0 0.480208 0.181481 0.027083 0.048148
0 0.212500 0.546296 0.027083 0.048148
0 0.610417 0.837963 0.027083 0.048148
0 0.426563 0.863889 0.027083 0.048148
0 0.501563 0.092593 0.027083 0.048148
0 0.654687 0.216667 0.027083 0.048148
0 0.373437 0.351852 0.027083 0.048148
0 0.310937 0.429630 0.027083 0.048148
0 0.458854 0.670370 0.027083 0.048148
0 0.244792 0.217593 0.027083 0.048148
0 0.251042 0.433333 0.027083 0.048148
0 0.593750 0.585185 0.027083 0.048148
0 0.705208 0.125000 0.027083 0.048148
0 0.570312 0.604630 0.027083 0.048148
0 0.431771 0.654630 0.027083 0.048148
0 0.256250 0.545370 0.027083 0.048148
0 0.464062 0.097222 0.027083 0.048148
0 0.246354 0.319444 0.027083 0.048148
0 0.408854 0.897222 0.027083 0.048148
0 0.627604 0.874074 0.027083 0.048148
0 0.515104 0.753704 0.027083 0.048148
0 0.267188 0.796296 0.027083 0.048148
0 0.651042 0.589815 0.027083 0.048148
0 0.263021 0.703704 0.027083 0.048148
0 0.381250 0.107407 0.027083 0.048148
0 0.627083 0.802778 0.027083 0.048148
0 0.207813 0.437037 0.027083 0.048148
0 0.202604 0.323148 0.027083 0.048148
0 0.222917 0.797222 0.027083 0.048148
