0 0.255208 0.676852 0.027083 0.048148
0 0.213021 0.312037 0.027083 0.048148
0 0.705208 0.104630 0.027083 0.048148
0 0.221875 0.403704 0.027083 0.048148
0 0.262500 0.756481 0.027083 0.048148
0 0.233854 0.507407 0.027083 0.048148
0 0.395313 0.586111 0.027083 0.048148
0 0.710938 0.276852 0.027083 0.048148
0 0.245312 0.608333 0.027083 0.048148
0 0.303125 0.773148 0.027083 0.048148
0 0.270833 0.832407 0.027083 0.048148
0 0.660417 0.123148 0.027083 0.048148
0 0.305208 0.300926 0.027083 0.048148
0 0.365104 0.351852 0.027083 0.048148
0 0.549479 0.275000 0.027083 0.048148
0 0.291667 0.372222 0.027083 0.048148
0 0.465625 0.276852 0.027083 0.048148
0 0.468750 0.323148 0.027083 0.048148
0 0.422396 0.373148 0.027083 0.048148
0 0.279167 0.586111 0.027083 0.048148
0 0.285417 0.630556 0.027083 0.048148
0 0.286979 0.737037 0.027083 0.048148
0 0.552083 0.336111 0.027083 0.048148
0 0.543750 0.228704 0.027083 0.048148
0 0.495833 0.401852 0.027083 0.048148
0 0.639062 0.308333 0.027083 0.048148
0 0.506771 0.263889 0.027083 0.048148
0 0.478125 0.407407 0.027083 0.048148
0 0.487500 0.357407 0.027083 0.048148
0 0.287500 0.318519 0.027083 0.048148
0 0.240625 0.441667 0.027083 0.048148
0 0.243750 0.551852 0.027083 0.048148
0 0.385937 0.369444 0.027083 0.048148
0 0.278646 0.711111 0.027083 0.048148
0 0.232292 0.278704 0.027083 0.048148
0 0.354687 0.154630 0.027083 0.048148
0 0.261458 0.269444 0.027083 0.048148
0 0.694271 0.156481 0.027083 0.048148
0 0.531250 0.532407 0.027083 0.048148
0 0.462500 0.119444 0.027083 0.048148
0 0.309375 0.343519 0.027083 0.048148
0 0.511979 0.818519 0.027083 0.048148
0 0.248958 0.466667 0.027083 0.048148
0 0.253125 0.866667 0.027083 0.048148
0 0.678125 0.299074 0.027083 0.048148
0 0.483854 0.824074 0.027083 0.048148
0 0.229687 0.353704 0.027083 0.048148
0 0.673958 0.450000 0.027083 0.048148
0 0.260937 0.503704 0.027083 0.048148
