0 0.531771 0.800926 0.027083 0.048148
0 0.611458 0.223148 0.027083 0.048148
0 0.555208 0.827778 0.027083 0.048148
0 0.468229 0.493519 0.027083 0.048148
0 0.465104 0.826852 0.027083 0.048148
0 0.869792 0.310185 0.027083 0.048148
0 0.646354 0.338889 0.027083 0.048148
0 0.458333 0.459259 0.027083 0.048148
0 0.833333 0.309259 0.027083 0.048148
0 0.734375 0.584259 0.027083 0.048148
0 0.619792 0.186111 0.027083 0.048148
0 0.855208 0.571296 0.027083 0.048148
0 0.593229 0.297222 0.027083 0.048148
0 0.237500 0.230556 0.027083 0.048148
0 0.238542 0.128704 0.027083 0.048148
0 0.513542 0.769444 0.027083 0.048148
0 0.640625 0.461111 0.027083 0.048148
0 0.600000 0.662037 0.027083 0.048148
0 0.370833 0.855556 0.027083 0.048148
0 0.616146 0.726852 0.027083 0.048148
0 0.598958 0.340741 0.027083 0.048148
0 0.233333 0.334259 0.027083 0.048148
0 0.333854 0.281481 0.027083 0.048148
0 0.230208 0.444444 0.027083 0.048148
0 0.342708 0.138889 0.027083 0.048148
0 0.434896 0.762963 0.027083 0.048148
0 0.451562 0.795370 0.027083 0.048148
0 0.373958 0.075926 0.027083 0.048148
0 0.560417 0.215741 0.027083 0.048148
0 0.618750 0.276852 0.027083 0.048148
0 0.228125 0.760185 0.027083 0.048148
0 0.244792 0.626852 0.027083 0.048148
0 0.646354 0.187037 0.027083 0.048148
0 0.426563 0.352778 0.027083 0.048148
0 0.515625 0.862963 0.027083 0.048148
0 0.280208 0.818519 0.027083 0.048148
0 0.508854 0.084259 0.027083 0.048148
0 0.593229 0.187963 0.027083 0.048148
0 0.428125 0.264815 0.027083 0.048148
0 0.227083 0.654630 0.027083 0.048148
0 0.495312 0.164815 0.027083 0.048148
0 0.576562 0.280556 0.027083 0.048148
0 0.289583 0.211111 0.027083 0.048148
0 0.516667 0.289815 0.027083 0.048148
0 0.229167 0.548148 0.027083 0.048148
0 0.326562 0.682407 0.027083 0.048148
0 0.406771 0.151852 0.027083 0.048148
0 0.468750 0.080556 0.027083 0.048148
0 0.749479 0.607407 0.027083 0.048148
