0 0.193750 0.190741 0.027083 0.048148
0 0.214062 0.761111 0.027083 0.048148
0 0.197396 0.286111 0.027083 0.048148
0 0.200000 0.380556 0.027083 0.048148
0 0.209896 0.668519 0.027083 0.048148
0 0.203125 0.481481 0.027083 0.048148
0 0.206771 0.571296 0.027083 0.048148
0 0.640625 0.709259 0.027083 0.048148
0 0.697396 0.180556 0.027083 0.048148
0 0.679688 0.508333 0.027083 0.048148
0 0.678646 0.286111 0.027083 0.048148
0 0.253125 0.205556 0.027083 0.048148
0 0.265625 0.488889 0.027083 0.048148
0 0.700000 0.234259 0.027083 0.048148
0 0.705208 0.356481 0.027083 0.048148
0 0.342187 0.091667 0.027083 0.048148
0 0.671354 0.542593 0.027083 0.048148
0 0.213542 0.806481 0.027083 0.048148
0 0.675521 0.227778 0.027083 0.048148
0 0.486458 0.154630 0.027083 0.048148
0 0.333333 0.423148 0.027083 0.048148
0 0.667708 0.363889 0.027083 0.048148
0 0.479687 0.114815 0.027083 0.048148
0 0.704167 0.086111 0.027083 0.048148
0 0.641667 0.132407 0.027083 0.048148
0 0.319792 0.776852 0.027083 0.048148
0 0.716667 0.706481 0.027083 0.048148
0 0.192708 0.781481 0.027083 0.048148
0 0.401042 0.159259 0.027083 0.048148
0 0.467187 0.736111 0.027083 0.048148
0 0.688542 0.330556 0.027083 0.048148
0 0.643750 0.337963 0.027083 0.048148
0 0.417708 0.744444 0.027083 0.048148
0 0.483854 0.786111 0.027083 0.048148
0 0.706771 0.408333 0.027083 0.048148
0 0.674479 0.184259 0.027083 0.048148
0 0.226562 0.450926 0.027083 0.048148
0 0.348438 0.132407 0.027083 0.048148
0 0.456771 0.074074 0.027083 0.048148
0 0.502604 0.756481 0.027083 0.048148
0 0.725521 0.747222 0.027083 0.048148
0 0.386979 0.100926 0.027083 0.048148
0 0.711458 0.505556 0.027083 0.048148
0 0.137500 0.490741 0.027083 0.048148
0 0.451562 0.829630 0.027083 0.048148
0 0.502604 0.091667 0.027083 0.048148
0 0.160417 0.466667 0.027083 0.048148
0 0.345313 0.770370 0.027083 0.048148
0 0.553125 0.191667 0.027083 0.048148
