0 0.462500 0.837037 0.027083 0.048148
0 0.309375 0.855556 0.027083 0.048148
0 0.351042 0.441667 0.027083 0.048148
0 0.604167 0.805556 0.027083 0.048148
0 0.399479 0.820370 0.027083 0.048148
0 0.556250 0.814815 0.027083 0.048148
0 0.409896 0.653704 0.027083 0.048148
0 0.336979 0.689815 0.027083 0.048148
0 0.500000 0.633333 0.027083 0.048148
0 0.509375 0.825926 0.027083 0.048148
0 0.497396 0.866667 0.027083 0.048148
0 0.531250 0.499074 0.027083 0.048148
0 0.371875 0.547222 0.027083 0.048148
0 0.694792 0.784259 0.027083 0.048148
0 0.602083 0.481481 0.027083 0.048148
0 0.417187 0.851852 0.027083 0.048148
0 0.342187 0.740741 0.027083 0.048148
0 0.332292 0.409259 0.027083 0.048148
0 0.509896 0.231481 0.027083 0.048148
0 0.480208 0.871296 0.027083 0.048148
0 0.386979 0.675000 0.027083 0.048148
0 0.347396 0.818519 0.027083 0.048148
0 0.630208 0.836111 0.027083 0.048148
0 0.650521 0.830556 0.027083 0.048148
0 0.431771 0.162963 0.027083 0.048148
0 0.320312 0.661111 0.027083 0.048148
0 0.270313 0.596296 0.027083 0.048148
0 0.399479 0.771296 0.027083 0.048148
0 0.507292 0.689815 0.027083 0.048148
0 0.291667 0.285185 0.027083 0.048148
0 0.479687 0.674074 0.027083 0.048148
0 0.673958 0.248148 0.027083 0.048148
0 0.494271 0.509259 0.027083 0.048148
0 0.628646 0.597222 0.027083 0.048148
0 0.415625 0.400926 0.027083 0.048148
0 0.564583 0.135185 0.027083 0.048148
0 0.513542 0.382407 0.027083 0.048148
0 0.696875 0.353704 0.027083 0.048148
0 0.550000 0.331481 0.027083 0.048148
0 0.492708 0.150926 0.027083 0.048148
0 0.296875 0.381481 0.027083 0.048148
0 0.304688 0.487037 0.027083 0.048148
0 0.378125 0.340741 0.027083 0.048148
0 0.524479 0.269444 0.027083 0.048148
0 0.261979 0.560185 0.027083 0.048148
0 0.847396 0.422222 0.027083 0.048148
0 0.605729 0.619444 0.027083 0.048148
0 0.312500 0.588889 0.027083 0.048148
0 0.580208 0.812963 0.027083 0.048148
