0 0.366146 0.450000 0.027083 0.048148
0 0.378125 0.575000 0.027083 0.048148
0 0.363542 0.323148 0.027083 0.048148
0 0.233854 0.784259 0.027083 0.048148
0 0.233854 0.552778 0.027083 0.048148
0 0.413021 0.573148 0.027083 0.048148
0 0.234896 0.253704 0.027083 0.048148
0 0.333854 0.458333 0.027083 0.048148
0 0.233854 0.629630 0.027083 0.048148
0 0.233854 0.465741 0.027083 0.048148
0 0.234375 0.362963 0.027083 0.048148
0 0.398958 0.247222 0.027083 0.048148
0 0.377083 0.699074 0.027083 0.048148
0 0.298958 0.207407 0.027083 0.048148
0 0.385417 0.304630 0.027083 0.048148
0 0.434896 0.572222 0.027083 0.048148
0 0.676562 0.340741 0.027083 0.048148
0 0.585938 0.211111 0.027083 0.048148
0 0.573958 0.634259 0.027083 0.048148
0 0.233333 0.710185 0.027083 0.048148
0 0.266667 0.389815 0.027083 0.048148
0 0.375521 0.278704 0.027083 0.048148
0 0.466146 0.202778 0.027083 0.048148
0 0.322917 0.348148 0.027083 0.048148
0 0.265625 0.221296 0.027083 0.048148
0 0.257292 0.590741 0.027083 0.048148
0 0.446354 0.311111 0.027083 0.048148
0 0.461458 0.402778 0.027083 0.048148
0 0.354687 0.348148 0.027083 0.048148
0 0.347396 0.388889 0.027083 0.048148
0 0.762500 0.786111 0.027083 0.048148
0 0.291667 0.534259 0.027083 0.048148
0 0.256250 0.670370 0.027083 0.048148
0 0.372917 0.379630 0.027083 0.048148
0 0.259896 0.751852 0.027083 0.048148
0 0.745313 0.323148 0.027083 0.048148
0 0.360417 0.537037 0.027083 0.048148
0 0.461458 0.574074 0.027083 0.048148
0 0.765104 0.398148 0.027083 0.048148
0 0.721875 0.404630 0.027083 0.048148
0 0.254167 0.509259 0.027083 0.048148
0 0.430208 0.319444 0.027083 0.048148
0 0.352083 0.733333 0.027083 0.048148
0 0.649479 0.233333 0.027083 0.048148
0 0.506250 0.212037 0.027083 0.048148
0 0.676562 0.763889 0.027083 0.048148
0 0.353646 0.300000 0.027083 0.048148
0 0.260417 0.812037 0.027083 0.048148
0 0.277083 0.457407 0.027083 0.048148
