0 0.619271 0.443519 0.027083 0.048148
0 0.544271 0.306481 0.027083 0.048148
0 0.346354 0.521296 0.027083 0.048148
0 0.288542 0.784259 0.027083 0.048148
0 0.356771 0.543519 0.027083 0.048148
0 0.113542 0.312963 0.027083 0.048148
0 0.637500 0.353704 0.027083 0.048148
0 0.318229 0.433333 0.027083 0.048148
0 0.483854 0.887963 0.027083 0.048148
0 0.545833 0.749074 0.027083 0.048148
0 0.888021 0.441667 0.027083 0.048148
0 0.655729 0.801852 0.027083 0.048148
0 0.797917 0.388889 0.027083 0.048148
0 0.559896 0.341667 0.027083 0.048148
0 0.744271 0.674074 0.027083 0.048148
0 0.390104 0.765741 0.027083 0.048148
0 0.616146 0.841667 0.027083 0.048148
0 0.301042 0.317593 0.027083 0.048148
0 0.349479 0.352778 0.027083 0.048148
0 0.601562 0.176852 0.027083 0.048148
0 0.523438 0.392593 0.027083 0.048148
0 0.302083 0.821296 0.027083 0.048148
0 0.658854 0.546296 0.027083 0.048148
0 0.636979 0.833333 0.027083 0.048148
0 0.467187 0.894444 0.027083 0.048148
0 0.598958 0.247222 0.027083 0.048148
0 0.441146 0.878704 0.027083 0.048148
0 0.326562 0.458333 0.027083 0.048148
0 0.392708 0.794444 0.027083 0.048148
0 0.660417 0.124074 0.027083 0.048148
0 0.508854 0.283333 0.027083 0.048148
0 0.857812 0.674074 0.027083 0.048148
0 0.643750 0.232407 0.027083 0.048148
0 0.368750 0.592593 0.027083 0.048148
0 0.436458 0.506481 0.027083 0.048148
0 0.490625 0.541667 0.027083 0.048148
0 0.663021 0.075926 0.027083 0.048148
0 0.380729 0.282407 0.027083 0.048148
0 0.372396 0.413889 0.027083 0.048148
0 0.620833 0.386111 0.027083 0.048148
0 0.530729 0.476852 0.027083 0.048148
0 0.632812 0.420370 0.027083 0.048148
0 0.877604 0.416667 0.027083 0.048148
0 0.123438 0.289815 0.027083 0.048148
0 0.123958 0.336111 0.027083 0.048148
0 0.222396 0.553704 0.027083 0.048148
0 0.378125 0.683333 0.027083 0.048148
0 0.253125 0.158333 0.027083 0.048148
0 0.866146 0.532407 0.027083 0.048148
