0 0.204687 0.415741 0.027083 0.048148
0 0.848958 0.187037 0.027083 0.048148
0 0.245833 0.919444 0.027083 0.048148
0 0.685417 0.158333 0.027083 0.048148
0 0.801562 0.176852 0.027083 0.048148
0 0.666146 0.510185 0.027083 0.048148
0 0.221875 0.622222 0.027083 0.048148
0 0.229687 0.719444 0.027083 0.048148
0 0.238542 0.815741 0.027083 0.048148
0 0.241667 0.177778 0.027083 0.048148
0 0.213542 0.526852 0.027083 0.048148
0 0.194792 0.313889 0.027083 0.048148
0 0.265625 0.332407 0.027083 0.048148
0 0.819792 0.212963 0.027083 0.048148
0 0.742708 0.280556 0.027083 0.048148
0 0.732812 0.144444 0.027083 0.048148
0 0.225521 0.959259 0.027083 0.048148
0 0.813542 0.157407 0.027083 0.048148
0 0.888021 0.441667 0.027083 0.048148
0 0.450521 0.225000 0.027083 0.048148
0 0.282292 0.313889 0.027083 0.048148
0 0.820833 0.376852 0.027083 0.048148
0 0.397917 0.197222 0.027083 0.048148
0 0.616146 0.860185 0.027083 0.048148
0 0.232292 0.566667 0.027083 0.048148
0 0.727083 0.194444 0.027083 0.048148
0 0.672917 0.571296 0.027083 0.048148
0 0.215625 0.850926 0.027083 0.048148
0 0.256771 0.700926 0.027083 0.048148
0 0.236979 0.284259 0.027083 0.048148
0 0.269271 0.947222 0.027083 0.048148
0 0.207292 0.754630 0.027083 0.048148
0 0.190104 0.560185 0.027083 0.048148
0 0.198437 0.656481 0.027083 0.048148
0 0.732812 0.047222 0.027083 0.048148
0 0.180208 0.450000 0.027083 0.048148
0 0.582812 0.904630 0.027083 0.048148
0 0.586979 0.187037 0.027083 0.048148
0 0.646875 0.171296 0.027083 0.048148
0 0.739062 0.603704 0.027083 0.048148
0 0.213021 0.476852 0.027083 0.048148
0 0.170833 0.344444 0.027083 0.048148
0 0.477083 0.937037 0.027083 0.048148
0 0.759896 0.748148 0.027083 0.048148
0 0.636979 0.830556 0.027083 0.048148
0 0.622917 0.486111 0.027083 0.048148
0 0.563542 0.192593 0.027083 0.048148
0 0.877604 0.416667 0.027083 0.048148
0 0.529687 0.874074 0.027083 0.048148
