0 0.217188 0.211111 0.027083 0.048148
0 0.264583 0.775000 0.027083 0.048148
0 0.224479 0.304630 0.027083 0.048148
0 0.232292 0.398148 0.027083 0.048148
0 0.247917 0.587963 0.027083 0.048148
0 0.255729 0.683333 0.027083 0.048148
0 0.240104 0.498148 0.027083 0.048148
0 0.683854 0.654630 0.027083 0.048148
0 0.716667 0.125000 0.027083 0.048148
0 0.852083 0.316667 0.027083 0.048148
0 0.144792 0.196296 0.027083 0.048148
0 0.819271 0.365741 0.027083 0.048148
0 0.704167 0.231481 0.027083 0.048148
0 0.715625 0.452778 0.027083 0.048148
0 0.822396 0.462037 0.027083 0.048148
0 0.898438 0.313889 0.027083 0.048148
0 0.415625 0.735185 0.027083 0.048148
0 0.276562 0.215741 0.027083 0.048148
0 0.721875 0.176852 0.027083 0.048148
0 0.442708 0.661111 0.027083 0.048148
0 0.622917 0.551852 0.027083 0.048148
0 0.435937 0.037963 0.027083 0.048148
0 0.467187 0.725000 0.027083 0.048148
0 0.308333 0.050000 0.027083 0.048148
0 0.818229 0.283333 0.027083 0.048148
0 0.187500 0.685185 0.027083 0.048148
0 0.585417 0.202778 0.027083 0.048148
0 0.302083 0.496296 0.027083 0.048148
0 0.697917 0.172222 0.027083 0.048148
0 0.101042 0.190741 0.027083 0.048148
0 0.696875 0.311111 0.027083 0.048148
0 0.120833 0.705556 0.027083 0.048148
0 0.627083 0.607407 0.027083 0.048148
0 0.184375 0.415741 0.027083 0.048148
0 0.183854 0.369444 0.027083 0.048148
0 0.880729 0.389815 0.027083 0.048148
0 0.262500 0.467593 0.027083 0.048148
0 0.396354 0.691667 0.027083 0.048148
0 0.855729 0.427778 0.027083 0.048148
0 0.243750 0.797222 0.027083 0.048148
0 0.761458 0.642593 0.027083 0.048148
0 0.498958 0.090741 0.027083 0.048148
0 0.715625 0.274074 0.027083 0.048148
0 0.733854 0.297222 0.027083 0.048148
0 0.868229 0.408333 0.027083 0.048148
0 0.256771 0.380556 0.027083 0.048148
0 0.367708 0.423148 0.027083 0.048148
0 0.842187 0.445370 0.027083 0.048148
0 0.707812 0.486111 0.027083 0.048148
