0 0.674479 0.565741 0.027083 0.048148
0 0.741667 0.800000 0.027083 0.048148
0 0.258854 0.308333 0.027083 0.048148
0 0.292708 0.453704 0.027083 0.048148
0 0.680729 0.631481 0.027083 0.048148
0 0.765104 0.879630 0.027083 0.048148
0 0.770312 0.335185 0.027083 0.048148
0 0.736979 0.753704 0.027083 0.048148
0 0.714063 0.194444 0.027083 0.048148
0 0.493750 0.400926 0.027083 0.048148
0 0.460938 0.224074 0.027083 0.048148
0 0.723437 0.554630 0.027083 0.048148
0 0.629687 0.533333 0.027083 0.048148
0 0.231250 0.250000 0.027083 0.048148
0 0.517188 0.912963 0.027083 0.048148
0 0.229687 0.962963 0.027083 0.048148
0 0.279167 0.289815 0.027083 0.048148
0 0.728125 0.704630 0.027083 0.048148
0 0.474479 0.826852 0.027083 0.048148
0 0.624479 0.898148 0.027083 0.048148
0 0.652604 0.226852 0.027083 0.048148
0 0.780729 0.738889 0.027083 0.048148
0 0.229167 0.698148 0.027083 0.048148
0 0.603646 0.928704 0.027083 0.048148
0 0.181771 0.967593 0.027083 0.048148
0 0.206250 0.927778 0.027083 0.048148
0 0.214583 0.563889 0.027083 0.048148
0 0.772917 0.791667 0.027083 0.048148
0 0.190625 0.386111 0.027083 0.048148
0 0.764062 0.688889 0.027083 0.048148
0 0.675521 0.198148 0.027083 0.048148
0 0.607292 0.206481 0.027083 0.048148
0 0.713542 0.628704 0.027083 0.048148
0 0.227083 0.778704 0.027083 0.048148
0 0.581250 0.209259 0.027083 0.048148
0 0.764583 0.187963 0.027083 0.048148
0 0.757812 0.237963 0.027083 0.048148
0 0.183854 0.275926 0.027083 0.048148
0 0.588542 0.580556 0.027083 0.048148
0 0.229167 0.890741 0.027083 0.048148
0 0.197396 0.608333 0.027083 0.048148
0 0.330729 0.652778 0.027083 0.048148
0 0.200521 0.712037 0.027083 0.048148
0 0.386458 0.406481 0.027083 0.048148
0 0.517188 0.216667 0.027083 0.048148
0 0.193750 0.504630 0.027083 0.048148
0 0.204687 0.815741 0.027083 0.048148
0 0.225521 0.634259 0.027083 0.048148
0 0.228125 0.851852 0.027083 0.048148
