0 0.820312 0.554630 0.027083 0.048148
0 0.504167 0.275926 0.027083 0.048148
0 0.232813 0.725926 0.027083 0.048148
0 0.151042 0.812037 0.027083 0.048148
0 0.178646 0.837037 0.027083 0.048148
0 0.888021 0.558333 0.027083 0.048148
0 0.176563 0.788889 0.027083 0.048148
0 0.703646 0.343519 0.027083 0.048148
0 0.541146 0.751852 0.027083 0.048148
0 0.176563 0.288889 0.027083 0.048148
0 0.489583 0.610185 0.027083 0.048148
0 0.823958 0.413889 0.027083 0.048148
0 0.404687 0.590741 0.027083 0.048148
0 0.448958 0.600926 0.027083 0.048148
0 0.820312 0.624074 0.027083 0.048148
0 0.175000 0.585185 0.027083 0.048148
0 0.286458 0.240741 0.027083 0.048148
0 0.440625 0.165741 0.027083 0.048148
0 0.354167 0.326852 0.027083 0.048148
0 0.704688 0.168519 0.027083 0.048148
0 0.580208 0.290741 0.027083 0.048148
0 0.616667 0.425000 0.027083 0.048148
0 0.672917 0.325000 0.027083 0.048148
0 0.326562 0.635185 0.027083 0.048148
0 0.452083 0.192593 0.027083 0.048148
0 0.142187 0.549074 0.027083 0.048148
0 0.142187 0.325926 0.027083 0.048148
0 0.611979 0.297222 0.027083 0.048148
0 0.348438 0.576852 0.027083 0.048148
0 0.720313 0.320370 0.027083 0.048148
0 0.383333 0.325926 0.027083 0.048148
0 0.356250 0.704630 0.027083 0.048148
0 0.877604 0.583333 0.027083 0.048148
0 0.254688 0.696296 0.027083 0.048148
0 0.656250 0.863889 0.027083 0.048148
0 0.855729 0.447222 0.027083 0.048148
0 0.295312 0.556481 0.027083 0.048148
0 0.313542 0.228704 0.027083 0.048148
0 0.866667 0.468519 0.027083 0.048148
0 0.339583 0.675000 0.027083 0.048148
0 0.389062 0.162963 0.027083 0.048148
0 0.223958 0.120370 0.027083 0.048148
0 0.370312 0.109259 0.027083 0.048148
0 0.791667 0.869444 0.027083 0.048148
0 0.795312 0.243519 0.027083 0.048148
0 0.229687 0.906481 0.027083 0.048148
0 0.155208 0.307407 0.027083 0.048148
0 0.155208 0.567593 0.027083 0.048148
0 0.447396 0.503704 0.027083 0.048148
