0 0.641146 0.800926 0.027083 0.048148
0 0.557813 0.537963 0.027083 0.048148
0 0.544271 0.508333 0.027083 0.048148
0 0.665104 0.821296 0.027083 0.048148
0 0.664583 0.255556 0.027083 0.048148
0 0.582292 0.842593 0.027083 0.048148
0 0.584896 0.341667 0.027083 0.048148
0 0.616667 0.258333 0.027083 0.048148
0 0.547917 0.791667 0.027083 0.048148
0 0.508854 0.422222 0.027083 0.048148
0 0.664062 0.364815 0.027083 0.048148
0 0.706771 0.353704 0.027083 0.048148
0 0.887500 0.679630 0.027083 0.048148
0 0.631771 0.865741 0.027083 0.048148
0 0.364063 0.720370 0.027083 0.048148
0 0.497917 0.895370 0.027083 0.048148
0 0.655729 0.322222 0.027083 0.048148
0 0.621875 0.777778 0.027083 0.048148
0 0.628125 0.332407 0.027083 0.048148
0 0.647396 0.224074 0.027083 0.048148
0 0.566146 0.818519 0.027083 0.048148
0 0.571875 0.268519 0.027083 0.048148
0 0.675521 0.300000 0.027083 0.048148
0 0.325000 0.361111 0.027083 0.048148
0 0.619271 0.825926 0.027083 0.048148
0 0.672396 0.218519 0.027083 0.048148
0 0.693750 0.214815 0.027083 0.048148
0 0.317708 0.268519 0.027083 0.048148
0 0.360938 0.841667 0.027083 0.048148
0 0.405729 0.887963 0.027083 0.048148
0 0.540104 0.761111 0.027083 0.048148
0 0.412500 0.248148 0.027083 0.048148
0 0.756250 0.256481 0.027083 0.048148
0 0.481250 0.900000 0.027083 0.048148
0 0.416667 0.381481 0.027083 0.048148
0 0.806250 0.550926 0.027083 0.048148
0 0.691146 0.660185 0.027083 0.048148
0 0.651563 0.860185 0.027083 0.048148
0 0.437500 0.179630 0.027083 0.048148
0 0.472396 0.243519 0.027083 0.048148
0 0.680729 0.338889 0.027083 0.048148
0 0.560937 0.151852 0.027083 0.048148
0 0.571354 0.315741 0.027083 0.048148
0 0.554167 0.232407 0.027083 0.048148
0 0.864583 0.588889 0.027083 0.048148
0 0.848958 0.436111 0.027083 0.048148
0 0.558854 0.425926 0.027083 0.048148
0 0.710938 0.464815 0.027083 0.048148
0 0.329688 0.457407 0.027083 0.048148
