0 0.388542 0.399074 0.027083 0.048148
0 0.390104 0.527778 0.027083 0.048148
0 0.151042 0.187963 0.027083 0.048148
0 0.314063 0.138889 0.027083 0.048148
0 0.398958 0.266667 0.027083 0.048148
0 0.352083 0.142593 0.027083 0.048148
0 0.425521 0.536111 0.027083 0.048148
0 0.864583 0.312963 0.027083 0.048148
0 0.377604 0.654630 0.027083 0.048148
0 0.355729 0.397222 0.027083 0.048148
0 0.415104 0.296296 0.027083 0.048148
0 0.339062 0.123148 0.027083 0.048148
0 0.448958 0.542593 0.027083 0.048148
0 0.763021 0.854630 0.027083 0.048148
0 0.514583 0.174074 0.027083 0.048148
0 0.386458 0.291667 0.027083 0.048148
0 0.223438 0.700000 0.027083 0.048148
0 0.439583 0.200926 0.027083 0.048148
0 0.248438 0.736111 0.027083 0.048148
0 0.635417 0.217593 0.027083 0.048148
0 0.340625 0.749074 0.027083 0.048148
0 0.354687 0.281481 0.027083 0.048148
0 0.583854 0.645370 0.027083 0.048148
0 0.244792 0.464815 0.027083 0.048148
0 0.786458 0.381481 0.027083 0.048148
0 0.482812 0.281481 0.027083 0.048148
0 0.173437 0.165741 0.027083 0.048148
0 0.272917 0.160185 0.027083 0.048148
0 0.549479 0.190741 0.027083 0.048148
0 0.253125 0.375926 0.027083 0.048148
0 0.305208 0.462037 0.027083 0.048148
0 0.172917 0.208333 0.027083 0.048148
0 0.141667 0.451852 0.027083 0.048148
0 0.237500 0.542593 0.027083 0.048148
0 0.264583 0.509259 0.027083 0.048148
0 0.262500 0.270370 0.027083 0.048148
0 0.715104 0.378704 0.027083 0.048148
0 0.564583 0.714815 0.027083 0.048148
0 0.892188 0.579630 0.027083 0.048148
0 0.587500 0.742593 0.027083 0.048148
0 0.755729 0.454630 0.027083 0.048148
0 0.282813 0.492593 0.027083 0.048148
0 0.892188 0.675926 0.027083 0.048148
0 0.474479 0.550926 0.027083 0.048148
0 0.300521 0.114815 0.027083 0.048148
0 0.795312 0.405556 0.027083 0.048148
0 0.398958 0.487037 0.027083 0.048148
0 0.280729 0.442593 0.027083 0.048148
0 0.363021 0.758333 0.027083 0.048148
