0 0.185938 0.437963 0.027083 0.048148
0 0.414062 0.410185 0.027083 0.048148
0 0.411458 0.270370 0.027083 0.048148
0 0.426042 0.540741 0.027083 0.048148
0 0.560937 0.952778 0.027083 0.048148
0 0.939063 0.443519 0.027083 0.048148
0 0.113542 0.437963 0.027083 0.048148
0 0.423958 0.675926 0.027083 0.048148
0 0.315625 0.160185 0.027083 0.048148
0 0.379688 0.415741 0.027083 0.048148
0 0.749479 0.300000 0.027083 0.048148
0 0.355208 0.154630 0.027083 0.048148
0 0.339062 0.136111 0.027083 0.048148
0 0.461458 0.540741 0.027083 0.048148
0 0.887500 0.179630 0.027083 0.048148
0 0.450000 0.188889 0.027083 0.048148
0 0.524479 0.143519 0.027083 0.048148
0 0.396875 0.709259 0.027083 0.048148
0 0.651042 0.157407 0.027083 0.048148
0 0.488021 0.539815 0.027083 0.048148
0 0.369271 0.298148 0.027083 0.048148
0 0.897396 0.433333 0.027083 0.048148
0 0.400000 0.241667 0.027083 0.048148
0 0.421875 0.330556 0.027083 0.048148
0 0.436979 0.253704 0.027083 0.048148
0 0.293750 0.556481 0.027083 0.048148
0 0.500521 0.262963 0.027083 0.048148
0 0.295312 0.729630 0.027083 0.048148
0 0.839063 0.780556 0.027083 0.048148
0 0.821354 0.282407 0.027083 0.048148
0 0.774479 0.053704 0.027083 0.048148
0 0.431771 0.296296 0.027083 0.048148
0 0.570833 0.158333 0.027083 0.048148
0 0.333854 0.495370 0.027083 0.048148
0 0.745833 0.754630 0.027083 0.048148
0 0.514062 0.542593 0.027083 0.048148
0 0.516667 0.951852 0.027083 0.048148
0 0.378125 0.213889 0.027083 0.048148
0 0.947396 0.595370 0.027083 0.048148
0 0.795312 0.370370 0.027083 0.048148
0 0.291146 0.641667 0.027083 0.048148
0 0.294792 0.796296 0.027083 0.048148
0 0.947396 0.469444 0.027083 0.048148
0 0.298958 0.137963 0.027083 0.048148
0 0.425521 0.225926 0.027083 0.048148
0 0.370312 0.338889 0.027083 0.048148
0 0.123438 0.414815 0.027083 0.048148
0 0.123958 0.461111 0.027083 0.048148
0 0.360417 0.042593 0.027083 0.048148
