0 0.238542 0.199074 0.027083 0.048148
0 0.244271 0.792593 0.027083 0.048148
0 0.239063 0.298148 0.027083 0.048148
0 0.239583 0.397222 0.027083 0.048148
0 0.242188 0.696296 0.027083 0.048148
0 0.240625 0.501852 0.027083 0.048148
0 0.241667 0.595370 0.027083 0.048148
0 0.685417 0.771296 0.027083 0.048148
0 0.735417 0.571296 0.027083 0.048148
0 0.761979 0.231481 0.027083 0.048148
0 0.740625 0.340741 0.027083 0.048148
0 0.727083 0.606481 0.027083 0.048148
0 0.305208 0.514815 0.027083 0.048148
0 0.763542 0.286111 0.027083 0.048148
0 0.765104 0.414815 0.027083 0.048148
0 0.705208 0.175926 0.027083 0.048148
0 0.301042 0.219444 0.027083 0.048148
0 0.748437 0.385185 0.027083 0.048148
0 0.770312 0.135185 0.027083 0.048148
0 0.242188 0.838889 0.027083 0.048148
0 0.768750 0.759259 0.027083 0.048148
0 0.739062 0.278704 0.027083 0.048148
0 0.354167 0.817593 0.027083 0.048148
0 0.767188 0.568519 0.027083 0.048148
0 0.538021 0.143519 0.027083 0.048148
0 0.395313 0.109259 0.027083 0.048148
0 0.765625 0.469444 0.027083 0.048148
0 0.540625 0.184259 0.027083 0.048148
0 0.222396 0.813889 0.027083 0.048148
0 0.377083 0.454630 0.027083 0.048148
0 0.621354 0.386111 0.027083 0.048148
0 0.328646 0.713889 0.027083 0.048148
0 0.739062 0.232407 0.027083 0.048148
0 0.701562 0.387963 0.027083 0.048148
0 0.561979 0.124074 0.027083 0.048148
0 0.507292 0.788889 0.027083 0.048148
0 0.766146 0.524074 0.027083 0.048148
0 0.764583 0.328704 0.027083 0.048148
0 0.459896 0.791667 0.027083 0.048148
0 0.284375 0.197222 0.027083 0.048148
0 0.172917 0.506481 0.027083 0.048148
0 0.380208 0.813889 0.027083 0.048148
0 0.442188 0.122222 0.027083 0.048148
0 0.727604 0.416667 0.027083 0.048148
0 0.596875 0.784259 0.027083 0.048148
0 0.618750 0.283333 0.027083 0.048148
0 0.243750 0.549074 0.027083 0.048148
0 0.455208 0.875926 0.027083 0.048148
0 0.609896 0.675926 0.027083 0.048148
