0 0.294271 0.300000 0.027083 0.048148
0 0.597917 0.805556 0.027083 0.048148
0 0.667708 0.501852 0.027083 0.048148
0 0.300000 0.481481 0.027083 0.048148
0 0.307292 0.664815 0.027083 0.048148
0 0.297396 0.391667 0.027083 0.048148
0 0.651563 0.422222 0.027083 0.048148
0 0.302604 0.577778 0.027083 0.048148
0 0.432292 0.161111 0.027083 0.048148
0 0.310937 0.758333 0.027083 0.048148
0 0.638542 0.339815 0.027083 0.048148
0 0.151042 0.562037 0.027083 0.048148
0 0.712500 0.246296 0.027083 0.048148
0 0.570312 0.372222 0.027083 0.048148
0 0.378646 0.781481 0.027083 0.048148
0 0.763542 0.285185 0.027083 0.048148
0 0.609896 0.365741 0.027083 0.048148
0 0.648958 0.378704 0.027083 0.048148
0 0.518750 0.564815 0.027083 0.048148
0 0.736458 0.619444 0.027083 0.048148
0 0.481250 0.456481 0.027083 0.048148
0 0.783333 0.789815 0.027083 0.048148
0 0.316146 0.846296 0.027083 0.048148
0 0.535417 0.454630 0.027083 0.048148
0 0.780208 0.658333 0.027083 0.048148
0 0.436979 0.566667 0.027083 0.048148
0 0.556771 0.733333 0.027083 0.048148
0 0.548958 0.344444 0.027083 0.048148
0 0.716146 0.430556 0.027083 0.048148
0 0.570312 0.799074 0.027083 0.048148
0 0.662500 0.316667 0.027083 0.048148
0 0.746875 0.241667 0.027083 0.048148
0 0.417708 0.335185 0.027083 0.048148
0 0.590104 0.334259 0.027083 0.048148
0 0.417708 0.209259 0.027083 0.048148
0 0.444792 0.762037 0.027083 0.048148
0 0.444271 0.538889 0.027083 0.048148
0 0.172917 0.541667 0.027083 0.048148
0 0.172917 0.583333 0.027083 0.048148
0 0.360417 0.745370 0.027083 0.048148
0 0.527604 0.862963 0.027083 0.048148
0 0.710417 0.738889 0.027083 0.048148
0 0.494792 0.439815 0.027083 0.048148
0 0.402083 0.600926 0.027083 0.048148
0 0.435937 0.602778 0.027083 0.048148
0 0.764062 0.585185 0.027083 0.048148
0 0.348438 0.785185 0.027083 0.048148
0 0.418229 0.246296 0.027083 0.048148
0 0.610938 0.440741 0.027083 0.048148
