0 0.544271 0.772222 0.027083 0.048148
0 0.481771 0.808333 0.027083 0.048148
0 0.568229 0.794444 0.027083 0.048148
0 0.467187 0.487963 0.027083 0.048148
0 0.589063 0.206481 0.027083 0.048148
0 0.454688 0.457407 0.027083 0.048148
0 0.629167 0.312963 0.027083 0.048148
0 0.420312 0.362037 0.027083 0.048148
0 0.448437 0.751852 0.027083 0.048148
0 0.597396 0.169444 0.027083 0.048148
0 0.584375 0.320370 0.027083 0.048148
0 0.726042 0.531481 0.027083 0.048148
0 0.502604 0.287037 0.027083 0.048148
0 0.540104 0.205556 0.027083 0.048148
0 0.231771 0.276852 0.027083 0.048148
0 0.227604 0.179630 0.027083 0.048148
0 0.392708 0.851852 0.027083 0.048148
0 0.466146 0.781481 0.027083 0.048148
0 0.598958 0.255556 0.027083 0.048148
0 0.620833 0.167593 0.027083 0.048148
0 0.326562 0.308333 0.027083 0.048148
0 0.525000 0.744444 0.027083 0.048148
0 0.327604 0.169444 0.027083 0.048148
0 0.259375 0.654630 0.027083 0.048148
0 0.575521 0.279630 0.027083 0.048148
0 0.531771 0.836111 0.027083 0.048148
0 0.297396 0.834259 0.027083 0.048148
0 0.601562 0.629630 0.027083 0.048148
0 0.280729 0.247222 0.027083 0.048148
0 0.571354 0.173148 0.027083 0.048148
0 0.355208 0.103704 0.027083 0.048148
0 0.620833 0.688889 0.027083 0.048148
0 0.236458 0.482407 0.027083 0.048148
0 0.492188 0.211111 0.027083 0.048148
0 0.522917 0.796296 0.027083 0.048148
0 0.233854 0.377778 0.027083 0.048148
0 0.629687 0.429630 0.027083 0.048148
0 0.251042 0.783333 0.027083 0.048148
0 0.484375 0.088889 0.027083 0.048148
0 0.475521 0.170370 0.027083 0.048148
0 0.389583 0.171296 0.027083 0.048148
0 0.547917 0.285185 0.027083 0.048148
0 0.414583 0.278704 0.027083 0.048148
0 0.244271 0.686111 0.027083 0.048148
0 0.371354 0.310185 0.027083 0.048148
0 0.553646 0.833333 0.027083 0.048148
0 0.445312 0.092593 0.027083 0.048148
0 0.601562 0.296296 0.027083 0.048148
0 0.408854 0.096296 0.027083 0.048148
