0 0.244792 0.694444 0.027083 0.048148
0 0.298958 0.064815 0.027083 0.048148
0 0.788021 0.621296 0.027083 0.048148
0 0.709896 0.808333 0.027083 0.048148
0 0.849479 0.272222 0.027083 0.048148
0 0.776563 0.652778 0.027083 0.048148
0 0.865104 0.168519 0.027083 0.048148
0 0.269792 0.438889 0.027083 0.048148
0 0.289583 0.171296 0.027083 0.048148
0 0.794792 0.190741 0.027083 0.048148
0 0.348438 0.077778 0.027083 0.048148
0 0.841667 0.371296 0.027083 0.048148
0 0.681771 0.701852 0.027083 0.048148
0 0.280208 0.275000 0.027083 0.048148
0 0.261979 0.486111 0.027083 0.048148
0 0.835417 0.464815 0.027083 0.048148
0 0.286458 0.712037 0.027083 0.048148
0 0.307812 0.292593 0.027083 0.048148
0 0.253125 0.592593 0.027083 0.048148
0 0.793229 0.454630 0.027083 0.048148
0 0.271354 0.387037 0.027083 0.048148
0 0.816667 0.377778 0.027083 0.048148
0 0.765625 0.422222 0.027083 0.048148
0 0.824479 0.577778 0.027083 0.048148
0 0.239063 0.741667 0.027083 0.048148
0 0.445312 0.323148 0.027083 0.048148
0 0.621354 0.147222 0.027083 0.048148
0 0.280208 0.609259 0.027083 0.048148
0 0.664583 0.728704 0.027083 0.048148
0 0.798958 0.412963 0.027083 0.048148
0 0.821875 0.310185 0.027083 0.048148
0 0.413021 0.747222 0.027083 0.048148
0 0.276562 0.042593 0.027083 0.048148
0 0.419792 0.380556 0.027083 0.048148
0 0.472917 0.764815 0.027083 0.048148
0 0.846354 0.324074 0.027083 0.048148
0 0.591667 0.137037 0.027083 0.048148
0 0.753125 0.468519 0.027083 0.048148
0 0.803646 0.825926 0.027083 0.048148
0 0.360417 0.756481 0.027083 0.048148
0 0.338021 0.419444 0.027083 0.048148
0 0.294271 0.419444 0.027083 0.048148
0 0.772917 0.395370 0.027083 0.048148
0 0.826042 0.260185 0.027083 0.048148
0 0.648438 0.088889 0.027083 0.048148
0 0.385937 0.762037 0.027083 0.048148
0 0.523438 0.776852 0.027083 0.048148
0 0.820833 0.425000 0.027083 0.048148
0 0.363542 0.105556 0.027083 0.048148
