0 0.570833 0.742593 0.027083 0.048148
0 0.848958 0.437037 0.027083 0.048148
0 0.296875 0.362963 0.027083 0.048148
0 0.672917 0.224074 0.027083 0.048148
0 0.236979 0.272222 0.027083 0.048148
0 0.455729 0.234259 0.027083 0.048148
0 0.429688 0.230556 0.027083 0.048148
0 0.685417 0.201852 0.027083 0.048148
0 0.222396 0.868519 0.027083 0.048148
0 0.329688 0.515741 0.027083 0.048148
0 0.292187 0.575926 0.027083 0.048148
0 0.248958 0.575000 0.027083 0.048148
0 0.601042 0.461111 0.027083 0.048148
0 0.314583 0.722222 0.027083 0.048148
0 0.825521 0.414815 0.027083 0.048148
0 0.228646 0.494444 0.027083 0.048148
0 0.237500 0.531481 0.027083 0.048148
0 0.198958 0.284259 0.027083 0.048148
0 0.648438 0.200000 0.027083 0.048148
0 0.396875 0.626852 0.027083 0.048148
0 0.536979 0.809259 0.027083 0.048148
0 0.222396 0.467593 0.027083 0.048148
0 0.272917 0.715741 0.027083 0.048148
0 0.503125 0.403704 0.027083 0.048148
0 0.823958 0.901852 0.027083 0.048148
0 0.602083 0.342593 0.027083 0.048148
0 0.337500 0.462037 0.027083 0.048148
0 0.800000 0.880556 0.027083 0.048148
0 0.666667 0.171296 0.027083 0.048148
0 0.242188 0.157407 0.027083 0.048148
0 0.136458 0.812963 0.027083 0.048148
0 0.602604 0.408333 0.027083 0.048148
0 0.476042 0.217593 0.027083 0.048148
0 0.118229 0.844444 0.027083 0.048148
0 0.882292 0.843519 0.027083 0.048148
0 0.118229 0.780556 0.027083 0.048148
0 0.881771 0.655556 0.027083 0.048148
0 0.173958 0.900926 0.027083 0.048148
0 0.713021 0.812037 0.027083 0.048148
0 0.544792 0.391667 0.027083 0.048148
0 0.088542 0.516667 0.027083 0.048148
0 0.795312 0.093519 0.027083 0.048148
0 0.079687 0.218519 0.027083 0.048148
0 0.500521 0.213889 0.027083 0.048148
0 0.396875 0.342593 0.027083 0.048148
0 0.338021 0.156481 0.027083 0.048148
0 0.257292 0.600000 0.027083 0.048148
0 0.185938 0.946296 0.027083 0.048148
0 0.254688 0.137963 0.027083 0.048148
