0 0.627604 0.532407 0.027083 0.048148
0 0.261458 0.802778 0.027083 0.048148
0 0.561458 0.372222 0.027083 0.048148
0 0.341667 0.550000 0.027083 0.048148
0 0.899479 0.694444 0.027083 0.048148
0 0.575000 0.409259 0.027083 0.048148
0 0.638021 0.909259 0.027083 0.048148
0 0.454167 0.958333 0.027083 0.048148
0 0.271354 0.844444 0.027083 0.048148
0 0.653646 0.440741 0.027083 0.048148
0 0.360938 0.356481 0.027083 0.048148
0 0.376042 0.444444 0.027083 0.048148
0 0.366146 0.808333 0.027083 0.048148
0 0.413542 0.936111 0.027083 0.048148
0 0.360938 0.718519 0.027083 0.048148
0 0.350521 0.574074 0.027083 0.048148
0 0.316146 0.444444 0.027083 0.048148
0 0.529167 0.828704 0.027083 0.048148
0 0.433333 0.554630 0.027083 0.048148
0 0.308854 0.323148 0.027083 0.048148
0 0.366667 0.840741 0.027083 0.048148
0 0.508854 0.795370 0.027083 0.048148
0 0.623437 0.322222 0.027083 0.048148
0 0.534375 0.544444 0.027083 0.048148
0 0.545312 0.914815 0.027083 0.048148
0 0.594271 0.941667 0.027083 0.048148
0 0.634375 0.472222 0.027083 0.048148
0 0.743229 0.800926 0.027083 0.048148
0 0.798958 0.946296 0.027083 0.048148
0 0.394792 0.305556 0.027083 0.048148
0 0.816146 0.516667 0.027083 0.048148
0 0.370833 0.539815 0.027083 0.048148
0 0.763542 0.486111 0.027083 0.048148
0 0.380208 0.500926 0.027083 0.048148
0 0.629687 0.250926 0.027083 0.048148
0 0.436458 0.960185 0.027083 0.048148
0 0.435937 0.494444 0.027083 0.048148
0 0.639062 0.177778 0.027083 0.048148
0 0.627083 0.368519 0.027083 0.048148
0 0.617708 0.938889 0.027083 0.048148
0 0.892188 0.420370 0.027083 0.048148
0 0.739583 0.248148 0.027083 0.048148
0 0.581771 0.483333 0.027083 0.048148
0 0.674479 0.244444 0.027083 0.048148
0 0.643229 0.508333 0.027083 0.048148
0 0.539583 0.490741 0.027083 0.048148
0 0.571354 0.825000 0.027083 0.048148
0 0.696875 0.209259 0.027083 0.048148
0 0.664583 0.478704 0.027083 0.048148
