0 0.761458 0.510185 0.027083 0.048148
0 0.706771 0.730556 0.027083 0.048148
0 0.225000 0.767593 0.027083 0.048148
0 0.785417 0.139815 0.027083 0.048148
0 0.665104 0.626852 0.027083 0.048148
0 0.721354 0.075000 0.027083 0.048148
0 0.211979 0.117593 0.027083 0.048148
0 0.763542 0.257407 0.027083 0.048148
0 0.791146 0.337963 0.027083 0.048148
0 0.788021 0.240741 0.027083 0.048148
0 0.213542 0.228704 0.027083 0.048148
0 0.750000 0.541667 0.027083 0.048148
0 0.215104 0.336111 0.027083 0.048148
0 0.278646 0.146296 0.027083 0.048148
0 0.787500 0.193519 0.027083 0.048148
0 0.367708 0.393519 0.027083 0.048148
0 0.221875 0.662963 0.027083 0.048148
0 0.219271 0.552778 0.027083 0.048148
0 0.542708 0.091667 0.027083 0.048148
0 0.793750 0.454630 0.027083 0.048148
0 0.923438 0.048148 0.027083 0.048148
0 0.183333 0.043519 0.027083 0.048148
0 0.771875 0.302778 0.027083 0.048148
0 0.434896 0.674074 0.027083 0.048148
0 0.648958 0.660185 0.027083 0.048148
0 0.791146 0.031481 0.027083 0.048148
0 0.267708 0.771296 0.027083 0.048148
0 0.647396 0.596296 0.027083 0.048148
0 0.217188 0.450000 0.027083 0.048148
0 0.882292 0.843519 0.027083 0.048148
0 0.289062 0.460185 0.027083 0.048148
0 0.213021 0.890741 0.027083 0.048148
0 0.347396 0.790741 0.027083 0.048148
0 0.079687 0.781481 0.027083 0.048148
0 0.079687 0.068519 0.027083 0.048148
0 0.747396 0.342593 0.027083 0.048148
0 0.869271 0.862963 0.027083 0.048148
0 0.461458 0.761111 0.027083 0.048148
0 0.262500 0.113889 0.027083 0.048148
0 0.203125 0.792593 0.027083 0.048148
0 0.571354 0.088889 0.027083 0.048148
0 0.931250 0.812037 0.027083 0.048148
0 0.617708 0.312037 0.027083 0.048148
0 0.761458 0.185185 0.027083 0.048148
0 0.888021 0.061111 0.027083 0.048148
0 0.226042 0.909259 0.027083 0.048148
0 0.392188 0.060185 0.027083 0.048148
0 0.760417 0.135185 0.027083 0.048148
0 0.202604 0.866667 0.027083 0.048148
