0 0.223958 0.229630 0.027083 0.048148
0 0.259375 0.814815 0.027083 0.048148
0 0.229167 0.327778 0.027083 0.048148
0 0.234896 0.425000 0.027083 0.048148
0 0.252604 0.719444 0.027083 0.048148
0 0.246875 0.620370 0.027083 0.048148
0 0.241146 0.527778 0.027083 0.048148
0 0.693229 0.722222 0.027083 0.048148
0 0.741146 0.178704 0.027083 0.048148
0 0.731771 0.516667 0.027083 0.048148
0 0.725521 0.288889 0.027083 0.048148
0 0.633333 0.610185 0.027083 0.048148
0 0.744792 0.232407 0.027083 0.048148
0 0.373437 0.461111 0.027083 0.048148
0 0.285417 0.238889 0.027083 0.048148
0 0.753125 0.357407 0.027083 0.048148
0 0.305208 0.529630 0.027083 0.048148
0 0.516667 0.127778 0.027083 0.048148
0 0.720313 0.225000 0.027083 0.048148
0 0.723437 0.550000 0.027083 0.048148
0 0.238542 0.837037 0.027083 0.048148
0 0.735938 0.331481 0.027083 0.048148
0 0.380729 0.156481 0.027083 0.048148
0 0.716146 0.368519 0.027083 0.048148
0 0.775000 0.717593 0.027083 0.048148
0 0.373437 0.115741 0.027083 0.048148
0 0.368750 0.820370 0.027083 0.048148
0 0.523438 0.167593 0.027083 0.048148
0 0.682292 0.132407 0.027083 0.048148
0 0.263542 0.493519 0.027083 0.048148
0 0.748437 0.275926 0.027083 0.048148
0 0.407813 0.387037 0.027083 0.048148
0 0.394271 0.813889 0.027083 0.048148
0 0.259375 0.861111 0.027083 0.048148
0 0.491667 0.088889 0.027083 0.048148
0 0.246354 0.573148 0.027083 0.048148
0 0.471354 0.778704 0.027083 0.048148
0 0.545833 0.161111 0.027083 0.048148
0 0.745833 0.081481 0.027083 0.048148
0 0.718229 0.183333 0.027083 0.048148
0 0.755729 0.401852 0.027083 0.048148
0 0.300000 0.225926 0.027083 0.048148
0 0.260417 0.408333 0.027083 0.048148
0 0.538542 0.818519 0.027083 0.048148
0 0.471354 0.862963 0.027083 0.048148
0 0.438021 0.180556 0.027083 0.048148
0 0.518750 0.767593 0.027083 0.048148
0 0.505208 0.863889 0.027083 0.048148
0 0.420312 0.120370 0.027083 0.048148
