0 0.716667 0.460185 0.027083 0.048148
0 0.288021 0.834259 0.027083 0.048148
0 0.259896 0.329630 0.027083 0.048148
0 0.744271 0.112037 0.027083 0.048148
0 0.277083 0.633333 0.027083 0.048148
0 0.449479 0.476852 0.027083 0.048148
0 0.283333 0.730556 0.027083 0.048148
0 0.271354 0.537037 0.027083 0.048148
0 0.266146 0.440741 0.027083 0.048148
0 0.252604 0.227778 0.027083 0.048148
0 0.798438 0.237963 0.027083 0.048148
0 0.721875 0.521296 0.027083 0.048148
0 0.322396 0.251852 0.027083 0.048148
0 0.791667 0.101852 0.027083 0.048148
0 0.266667 0.872222 0.027083 0.048148
0 0.508854 0.159259 0.027083 0.048148
0 0.443229 0.334259 0.027083 0.048148
0 0.657813 0.803704 0.027083 0.048148
0 0.295312 0.201852 0.027083 0.048148
0 0.358333 0.384259 0.027083 0.048148
0 0.283333 0.482407 0.027083 0.048148
0 0.310417 0.863889 0.027083 0.048148
0 0.774479 0.616667 0.027083 0.048148
0 0.457292 0.128704 0.027083 0.048148
0 0.758854 0.512963 0.027083 0.048148
0 0.545833 0.152778 0.027083 0.048148
0 0.678125 0.774074 0.027083 0.048148
0 0.784896 0.150926 0.027083 0.048148
0 0.752083 0.447222 0.027083 0.048148
0 0.645312 0.132407 0.027083 0.048148
0 0.706250 0.284259 0.027083 0.048148
0 0.253646 0.666667 0.027083 0.048148
0 0.259896 0.763889 0.027083 0.048148
0 0.234375 0.361111 0.027083 0.048148
0 0.443750 0.172222 0.027083 0.048148
0 0.247917 0.570370 0.027083 0.048148
0 0.623437 0.845370 0.027083 0.048148
0 0.340625 0.233333 0.027083 0.048148
0 0.621875 0.136111 0.027083 0.048148
0 0.228125 0.260185 0.027083 0.048148
0 0.300521 0.599074 0.027083 0.048148
0 0.673958 0.432407 0.027083 0.048148
0 0.241667 0.473148 0.027083 0.048148
0 0.305729 0.765741 0.027083 0.048148
0 0.303646 0.691667 0.027083 0.048148
0 0.266667 0.391667 0.027083 0.048148
0 0.550000 0.462963 0.027083 0.048148
0 0.262500 0.804630 0.027083 0.048148
0 0.782813 0.767593 0.027083 0.048148
