0 0.356250 0.814815 0.027083 0.048148
0 0.235937 0.660185 0.027083 0.048148
0 0.407292 0.822222 0.027083 0.048148
0 0.618229 0.844444 0.027083 0.048148
0 0.304167 0.811111 0.027083 0.048148
0 0.185417 0.773148 0.027083 0.048148
0 0.320312 0.587037 0.027083 0.048148
0 0.513021 0.834259 0.027083 0.048148
0 0.553125 0.085185 0.027083 0.048148
0 0.404687 0.065741 0.027083 0.048148
0 0.322917 0.235185 0.027083 0.048148
0 0.225000 0.681481 0.027083 0.048148
0 0.390625 0.860185 0.027083 0.048148
0 0.219792 0.562037 0.027083 0.048148
0 0.169792 0.191667 0.027083 0.048148
0 0.439583 0.558333 0.027083 0.048148
0 0.488021 0.212037 0.027083 0.048148
0 0.513542 0.287037 0.027083 0.048148
0 0.461979 0.824074 0.027083 0.048148
0 0.450000 0.265741 0.027083 0.048148
0 0.538021 0.876852 0.027083 0.048148
0 0.511979 0.078704 0.027083 0.048148
0 0.350000 0.468519 0.027083 0.048148
0 0.143229 0.191667 0.027083 0.048148
0 0.288542 0.775926 0.027083 0.048148
0 0.570833 0.228704 0.027083 0.048148
0 0.408854 0.235185 0.027083 0.048148
0 0.397917 0.303704 0.027083 0.048148
0 0.625000 0.632407 0.027083 0.048148
0 0.267188 0.294444 0.027083 0.048148
0 0.223958 0.364815 0.027083 0.048148
0 0.379167 0.292593 0.027083 0.048148
0 0.413542 0.206481 0.027083 0.048148
0 0.546875 0.226852 0.027083 0.048148
0 0.233854 0.740741 0.027083 0.048148
0 0.235937 0.614815 0.027083 0.048148
0 0.581250 0.913889 0.027083 0.048148
0 0.219792 0.480556 0.027083 0.048148
0 0.367708 0.672222 0.027083 0.048148
0 0.353125 0.893519 0.027083 0.048148
0 0.166146 0.737037 0.027083 0.048148
0 0.172917 0.433333 0.027083 0.048148
0 0.540104 0.625000 0.027083 0.048148
0 0.394271 0.644444 0.027083 0.048148
0 0.235417 0.138889 0.027083 0.048148
0 0.228125 0.243519 0.027083 0.048148
0 0.720833 0.164815 0.027083 0.048148
0 0.508333 0.476852 0.027083 0.048148
0 0.386458 0.062963 0.027083 0.048148
