0 0.289062 0.059259 0.027083 0.048148
0 0.238021 0.600000 0.027083 0.048148
0 0.281250 0.149074 0.027083 0.048148
0 0.271354 0.237963 0.027083 0.048148
0 0.261979 0.333333 0.027083 0.048148
0 0.244792 0.511111 0.027083 0.048148
0 0.253646 0.419444 0.027083 0.048148
0 0.639062 0.712037 0.027083 0.048148
0 0.692708 0.578704 0.027083 0.048148
0 0.692187 0.375000 0.027083 0.048148
0 0.268750 0.529630 0.027083 0.048148
0 0.760417 0.250926 0.027083 0.048148
0 0.703646 0.546296 0.027083 0.048148
0 0.295312 0.257407 0.027083 0.048148
0 0.230729 0.642593 0.027083 0.048148
0 0.344271 0.095370 0.027083 0.048148
0 0.730208 0.338889 0.027083 0.048148
0 0.715625 0.366667 0.027083 0.048148
0 0.379167 0.644444 0.027083 0.048148
0 0.567708 0.141667 0.027083 0.048148
0 0.228646 0.300926 0.027083 0.048148
0 0.756771 0.295370 0.027083 0.048148
0 0.284896 0.352778 0.027083 0.048148
0 0.774479 0.160185 0.027083 0.048148
0 0.268229 0.037963 0.027083 0.048148
0 0.429688 0.661111 0.027083 0.048148
0 0.359375 0.661111 0.027083 0.048148
0 0.566146 0.100926 0.027083 0.048148
0 0.784375 0.468519 0.027083 0.048148
0 0.713542 0.744444 0.027083 0.048148
0 0.401042 0.264815 0.027083 0.048148
0 0.699479 0.349074 0.027083 0.048148
0 0.199479 0.320370 0.027083 0.048148
0 0.710938 0.405556 0.027083 0.048148
0 0.547396 0.132407 0.027083 0.048148
0 0.500521 0.078704 0.027083 0.048148
0 0.333333 0.655556 0.027083 0.048148
0 0.318750 0.366667 0.027083 0.048148
0 0.332292 0.073148 0.027083 0.048148
0 0.313021 0.606481 0.027083 0.048148
0 0.556771 0.694444 0.027083 0.048148
0 0.363542 0.400926 0.027083 0.048148
0 0.715104 0.237037 0.027083 0.048148
0 0.480729 0.050926 0.027083 0.048148
0 0.546354 0.095370 0.027083 0.048148
0 0.605729 0.481481 0.027083 0.048148
0 0.679167 0.419444 0.027083 0.048148
0 0.673958 0.729630 0.027083 0.048148
0 0.619792 0.155556 0.027083 0.048148
