0 0.623437 0.539815 0.027083 0.048148
0 0.523438 0.803704 0.027083 0.048148
0 0.848958 0.812963 0.027083 0.048148
0 0.566146 0.384259 0.027083 0.048148
0 0.358854 0.525926 0.027083 0.048148
0 0.372396 0.687963 0.027083 0.048148
0 0.367188 0.550926 0.027083 0.048148
0 0.639062 0.523148 0.027083 0.048148
0 0.622917 0.887963 0.027083 0.048148
0 0.450521 0.914815 0.027083 0.048148
0 0.796354 0.544444 0.027083 0.048148
0 0.410938 0.892593 0.027083 0.048148
0 0.336979 0.319444 0.027083 0.048148
0 0.672917 0.282407 0.027083 0.048148
0 0.650000 0.460185 0.027083 0.048148
0 0.650521 0.649074 0.027083 0.048148
0 0.600000 0.912037 0.027083 0.048148
0 0.578125 0.425000 0.027083 0.048148
0 0.721875 0.796296 0.027083 0.048148
0 0.622396 0.349074 0.027083 0.048148
0 0.275521 0.784259 0.027083 0.048148
0 0.434375 0.914815 0.027083 0.048148
0 0.632292 0.283333 0.027083 0.048148
0 0.444271 0.541667 0.027083 0.048148
0 0.580729 0.912963 0.027083 0.048148
0 0.562500 0.093519 0.027083 0.048148
0 0.375000 0.798148 0.027083 0.048148
0 0.537500 0.542593 0.027083 0.048148
0 0.383333 0.352778 0.027083 0.048148
0 0.394792 0.430556 0.027083 0.048148
0 0.414062 0.312963 0.027083 0.048148
0 0.581771 0.494444 0.027083 0.048148
0 0.340104 0.431481 0.027083 0.048148
0 0.535417 0.354630 0.027083 0.048148
0 0.863542 0.187037 0.027083 0.048148
0 0.618750 0.944444 0.027083 0.048148
0 0.882812 0.592593 0.027083 0.048148
0 0.882812 0.407407 0.027083 0.048148
0 0.881771 0.219444 0.027083 0.048148
0 0.881771 0.155556 0.027083 0.048148
0 0.293750 0.762963 0.027083 0.048148
0 0.697396 0.249074 0.027083 0.048148
0 0.416667 0.948148 0.027083 0.048148
0 0.223958 0.120370 0.027083 0.048148
0 0.098958 0.495370 0.027083 0.048148
0 0.098958 0.629630 0.027083 0.048148
0 0.506771 0.766667 0.027083 0.048148
0 0.870313 0.612037 0.027083 0.048148
0 0.869271 0.237963 0.027083 0.048148
