0 0.369792 0.441667 0.027083 0.048148
0 0.246875 0.749074 0.027083 0.048148
0 0.379688 0.560185 0.027083 0.048148
0 0.251042 0.259259 0.027083 0.048148
0 0.248438 0.535185 0.027083 0.048148
0 0.250000 0.359259 0.027083 0.048148
0 0.249479 0.455556 0.027083 0.048148
0 0.247917 0.606481 0.027083 0.048148
0 0.368750 0.325000 0.027083 0.048148
0 0.246875 0.681481 0.027083 0.048148
0 0.378125 0.674074 0.027083 0.048148
0 0.561979 0.617593 0.027083 0.048148
0 0.339583 0.449074 0.027083 0.048148
0 0.389062 0.304630 0.027083 0.048148
0 0.414062 0.558333 0.027083 0.048148
0 0.308333 0.215741 0.027083 0.048148
0 0.354167 0.387963 0.027083 0.048148
0 0.656771 0.350000 0.027083 0.048148
0 0.576562 0.223148 0.027083 0.048148
0 0.268750 0.644444 0.027083 0.048148
0 0.733854 0.761111 0.027083 0.048148
0 0.270313 0.571296 0.027083 0.048148
0 0.431771 0.557407 0.027083 0.048148
0 0.279687 0.229630 0.027083 0.048148
0 0.621354 0.314815 0.027083 0.048148
0 0.299479 0.520370 0.027083 0.048148
0 0.268750 0.496296 0.027083 0.048148
0 0.363021 0.524074 0.027083 0.048148
0 0.739062 0.230556 0.027083 0.048148
0 0.722917 0.330556 0.027083 0.048148
0 0.339062 0.322222 0.027083 0.048148
0 0.497396 0.223148 0.027083 0.048148
0 0.459375 0.402778 0.027083 0.048148
0 0.330208 0.346296 0.027083 0.048148
0 0.401562 0.257407 0.027083 0.048148
0 0.378646 0.282407 0.027083 0.048148
0 0.407292 0.350000 0.027083 0.048148
0 0.278646 0.387963 0.027083 0.048148
0 0.271354 0.720370 0.027083 0.048148
0 0.457813 0.560185 0.027083 0.048148
0 0.635417 0.248148 0.027083 0.048148
0 0.428646 0.322222 0.027083 0.048148
0 0.656771 0.397222 0.027083 0.048148
0 0.413021 0.283333 0.027083 0.048148
0 0.463542 0.217593 0.027083 0.048148
0 0.492708 0.559259 0.027083 0.048148
0 0.668229 0.243519 0.027083 0.048148
0 0.539583 0.709259 0.027083 0.048148
0 0.431250 0.127778 0.027083 0.048148
