0 0.465625 0.805556 0.027083 0.048148
0 0.227083 0.703704 0.027083 0.048148
0 0.325521 0.659259 0.027083 0.048148
0 0.536458 0.403704 0.027083 0.048148
0 0.583333 0.569444 0.027083 0.048148
0 0.323958 0.498148 0.027083 0.048148
0 0.348438 0.870370 0.027083 0.048148
0 0.386979 0.900000 0.027083 0.048148
0 0.370833 0.896296 0.027083 0.048148
0 0.533854 0.930556 0.027083 0.048148
0 0.515104 0.925000 0.027083 0.048148
0 0.752604 0.610185 0.027083 0.048148
0 0.601042 0.680556 0.027083 0.048148
0 0.316667 0.288889 0.027083 0.048148
0 0.615104 0.494444 0.027083 0.048148
0 0.648958 0.325000 0.027083 0.048148
0 0.320833 0.768519 0.027083 0.048148
0 0.609896 0.318519 0.027083 0.048148
0 0.596354 0.423148 0.027083 0.048148
0 0.598958 0.555556 0.027083 0.048148
0 0.544271 0.513889 0.027083 0.048148
0 0.558333 0.911111 0.027083 0.048148
0 0.355729 0.505556 0.027083 0.048148
0 0.596354 0.379630 0.027083 0.048148
0 0.390625 0.299074 0.027083 0.048148
0 0.451562 0.766667 0.027083 0.048148
0 0.352083 0.926852 0.027083 0.048148
0 0.550521 0.964815 0.027083 0.048148
0 0.449479 0.588889 0.027083 0.048148
0 0.498958 0.550000 0.027083 0.048148
0 0.677083 0.297222 0.027083 0.048148
0 0.347396 0.679630 0.027083 0.048148
0 0.322917 0.737963 0.027083 0.048148
0 0.407813 0.660185 0.027083 0.048148
0 0.366146 0.653704 0.027083 0.048148
0 0.636458 0.428704 0.027083 0.048148
0 0.191667 0.490741 0.027083 0.048148
0 0.330729 0.575000 0.027083 0.048148
0 0.460417 0.343519 0.027083 0.048148
0 0.591667 0.831481 0.027083 0.048148
0 0.310937 0.397222 0.027083 0.048148
0 0.499479 0.890741 0.027083 0.048148
0 0.330208 0.525000 0.027083 0.048148
0 0.500521 0.298148 0.027083 0.048148
0 0.354167 0.345370 0.027083 0.048148
0 0.325000 0.244444 0.027083 0.048148
0 0.611979 0.403704 0.027083 0.048148
0 0.509896 0.366667 0.027083 0.048148
0 0.405729 0.529630 0.027083 0.048148
