0 0.632812 0.802778 0.027083 0.048148
0 0.550521 0.540741 0.027083 0.048148
0 0.536979 0.511111 0.027083 0.048148
0 0.656771 0.822222 0.027083 0.048148
0 0.657292 0.260185 0.027083 0.048148
0 0.539583 0.793519 0.027083 0.048148
0 0.609375 0.262963 0.027083 0.048148
0 0.574479 0.843519 0.027083 0.048148
0 0.656250 0.369444 0.027083 0.048148
0 0.578125 0.345370 0.027083 0.048148
0 0.614062 0.778704 0.027083 0.048148
0 0.501563 0.425926 0.027083 0.048148
0 0.698438 0.358333 0.027083 0.048148
0 0.490104 0.895370 0.027083 0.048148
0 0.610417 0.827778 0.027083 0.048148
0 0.639583 0.228704 0.027083 0.048148
0 0.623958 0.866667 0.027083 0.048148
0 0.647917 0.326852 0.027083 0.048148
0 0.620313 0.337037 0.027083 0.048148
0 0.319271 0.363889 0.027083 0.048148
0 0.357292 0.720370 0.027083 0.048148
0 0.668229 0.304630 0.027083 0.048148
0 0.565104 0.272222 0.027083 0.048148
0 0.311979 0.272222 0.027083 0.048148
0 0.665104 0.224074 0.027083 0.048148
0 0.473958 0.900000 0.027083 0.048148
0 0.685937 0.219444 0.027083 0.048148
0 0.557813 0.819444 0.027083 0.048148
0 0.643229 0.862037 0.027083 0.048148
0 0.797396 0.554630 0.027083 0.048148
0 0.354167 0.841667 0.027083 0.048148
0 0.398958 0.885185 0.027083 0.048148
0 0.406250 0.252778 0.027083 0.048148
0 0.682813 0.657407 0.027083 0.048148
0 0.748437 0.262963 0.027083 0.048148
0 0.547396 0.236111 0.027083 0.048148
0 0.702604 0.468519 0.027083 0.048148
0 0.467708 0.247222 0.027083 0.048148
0 0.522917 0.825926 0.027083 0.048148
0 0.672917 0.343519 0.027083 0.048148
0 0.836458 0.754630 0.027083 0.048148
0 0.431250 0.184259 0.027083 0.048148
0 0.564583 0.319444 0.027083 0.048148
0 0.553646 0.157407 0.027083 0.048148
0 0.323958 0.459259 0.027083 0.048148
0 0.552083 0.429630 0.027083 0.048148
0 0.750521 0.409259 0.027083 0.048148
0 0.293229 0.301852 0.027083 0.048148
0 0.840104 0.440741 0.027083 0.048148
