0 0.256250 0.290741 0.027083 0.048148
0 0.250521 0.780556 0.027083 0.048148
0 0.686458 0.512037 0.027083 0.048148
0 0.254167 0.491667 0.027083 0.048148
0 0.253125 0.585185 0.027083 0.048148
0 0.252604 0.679630 0.027083 0.048148
0 0.255208 0.398148 0.027083 0.048148
0 0.256771 0.190741 0.027083 0.048148
0 0.735938 0.182407 0.027083 0.048148
0 0.782292 0.183333 0.027083 0.048148
0 0.688021 0.571296 0.027083 0.048148
0 0.227604 0.812037 0.027083 0.048148
0 0.606771 0.828704 0.027083 0.048148
0 0.505208 0.178704 0.027083 0.048148
0 0.779167 0.314815 0.027083 0.048148
0 0.459375 0.139815 0.027083 0.048148
0 0.325521 0.224074 0.027083 0.048148
0 0.278646 0.521296 0.027083 0.048148
0 0.270833 0.812963 0.027083 0.048148
0 0.299479 0.175926 0.027083 0.048148
0 0.435937 0.112037 0.027083 0.048148
0 0.640104 0.181481 0.027083 0.048148
0 0.648958 0.474074 0.027083 0.048148
0 0.664583 0.491667 0.027083 0.048148
0 0.229167 0.553704 0.027083 0.048148
0 0.629687 0.802778 0.027083 0.048148
0 0.227604 0.747222 0.027083 0.048148
0 0.542708 0.180556 0.027083 0.048148
0 0.469792 0.862037 0.027083 0.048148
0 0.269271 0.444444 0.027083 0.048148
0 0.230729 0.175926 0.027083 0.048148
0 0.274479 0.644444 0.027083 0.048148
0 0.228646 0.646296 0.027083 0.048148
0 0.721875 0.507407 0.027083 0.048148
0 0.228125 0.710185 0.027083 0.048148
0 0.229687 0.461111 0.027083 0.048148
0 0.526563 0.815741 0.027083 0.048148
0 0.228646 0.613889 0.027083 0.048148
0 0.572917 0.861111 0.027083 0.048148
0 0.271354 0.742593 0.027083 0.048148
0 0.730208 0.819444 0.027083 0.048148
0 0.230208 0.368519 0.027083 0.048148
0 0.230729 0.260185 0.027083 0.048148
0 0.700000 0.182407 0.027083 0.048148
0 0.680208 0.206481 0.027083 0.048148
0 0.359375 0.591667 0.027083 0.048148
0 0.231250 0.219444 0.027083 0.048148
0 0.229167 0.521296 0.027083 0.048148
0 0.560937 0.179630 0.027083 0.048148
