0 0.632292 0.871296 0.027083 0.048148
0 0.551042 0.581481 0.027083 0.048148
0 0.655729 0.893519 0.027083 0.048148
0 0.567187 0.909259 0.027083 0.048148
0 0.676042 0.288889 0.027083 0.048148
0 0.539062 0.549074 0.027083 0.048148
0 0.717187 0.395370 0.027083 0.048148
0 0.684375 0.250926 0.027083 0.048148
0 0.818229 0.621296 0.027083 0.048148
0 0.671354 0.405556 0.027083 0.048148
0 0.303646 0.263889 0.027083 0.048148
0 0.587500 0.371296 0.027083 0.048148
0 0.308333 0.365741 0.027083 0.048148
0 0.406771 0.254630 0.027083 0.048148
0 0.552083 0.881481 0.027083 0.048148
0 0.476042 0.954630 0.027083 0.048148
0 0.665104 0.361111 0.027083 0.048148
0 0.611979 0.843519 0.027083 0.048148
0 0.533854 0.851852 0.027083 0.048148
0 0.618750 0.937037 0.027083 0.048148
0 0.502083 0.450000 0.027083 0.048148
0 0.626563 0.288889 0.027083 0.048148
0 0.378125 0.937963 0.027083 0.048148
0 0.433854 0.187037 0.027083 0.048148
0 0.567708 0.170370 0.027083 0.048148
0 0.689063 0.724074 0.027083 0.048148
0 0.710938 0.784259 0.027083 0.048148
0 0.337500 0.751852 0.027083 0.048148
0 0.708854 0.248148 0.027083 0.048148
0 0.329688 0.887037 0.027083 0.048148
0 0.686979 0.339815 0.027083 0.048148
0 0.313542 0.576852 0.027083 0.048148
0 0.657292 0.254630 0.027083 0.048148
0 0.310417 0.469444 0.027083 0.048148
0 0.718750 0.518519 0.027083 0.048148
0 0.405729 0.396296 0.027083 0.048148
0 0.322917 0.785185 0.027083 0.048148
0 0.609896 0.897222 0.027083 0.048148
0 0.318750 0.679630 0.027083 0.048148
0 0.421875 0.792593 0.027083 0.048148
0 0.527604 0.174074 0.027083 0.048148
0 0.576042 0.296296 0.027083 0.048148
0 0.497396 0.363889 0.027083 0.048148
0 0.359375 0.334259 0.027083 0.048148
0 0.472396 0.253704 0.027083 0.048148
0 0.688542 0.382407 0.027083 0.048148
0 0.633854 0.370370 0.027083 0.048148
0 0.829688 0.582407 0.027083 0.048148
0 0.457292 0.958333 0.027083 0.048148
