0 0.560937 0.462963 0.027083 0.048148
0 0.496354 0.309259 0.027083 0.048148
0 0.291667 0.497222 0.027083 0.048148
0 0.211458 0.733333 0.027083 0.048148
0 0.399479 0.875000 0.027083 0.048148
0 0.576042 0.822222 0.027083 0.048148
0 0.469792 0.749074 0.027083 0.048148
0 0.560417 0.192593 0.027083 0.048148
0 0.282813 0.473148 0.027083 0.048148
0 0.358854 0.856481 0.027083 0.048148
0 0.585938 0.375000 0.027083 0.048148
0 0.742708 0.442593 0.027083 0.048148
0 0.510938 0.341667 0.027083 0.048148
0 0.308333 0.646296 0.027083 0.048148
0 0.625000 0.150000 0.027083 0.048148
0 0.254167 0.272222 0.027083 0.048148
0 0.533854 0.854630 0.027083 0.048148
0 0.555208 0.850926 0.027083 0.048148
0 0.556771 0.260185 0.027083 0.048148
0 0.263542 0.387963 0.027083 0.048148
0 0.382812 0.877778 0.027083 0.048148
0 0.335938 0.252778 0.027083 0.048148
0 0.314063 0.734259 0.027083 0.048148
0 0.577604 0.439815 0.027083 0.048148
0 0.314583 0.763889 0.027083 0.048148
0 0.602604 0.186111 0.027083 0.048148
0 0.572396 0.887037 0.027083 0.048148
0 0.568750 0.120370 0.027083 0.048148
0 0.365625 0.912037 0.027083 0.048148
0 0.350521 0.626852 0.027083 0.048148
0 0.445833 0.213889 0.027083 0.048148
0 0.472917 0.475926 0.027083 0.048148
0 0.599479 0.254630 0.027083 0.048148
0 0.166146 0.530556 0.027083 0.048148
0 0.384896 0.145370 0.027083 0.048148
0 0.595313 0.570370 0.027083 0.048148
0 0.318750 0.381481 0.027083 0.048148
0 0.666667 0.187037 0.027083 0.048148
0 0.377604 0.487037 0.027083 0.048148
0 0.450000 0.718519 0.027083 0.048148
0 0.315625 0.476852 0.027083 0.048148
0 0.303646 0.560185 0.027083 0.048148
0 0.150000 0.525926 0.027083 0.048148
0 0.331250 0.664815 0.027083 0.048148
0 0.410417 0.275000 0.027083 0.048148
0 0.602083 0.729630 0.027083 0.048148
0 0.461979 0.279630 0.027083 0.048148
0 0.258854 0.223148 0.027083 0.048148
0 0.509896 0.743519 0.027083 0.048148
