0 0.379688 0.412963 0.027083 0.048148
0 0.375000 0.284259 0.027083 0.048148
0 0.392708 0.537037 0.027083 0.048148
0 0.346875 0.422222 0.027083 0.048148
0 0.394271 0.662963 0.027083 0.048148
0 0.896875 0.437037 0.027083 0.048148
0 0.250000 0.754630 0.027083 0.048148
0 0.428646 0.533333 0.027083 0.048148
0 0.247396 0.521296 0.027083 0.048148
0 0.597917 0.161111 0.027083 0.048148
0 0.450521 0.531481 0.027083 0.048148
0 0.396875 0.264815 0.027083 0.048148
0 0.307812 0.171296 0.027083 0.048148
0 0.277604 0.355556 0.027083 0.048148
0 0.243750 0.220370 0.027083 0.048148
0 0.159375 0.552778 0.027083 0.048148
0 0.244792 0.329630 0.027083 0.048148
0 0.247917 0.599074 0.027083 0.048148
0 0.246354 0.434259 0.027083 0.048148
0 0.409375 0.205556 0.027083 0.048148
0 0.783854 0.734259 0.027083 0.048148
0 0.175000 0.560185 0.027083 0.048148
0 0.477083 0.158333 0.027083 0.048148
0 0.385937 0.238889 0.027083 0.048148
0 0.517188 0.166667 0.027083 0.048148
0 0.591667 0.587963 0.027083 0.048148
0 0.248958 0.680556 0.027083 0.048148
0 0.759896 0.266667 0.027083 0.048148
0 0.271354 0.559259 0.027083 0.048148
0 0.457813 0.268519 0.027083 0.048148
0 0.334375 0.311111 0.027083 0.048148
0 0.359896 0.350926 0.027083 0.048148
0 0.690625 0.289815 0.027083 0.048148
0 0.385417 0.340741 0.027083 0.048148
0 0.280208 0.187037 0.027083 0.048148
0 0.305208 0.500000 0.027083 0.048148
0 0.737500 0.350926 0.027083 0.048148
0 0.276042 0.721296 0.027083 0.048148
0 0.369271 0.697222 0.027083 0.048148
0 0.477083 0.532407 0.027083 0.048148
0 0.260937 0.170370 0.027083 0.048148
0 0.364583 0.262037 0.027083 0.048148
0 0.270833 0.639815 0.027083 0.048148
0 0.374479 0.500000 0.027083 0.048148
0 0.696875 0.715741 0.027083 0.048148
0 0.267188 0.477778 0.027083 0.048148
0 0.691667 0.656481 0.027083 0.048148
0 0.176563 0.901852 0.027083 0.048148
0 0.455729 0.300926 0.027083 0.048148
