0 0.184896 0.212037 0.027083 0.048148
0 0.210938 0.791667 0.027083 0.048148
0 0.189062 0.309259 0.027083 0.048148
0 0.192708 0.405556 0.027083 0.048148
0 0.205729 0.698148 0.027083 0.048148
0 0.201563 0.600000 0.027083 0.048148
0 0.196875 0.507407 0.027083 0.048148
0 0.642188 0.722222 0.027083 0.048148
0 0.696875 0.186111 0.027083 0.048148
0 0.682813 0.521296 0.027083 0.048148
0 0.679688 0.294444 0.027083 0.048148
0 0.700521 0.239815 0.027083 0.048148
0 0.244792 0.225000 0.027083 0.048148
0 0.706771 0.364815 0.027083 0.048148
0 0.259375 0.512963 0.027083 0.048148
0 0.419271 0.766667 0.027083 0.048148
0 0.330729 0.448148 0.027083 0.048148
0 0.201563 0.553704 0.027083 0.048148
0 0.689583 0.337963 0.027083 0.048148
0 0.675000 0.555556 0.027083 0.048148
0 0.321875 0.304630 0.027083 0.048148
0 0.365104 0.773148 0.027083 0.048148
0 0.189583 0.812963 0.027083 0.048148
0 0.669271 0.374074 0.027083 0.048148
0 0.334375 0.106481 0.027083 0.048148
0 0.503646 0.161111 0.027083 0.048148
0 0.474479 0.125926 0.027083 0.048148
0 0.722396 0.722222 0.027083 0.048148
0 0.481250 0.165741 0.027083 0.048148
0 0.639583 0.138889 0.027083 0.048148
0 0.467708 0.758333 0.027083 0.048148
0 0.676042 0.234259 0.027083 0.048148
0 0.584375 0.609259 0.027083 0.048148
0 0.702604 0.089815 0.027083 0.048148
0 0.318750 0.804630 0.027083 0.048148
0 0.219792 0.474074 0.027083 0.048148
0 0.709375 0.418519 0.027083 0.048148
0 0.236979 0.768519 0.027083 0.048148
0 0.289062 0.704630 0.027083 0.048148
0 0.130208 0.518519 0.027083 0.048148
0 0.453646 0.853704 0.027083 0.048148
0 0.674479 0.189815 0.027083 0.048148
0 0.513021 0.750000 0.027083 0.048148
0 0.209375 0.838889 0.027083 0.048148
0 0.341146 0.147222 0.027083 0.048148
0 0.266146 0.201852 0.027083 0.048148
0 0.452604 0.167593 0.027083 0.048148
0 0.552604 0.355556 0.027083 0.048148
0 0.714583 0.516667 0.027083 0.048148
