0 0.242708 0.690741 0.027083 0.048148
0 0.394271 0.318519 0.027083 0.048148
0 0.736458 0.292593 0.027083 0.048148
0 0.410938 0.348148 0.027083 0.048148
0 0.221875 0.752778 0.027083 0.048148
0 0.253646 0.174074 0.027083 0.048148
0 0.216146 0.562963 0.027083 0.048148
0 0.257292 0.535185 0.027083 0.048148
0 0.716667 0.478704 0.027083 0.048148
0 0.515104 0.405556 0.027083 0.048148
0 0.427083 0.312037 0.027083 0.048148
0 0.242708 0.270370 0.027083 0.048148
0 0.578646 0.339815 0.027083 0.048148
0 0.231771 0.380556 0.027083 0.048148
0 0.205729 0.646296 0.027083 0.048148
0 0.311458 0.327778 0.027083 0.048148
0 0.248438 0.638889 0.027083 0.048148
0 0.445833 0.375926 0.027083 0.048148
0 0.260937 0.491667 0.027083 0.048148
0 0.511458 0.314815 0.027083 0.048148
0 0.514583 0.456481 0.027083 0.048148
0 0.490104 0.686111 0.027083 0.048148
0 0.218750 0.688889 0.027083 0.048148
0 0.501042 0.354630 0.027083 0.048148
0 0.220833 0.488889 0.027083 0.048148
0 0.371354 0.574074 0.027083 0.048148
0 0.594271 0.367593 0.027083 0.048148
0 0.579688 0.426852 0.027083 0.048148
0 0.598958 0.316667 0.027083 0.048148
0 0.698438 0.542593 0.027083 0.048148
0 0.318750 0.289815 0.027083 0.048148
0 0.238542 0.528704 0.027083 0.048148
0 0.198437 0.726852 0.027083 0.048148
0 0.351562 0.557407 0.027083 0.048148
0 0.494271 0.449074 0.027083 0.048148
0 0.172396 0.755556 0.027083 0.048148
0 0.255208 0.347222 0.027083 0.048148
0 0.734896 0.493519 0.027083 0.048148
0 0.347396 0.226852 0.027083 0.048148
0 0.334375 0.332407 0.027083 0.048148
0 0.261979 0.232407 0.027083 0.048148
0 0.553646 0.328704 0.027083 0.048148
0 0.196354 0.522222 0.027083 0.048148
0 0.229687 0.441667 0.027083 0.048148
0 0.777604 0.304630 0.027083 0.048148
0 0.338542 0.675000 0.027083 0.048148
0 0.232813 0.650926 0.027083 0.048148
0 0.240104 0.334259 0.027083 0.048148
0 0.234375 0.132407 0.027083 0.048148
