0 0.252604 0.237037 0.027083 0.048148
0 0.608854 0.538889 0.027083 0.048148
0 0.511979 0.823148 0.027083 0.048148
0 0.599479 0.454630 0.027083 0.048148
0 0.243229 0.420370 0.027083 0.048148
0 0.248438 0.329630 0.027083 0.048148
0 0.234896 0.604630 0.027083 0.048148
0 0.592708 0.369444 0.027083 0.048148
0 0.238021 0.517593 0.027083 0.048148
0 0.675000 0.295370 0.027083 0.048148
0 0.230208 0.699074 0.027083 0.048148
0 0.522396 0.383333 0.027083 0.048148
0 0.454167 0.562037 0.027083 0.048148
0 0.476562 0.744444 0.027083 0.048148
0 0.562500 0.387963 0.027083 0.048148
0 0.381250 0.518519 0.027083 0.048148
0 0.503646 0.350926 0.027083 0.048148
0 0.722396 0.350926 0.027083 0.048148
0 0.708333 0.725000 0.027083 0.048148
0 0.371875 0.543519 0.027083 0.048148
0 0.700000 0.858333 0.027083 0.048148
0 0.228125 0.789815 0.027083 0.048148
0 0.427083 0.441667 0.027083 0.048148
0 0.363542 0.738889 0.027083 0.048148
0 0.544792 0.350926 0.027083 0.048148
0 0.372917 0.305556 0.027083 0.048148
0 0.369271 0.576852 0.027083 0.048148
0 0.495833 0.850926 0.027083 0.048148
0 0.709896 0.300926 0.027083 0.048148
0 0.296875 0.740741 0.027083 0.048148
0 0.600000 0.411111 0.027083 0.048148
0 0.289583 0.538889 0.027083 0.048148
0 0.579167 0.352778 0.027083 0.048148
0 0.664062 0.477778 0.027083 0.048148
0 0.622396 0.353704 0.027083 0.048148
0 0.697917 0.649074 0.027083 0.048148
0 0.486458 0.809259 0.027083 0.048148
0 0.383333 0.180556 0.027083 0.048148
0 0.556771 0.462963 0.027083 0.048148
0 0.438021 0.862037 0.027083 0.048148
0 0.371354 0.470370 0.027083 0.048148
0 0.613021 0.393519 0.027083 0.048148
0 0.667708 0.674074 0.027083 0.048148
0 0.335938 0.569444 0.027083 0.048148
0 0.310937 0.800926 0.027083 0.048148
0 0.580208 0.425000 0.027083 0.048148
0 0.360938 0.500000 0.027083 0.048148
0 0.604167 0.331481 0.027083 0.048148
0 0.480208 0.454630 0.027083 0.048148
