0 0.427083 0.399074 0.027083 0.048148
0 0.425521 0.522222 0.027083 0.048148
0 0.268229 0.673148 0.027083 0.048148
0 0.292708 0.453704 0.027083 0.048148
0 0.324479 0.169444 0.027083 0.048148
0 0.301563 0.370370 0.027083 0.048148
0 0.284375 0.525926 0.027083 0.048148
0 0.313021 0.273148 0.027083 0.048148
0 0.435417 0.273148 0.027083 0.048148
0 0.411458 0.639815 0.027083 0.048148
0 0.581250 0.212963 0.027083 0.048148
0 0.395833 0.396296 0.027083 0.048148
0 0.275000 0.603704 0.027083 0.048148
0 0.396875 0.158333 0.027083 0.048148
0 0.460417 0.531481 0.027083 0.048148
0 0.455208 0.306481 0.027083 0.048148
0 0.767708 0.850000 0.027083 0.048148
0 0.664062 0.241667 0.027083 0.048148
0 0.291146 0.706481 0.027083 0.048148
0 0.606250 0.642593 0.027083 0.048148
0 0.330729 0.122222 0.027083 0.048148
0 0.355208 0.146296 0.027083 0.048148
0 0.428125 0.299074 0.027083 0.048148
0 0.731771 0.400000 0.027083 0.048148
0 0.480729 0.538889 0.027083 0.048148
0 0.770833 0.475000 0.027083 0.048148
0 0.348958 0.462963 0.027083 0.048148
0 0.830729 0.305556 0.027083 0.048148
0 0.375521 0.723148 0.027083 0.048148
0 0.518229 0.294444 0.027083 0.048148
0 0.384375 0.139815 0.027083 0.048148
0 0.411979 0.481481 0.027083 0.048148
0 0.574479 0.730556 0.027083 0.048148
0 0.310417 0.495370 0.027083 0.048148
0 0.505208 0.549074 0.027083 0.048148
0 0.561979 0.200926 0.027083 0.048148
0 0.436458 0.482407 0.027083 0.048148
0 0.484375 0.275926 0.027083 0.048148
0 0.417708 0.337037 0.027083 0.048148
0 0.606250 0.734259 0.027083 0.048148
0 0.461979 0.262963 0.027083 0.048148
0 0.418750 0.442593 0.027083 0.048148
0 0.396875 0.287037 0.027083 0.048148
0 0.480208 0.323148 0.027083 0.048148
0 0.479687 0.218519 0.027083 0.048148
0 0.347396 0.207407 0.027083 0.048148
0 0.498958 0.354630 0.027083 0.048148
0 0.319271 0.225926 0.027083 0.048148
0 0.524479 0.097222 0.027083 0.048148
