0 0.250000 0.367593 0.027083 0.048148
0 0.290625 0.713889 0.027083 0.048148
0 0.297917 0.788889 0.027083 0.048148
0 0.269792 0.552778 0.027083 0.048148
0 0.258333 0.454630 0.027083 0.048148
0 0.281250 0.649074 0.027083 0.048148
0 0.336979 0.805556 0.027083 0.048148
0 0.306250 0.862037 0.027083 0.048148
0 0.425521 0.626852 0.027083 0.048148
0 0.718229 0.167593 0.027083 0.048148
0 0.722917 0.329630 0.027083 0.048148
0 0.495312 0.376852 0.027083 0.048148
0 0.677083 0.184259 0.027083 0.048148
0 0.490625 0.330556 0.027083 0.048148
0 0.321875 0.769444 0.027083 0.048148
0 0.313021 0.627778 0.027083 0.048148
0 0.572917 0.387963 0.027083 0.048148
0 0.394792 0.403704 0.027083 0.048148
0 0.324479 0.423148 0.027083 0.048148
0 0.553646 0.574074 0.027083 0.048148
0 0.318750 0.668519 0.027083 0.048148
0 0.276042 0.493519 0.027083 0.048148
0 0.449479 0.425000 0.027083 0.048148
0 0.511458 0.409259 0.027083 0.048148
0 0.280729 0.596296 0.027083 0.048148
0 0.338021 0.356481 0.027083 0.048148
0 0.570312 0.329630 0.027083 0.048148
0 0.384896 0.214815 0.027083 0.048148
0 0.529167 0.318519 0.027083 0.048148
0 0.376563 0.683333 0.027083 0.048148
0 0.654687 0.361111 0.027083 0.048148
0 0.547396 0.356481 0.027083 0.048148
0 0.270833 0.336111 0.027083 0.048148
0 0.429167 0.812963 0.027083 0.048148
0 0.565104 0.285185 0.027083 0.048148
0 0.707292 0.216667 0.027083 0.048148
0 0.551562 0.438889 0.027083 0.048148
0 0.606771 0.812963 0.027083 0.048148
0 0.483854 0.742593 0.027083 0.048148
0 0.314583 0.743519 0.027083 0.048148
0 0.381771 0.833333 0.027083 0.048148
0 0.296875 0.326852 0.027083 0.048148
0 0.595833 0.685185 0.027083 0.048148
0 0.388542 0.776852 0.027083 0.048148
0 0.736979 0.367593 0.027083 0.048148
0 0.288542 0.894444 0.027083 0.048148
0 0.416667 0.376852 0.027083 0.048148
0 0.486979 0.179630 0.027083 0.048148
0 0.321875 0.366667 0.027083 0.048148
