0 0.558854 0.216667 0.027083 0.048148
0 0.409375 0.249074 0.027083 0.048148
0 0.753125 0.307407 0.027083 0.048148
0 0.692187 0.125926 0.027083 0.048148
0 0.345313 0.156481 0.027083 0.048148
0 0.275521 0.629630 0.027083 0.048148
0 0.492708 0.530556 0.027083 0.048148
0 0.751042 0.163889 0.027083 0.048148
0 0.723437 0.286111 0.027083 0.048148
0 0.577604 0.690741 0.027083 0.048148
0 0.394792 0.496296 0.027083 0.048148
0 0.448958 0.515741 0.027083 0.048148
0 0.770312 0.286111 0.027083 0.048148
0 0.538542 0.547222 0.027083 0.048148
0 0.370833 0.550000 0.027083 0.048148
0 0.794271 0.293519 0.027083 0.048148
0 0.633333 0.240741 0.027083 0.048148
0 0.664583 0.250926 0.027083 0.048148
0 0.738021 0.713889 0.027083 0.048148
0 0.687500 0.813889 0.027083 0.048148
0 0.365625 0.837963 0.027083 0.048148
0 0.267188 0.675926 0.027083 0.048148
0 0.737500 0.831481 0.027083 0.048148
0 0.580208 0.223148 0.027083 0.048148
0 0.382292 0.590741 0.027083 0.048148
0 0.511458 0.128704 0.027083 0.048148
0 0.323437 0.137963 0.027083 0.048148
0 0.829167 0.390741 0.027083 0.048148
0 0.883854 0.465741 0.027083 0.048148
0 0.513542 0.752778 0.027083 0.048148
0 0.383333 0.906481 0.027083 0.048148
0 0.843229 0.364815 0.027083 0.048148
0 0.397396 0.623148 0.027083 0.048148
0 0.342187 0.468519 0.027083 0.048148
0 0.901042 0.245370 0.027083 0.048148
0 0.483333 0.953704 0.027083 0.048148
0 0.202604 0.787037 0.027083 0.048148
0 0.201563 0.089815 0.027083 0.048148
0 0.518750 0.912963 0.027083 0.048148
0 0.894792 0.443519 0.027083 0.048148
0 0.645833 0.083333 0.027083 0.048148
0 0.870313 0.487037 0.027083 0.048148
0 0.799479 0.915741 0.027083 0.048148
0 0.911979 0.267593 0.027083 0.048148
0 0.849479 0.281481 0.027083 0.048148
0 0.469792 0.483333 0.027083 0.048148
0 0.416667 0.506481 0.027083 0.048148
0 0.436979 0.254630 0.027083 0.048148
0 0.853646 0.342593 0.027083 0.048148
