0 0.309896 0.572222 0.027083 0.048148
0 0.277604 0.450000 0.027083 0.048148
0 0.342708 0.797222 0.027083 0.048148
0 0.556250 0.820370 0.027083 0.048148
0 0.267708 0.385185 0.027083 0.048148
0 0.292708 0.515741 0.027083 0.048148
0 0.651563 0.786111 0.027083 0.048148
0 0.435417 0.900000 0.027083 0.048148
0 0.330729 0.513889 0.027083 0.048148
0 0.606771 0.804630 0.027083 0.048148
0 0.366667 0.886111 0.027083 0.048148
0 0.301563 0.355556 0.027083 0.048148
0 0.572396 0.852778 0.027083 0.048148
0 0.592187 0.227778 0.027083 0.048148
0 0.358854 0.730556 0.027083 0.048148
0 0.566146 0.361111 0.027083 0.048148
0 0.329167 0.358333 0.027083 0.048148
0 0.387500 0.325926 0.027083 0.048148
0 0.344792 0.550926 0.027083 0.048148
0 0.310937 0.489815 0.027083 0.048148
0 0.595313 0.846296 0.027083 0.048148
0 0.410938 0.865741 0.027083 0.048148
0 0.328646 0.695370 0.027083 0.048148
0 0.393750 0.884259 0.027083 0.048148
0 0.417187 0.906481 0.027083 0.048148
0 0.297396 0.439815 0.027083 0.048148
0 0.255729 0.853704 0.027083 0.048148
0 0.538542 0.599074 0.027083 0.048148
0 0.625521 0.241667 0.027083 0.048148
0 0.231250 0.624074 0.027083 0.048148
0 0.211458 0.435185 0.027083 0.048148
0 0.239063 0.699074 0.027083 0.048148
0 0.221875 0.537963 0.027083 0.048148
0 0.375521 0.365741 0.027083 0.048148
0 0.562500 0.170370 0.027083 0.048148
0 0.317708 0.325000 0.027083 0.048148
0 0.341146 0.386111 0.027083 0.048148
0 0.615104 0.876852 0.027083 0.048148
0 0.247917 0.779630 0.027083 0.048148
0 0.639583 0.644444 0.027083 0.048148
0 0.391667 0.786111 0.027083 0.048148
0 0.370312 0.690741 0.027083 0.048148
0 0.200521 0.326852 0.027083 0.048148
0 0.172396 0.591667 0.027083 0.048148
0 0.402083 0.944444 0.027083 0.048148
0 0.504167 0.259259 0.027083 0.048148
0 0.168229 0.553704 0.027083 0.048148
0 0.326562 0.165741 0.027083 0.048148
0 0.348438 0.623148 0.027083 0.048148
