0 0.406250 0.586111 0.027083 0.048148
0 0.403646 0.453704 0.027083 0.048148
0 0.363542 0.188889 0.027083 0.048148
0 0.411979 0.315741 0.027083 0.048148
0 0.742188 0.420370 0.027083 0.048148
0 0.428125 0.346296 0.027083 0.048148
0 0.442708 0.593519 0.027083 0.048148
0 0.394792 0.717593 0.027083 0.048148
0 0.369792 0.451852 0.027083 0.048148
0 0.454167 0.245370 0.027083 0.048148
0 0.531250 0.215741 0.027083 0.048148
0 0.500000 0.329630 0.027083 0.048148
0 0.348958 0.167593 0.027083 0.048148
0 0.317188 0.182407 0.027083 0.048148
0 0.357292 0.817593 0.027083 0.048148
0 0.367708 0.333333 0.027083 0.048148
0 0.399479 0.342593 0.027083 0.048148
0 0.467187 0.599074 0.027083 0.048148
0 0.796875 0.913889 0.027083 0.048148
0 0.657292 0.257407 0.027083 0.048148
0 0.260417 0.808333 0.027083 0.048148
0 0.366146 0.746296 0.027083 0.048148
0 0.783854 0.499074 0.027083 0.048148
0 0.400521 0.282407 0.027083 0.048148
0 0.416667 0.377778 0.027083 0.048148
0 0.275000 0.571296 0.027083 0.048148
0 0.385937 0.215741 0.027083 0.048148
0 0.420312 0.259259 0.027083 0.048148
0 0.588542 0.772222 0.027083 0.048148
0 0.658333 0.887963 0.027083 0.048148
0 0.321354 0.530556 0.027083 0.048148
0 0.706250 0.867593 0.027083 0.048148
0 0.493229 0.607407 0.027083 0.048148
0 0.577604 0.241667 0.027083 0.048148
0 0.613542 0.802778 0.027083 0.048148
0 0.781771 0.700000 0.027083 0.048148
0 0.382292 0.255556 0.027083 0.048148
0 0.494792 0.359259 0.027083 0.048148
0 0.607292 0.882407 0.027083 0.048148
0 0.264062 0.740741 0.027083 0.048148
0 0.607812 0.701852 0.027083 0.048148
0 0.379688 0.826852 0.027083 0.048148
0 0.706771 0.805556 0.027083 0.048148
0 0.402083 0.180556 0.027083 0.048148
0 0.296875 0.668519 0.027083 0.048148
0 0.781771 0.337963 0.027083 0.048148
0 0.266667 0.654630 0.027083 0.048148
0 0.368750 0.300926 0.027083 0.048148
0 0.365625 0.374074 0.027083 0.048148
