0 0.397396 0.838889 0.027083 0.048148
0 0.238021 0.815741 0.027083 0.048148
0 0.280729 0.705556 0.027083 0.048148
0 0.445833 0.839815 0.027083 0.048148
0 0.431250 0.876852 0.027083 0.048148
0 0.326562 0.512037 0.027083 0.048148
0 0.546875 0.842593 0.027083 0.048148
0 0.348958 0.840741 0.027083 0.048148
0 0.642708 0.841667 0.027083 0.048148
0 0.333854 0.804630 0.027083 0.048148
0 0.271354 0.729630 0.027083 0.048148
0 0.421354 0.134259 0.027083 0.048148
0 0.264062 0.615741 0.027083 0.048148
0 0.349479 0.300926 0.027083 0.048148
0 0.428646 0.675000 0.027083 0.048148
0 0.559375 0.137037 0.027083 0.048148
0 0.529167 0.332407 0.027083 0.048148
0 0.557292 0.270370 0.027083 0.048148
0 0.569792 0.877778 0.027083 0.048148
0 0.357292 0.630556 0.027083 0.048148
0 0.496875 0.837963 0.027083 0.048148
0 0.265104 0.220370 0.027083 0.048148
0 0.404687 0.350000 0.027083 0.048148
0 0.592708 0.877778 0.027083 0.048148
0 0.495833 0.221296 0.027083 0.048148
0 0.413021 0.876852 0.027083 0.048148
0 0.261979 0.431481 0.027083 0.048148
0 0.483854 0.135185 0.027083 0.048148
0 0.108333 0.424074 0.027083 0.048148
0 0.261458 0.540741 0.027083 0.048148
0 0.643229 0.643519 0.027083 0.048148
0 0.260937 0.696296 0.027083 0.048148
0 0.816146 0.328704 0.027083 0.048148
0 0.679688 0.392593 0.027083 0.048148
0 0.717187 0.197222 0.027083 0.048148
0 0.136458 0.812037 0.027083 0.048148
0 0.164583 0.495370 0.027083 0.048148
0 0.579167 0.271296 0.027083 0.048148
0 0.563542 0.644444 0.027083 0.048148
0 0.336458 0.754630 0.027083 0.048148
0 0.279167 0.650926 0.027083 0.048148
0 0.469271 0.592593 0.027083 0.048148
0 0.394792 0.909259 0.027083 0.048148
0 0.608854 0.914815 0.027083 0.048148
0 0.217188 0.783333 0.027083 0.048148
0 0.118229 0.844444 0.027083 0.048148
0 0.218229 0.537963 0.027083 0.048148
0 0.118229 0.155556 0.027083 0.048148
0 0.117708 0.781481 0.027083 0.048148
