0 0.235417 0.091667 0.027083 0.048148
0 0.193229 0.693519 0.027083 0.048148
0 0.228125 0.192593 0.027083 0.048148
0 0.220833 0.292593 0.027083 0.048148
0 0.213542 0.398148 0.027083 0.048148
0 0.199479 0.595370 0.027083 0.048148
0 0.642708 0.787037 0.027083 0.048148
0 0.206250 0.493519 0.027083 0.048148
0 0.354687 0.386111 0.027083 0.048148
0 0.761979 0.261111 0.027083 0.048148
0 0.708854 0.595370 0.027083 0.048148
0 0.377604 0.329630 0.027083 0.048148
0 0.697396 0.627778 0.027083 0.048148
0 0.277083 0.427778 0.027083 0.048148
0 0.297396 0.127778 0.027083 0.048148
0 0.709375 0.187037 0.027083 0.048148
0 0.281771 0.101852 0.027083 0.048148
0 0.776563 0.162037 0.027083 0.048148
0 0.751563 0.445370 0.027083 0.048148
0 0.687500 0.402778 0.027083 0.048148
0 0.759896 0.312037 0.027083 0.048148
0 0.188542 0.739815 0.027083 0.048148
0 0.731771 0.363889 0.027083 0.048148
0 0.711458 0.438889 0.027083 0.048148
0 0.247396 0.309259 0.027083 0.048148
0 0.715625 0.397222 0.027083 0.048148
0 0.543229 0.154630 0.027083 0.048148
0 0.372917 0.554630 0.027083 0.048148
0 0.225521 0.612963 0.027083 0.048148
0 0.756771 0.356481 0.027083 0.048148
0 0.742708 0.554630 0.027083 0.048148
0 0.213021 0.070370 0.027083 0.048148
0 0.514583 0.145370 0.027083 0.048148
0 0.679688 0.432407 0.027083 0.048148
0 0.736458 0.409259 0.027083 0.048148
0 0.458854 0.757407 0.027083 0.048148
0 0.220312 0.711111 0.027083 0.048148
0 0.746354 0.499074 0.027083 0.048148
0 0.735938 0.299074 0.027083 0.048148
0 0.402604 0.042593 0.027083 0.048148
0 0.726562 0.792593 0.027083 0.048148
0 0.738542 0.253704 0.027083 0.048148
0 0.550000 0.775000 0.027083 0.048148
0 0.608333 0.377778 0.027083 0.048148
0 0.333333 0.570370 0.027083 0.048148
0 0.693750 0.375926 0.027083 0.048148
0 0.672396 0.462037 0.027083 0.048148
0 0.303125 0.746296 0.027083 0.048148
0 0.608333 0.678704 0.027083 0.048148
