0 0.532813 0.691667 0.027083 0.048148
0 0.678125 0.609259 0.027083 0.048148
0 0.699479 0.540741 0.027083 0.048148
0 0.272917 0.121296 0.027083 0.048148
0 0.249479 0.561111 0.027083 0.048148
0 0.483854 0.164815 0.027083 0.048148
0 0.888021 0.566667 0.027083 0.048148
0 0.460417 0.152778 0.027083 0.048148
0 0.330208 0.386111 0.027083 0.048148
0 0.317708 0.230556 0.027083 0.048148
0 0.688542 0.648148 0.027083 0.048148
0 0.229167 0.125926 0.027083 0.048148
0 0.292187 0.573148 0.027083 0.048148
0 0.259375 0.479630 0.027083 0.048148
0 0.191667 0.653704 0.027083 0.048148
0 0.698438 0.587963 0.027083 0.048148
0 0.367188 0.349074 0.027083 0.048148
0 0.381771 0.516667 0.027083 0.048148
0 0.670833 0.204630 0.027083 0.048148
0 0.821354 0.570370 0.027083 0.048148
0 0.826562 0.709259 0.027083 0.048148
0 0.244792 0.134259 0.027083 0.048148
0 0.721354 0.676852 0.027083 0.048148
0 0.726042 0.196296 0.027083 0.048148
0 0.492188 0.743519 0.027083 0.048148
0 0.713021 0.213889 0.027083 0.048148
0 0.239583 0.162963 0.027083 0.048148
0 0.665625 0.792593 0.027083 0.048148
0 0.108333 0.049074 0.027083 0.048148
0 0.175521 0.901852 0.027083 0.048148
0 0.248438 0.745370 0.027083 0.048148
0 0.171354 0.108333 0.027083 0.048148
0 0.877604 0.541667 0.027083 0.048148
0 0.855729 0.677778 0.027083 0.048148
0 0.863542 0.187963 0.027083 0.048148
0 0.566146 0.173148 0.027083 0.048148
0 0.116667 0.841667 0.027083 0.048148
0 0.825521 0.099074 0.027083 0.048148
0 0.866667 0.656481 0.027083 0.048148
0 0.881771 0.155556 0.027083 0.048148
0 0.882292 0.218519 0.027083 0.048148
0 0.198437 0.882407 0.027083 0.048148
0 0.156771 0.135185 0.027083 0.048148
0 0.190625 0.723148 0.027083 0.048148
0 0.460938 0.774074 0.027083 0.048148
0 0.098958 0.620370 0.027083 0.048148
0 0.088021 0.349074 0.027083 0.048148
0 0.550000 0.350000 0.027083 0.048148
0 0.798438 0.910185 0.027083 0.048148
