0 0.414062 0.567593 0.027083 0.048148
0 0.415625 0.438889 0.027083 0.048148
0 0.384896 0.181481 0.027083 0.048148
0 0.443750 0.338889 0.027083 0.048148
0 0.428646 0.308333 0.027083 0.048148
0 0.382812 0.435185 0.027083 0.048148
0 0.398958 0.692593 0.027083 0.048148
0 0.450000 0.578704 0.027083 0.048148
0 0.359896 0.783333 0.027083 0.048148
0 0.416146 0.331481 0.027083 0.048148
0 0.372917 0.162037 0.027083 0.048148
0 0.740625 0.441667 0.027083 0.048148
0 0.546354 0.225000 0.027083 0.048148
0 0.340625 0.167593 0.027083 0.048148
0 0.244271 0.727778 0.027083 0.048148
0 0.268229 0.764815 0.027083 0.048148
0 0.580208 0.242593 0.027083 0.048148
0 0.470833 0.246296 0.027083 0.048148
0 0.271354 0.494444 0.027083 0.048148
0 0.471875 0.586111 0.027083 0.048148
0 0.778125 0.920370 0.027083 0.048148
0 0.780208 0.520370 0.027083 0.048148
0 0.512500 0.328704 0.027083 0.048148
0 0.306250 0.192593 0.027083 0.048148
0 0.281250 0.406481 0.027083 0.048148
0 0.261979 0.572222 0.027083 0.048148
0 0.293229 0.302778 0.027083 0.048148
0 0.665625 0.275926 0.027083 0.048148
0 0.384375 0.320370 0.027083 0.048148
0 0.771354 0.712963 0.027083 0.048148
0 0.405729 0.210185 0.027083 0.048148
0 0.583854 0.765741 0.027083 0.048148
0 0.775521 0.949074 0.027083 0.048148
0 0.381771 0.795370 0.027083 0.048148
0 0.313021 0.140741 0.027083 0.048148
0 0.604688 0.699074 0.027083 0.048148
0 0.333854 0.506481 0.027083 0.048148
0 0.438542 0.254630 0.027083 0.048148
0 0.605729 0.796296 0.027083 0.048148
0 0.252604 0.652778 0.027083 0.048148
0 0.289062 0.539815 0.027083 0.048148
0 0.517708 0.428704 0.027083 0.048148
0 0.423958 0.527778 0.027083 0.048148
0 0.496875 0.597222 0.027083 0.048148
0 0.473958 0.357407 0.027083 0.048148
0 0.506771 0.355556 0.027083 0.048148
0 0.383333 0.584259 0.027083 0.048148
0 0.476042 0.307407 0.027083 0.048148
0 0.370312 0.717593 0.027083 0.048148
