0 0.586458 0.516667 0.027083 0.048148
0 0.318750 0.532407 0.027083 0.048148
0 0.130208 0.810185 0.027083 0.048148
0 0.493229 0.794444 0.027083 0.048148
0 0.523958 0.362963 0.027083 0.048148
0 0.166667 0.809259 0.027083 0.048148
0 0.695833 0.767593 0.027083 0.048148
0 0.422917 0.914815 0.027083 0.048148
0 0.596875 0.870370 0.027083 0.048148
0 0.335938 0.689815 0.027083 0.048148
0 0.536458 0.401852 0.027083 0.048148
0 0.382292 0.895370 0.027083 0.048148
0 0.353646 0.484259 0.027083 0.048148
0 0.144271 0.321296 0.027083 0.048148
0 0.611458 0.431481 0.027083 0.048148
0 0.764062 0.502778 0.027083 0.048148
0 0.588021 0.251852 0.027083 0.048148
0 0.575521 0.897222 0.027083 0.048148
0 0.341146 0.803704 0.027083 0.048148
0 0.618229 0.624074 0.027083 0.048148
0 0.327604 0.556481 0.027083 0.048148
0 0.287500 0.319444 0.027083 0.048148
0 0.602083 0.496296 0.027083 0.048148
0 0.406250 0.917593 0.027083 0.048148
0 0.579688 0.320370 0.027083 0.048148
0 0.555208 0.900000 0.027083 0.048148
0 0.294792 0.433333 0.027083 0.048148
0 0.857812 0.799074 0.027083 0.048148
0 0.857812 0.700926 0.027083 0.048148
0 0.240104 0.800000 0.027083 0.048148
0 0.340625 0.775000 0.027083 0.048148
0 0.095833 0.811111 0.027083 0.048148
0 0.170833 0.323148 0.027083 0.048148
0 0.499479 0.526852 0.027083 0.048148
0 0.349479 0.525000 0.027083 0.048148
0 0.707292 0.700926 0.027083 0.048148
0 0.594271 0.928704 0.027083 0.048148
0 0.119271 0.514815 0.027083 0.048148
0 0.621354 0.464815 0.027083 0.048148
0 0.475000 0.761111 0.027083 0.048148
0 0.652083 0.212037 0.027083 0.048148
0 0.117708 0.319444 0.027083 0.048148
0 0.404687 0.534259 0.027083 0.048148
0 0.389062 0.950926 0.027083 0.048148
0 0.367708 0.302778 0.027083 0.048148
0 0.629687 0.247222 0.027083 0.048148
0 0.844792 0.682407 0.027083 0.048148
0 0.844792 0.817593 0.027083 0.048148
0 0.491146 0.334259 0.027083 0.048148
