0 0.593750 0.837037 0.027083 0.048148
0 0.544271 0.506481 0.027083 0.048148
0 0.708854 0.247222 0.027083 0.048148
0 0.615104 0.867593 0.027083 0.048148
0 0.521354 0.852778 0.027083 0.048148
0 0.817708 0.646296 0.027083 0.048148
0 0.719271 0.211111 0.027083 0.048148
0 0.535937 0.469444 0.027083 0.048148
0 0.686979 0.323148 0.027083 0.048148
0 0.739583 0.373148 0.027083 0.048148
0 0.726562 0.501852 0.027083 0.048148
0 0.317188 0.191667 0.027083 0.048148
0 0.307292 0.298148 0.027083 0.048148
0 0.432812 0.113889 0.027083 0.048148
0 0.297917 0.412037 0.027083 0.048148
0 0.283333 0.626852 0.027083 0.048148
0 0.576562 0.801852 0.027083 0.048148
0 0.672396 0.702778 0.027083 0.048148
0 0.468750 0.052778 0.027083 0.048148
0 0.324479 0.083333 0.027083 0.048148
0 0.323958 0.811111 0.027083 0.048148
0 0.423438 0.865741 0.027083 0.048148
0 0.508333 0.816667 0.027083 0.048148
0 0.608854 0.086111 0.027083 0.048148
0 0.415625 0.259259 0.027083 0.048148
0 0.686458 0.775000 0.027083 0.048148
0 0.689583 0.368519 0.027083 0.048148
0 0.500000 0.136111 0.027083 0.048148
0 0.471354 0.804630 0.027083 0.048148
0 0.556250 0.481481 0.027083 0.048148
0 0.493229 0.782407 0.027083 0.048148
0 0.336979 0.655556 0.027083 0.048148
0 0.709896 0.295370 0.027083 0.048148
0 0.690625 0.209259 0.027083 0.048148
0 0.302083 0.603704 0.027083 0.048148
0 0.806250 0.860185 0.027083 0.048148
0 0.833854 0.610185 0.027083 0.048148
0 0.291146 0.519444 0.027083 0.048148
0 0.656250 0.232407 0.027083 0.048148
0 0.516146 0.258333 0.027083 0.048148
0 0.832292 0.673148 0.027083 0.048148
0 0.572917 0.898148 0.027083 0.048148
0 0.560937 0.155556 0.027083 0.048148
0 0.450000 0.870370 0.027083 0.048148
0 0.577604 0.294444 0.027083 0.048148
0 0.278125 0.740741 0.027083 0.048148
0 0.669792 0.300000 0.027083 0.048148
0 0.591146 0.165741 0.027083 0.048148
0 0.471354 0.124074 0.027083 0.048148
