0 0.158333 0.263889 0.027083 0.048148
0 0.211979 0.854630 0.027083 0.048148
0 0.166667 0.362963 0.027083 0.048148
0 0.175521 0.461111 0.027083 0.048148
0 0.651042 0.719444 0.027083 0.048148
0 0.193229 0.658333 0.027083 0.048148
0 0.202083 0.758333 0.027083 0.048148
0 0.682813 0.162037 0.027083 0.048148
0 0.184896 0.564815 0.027083 0.048148
0 0.684375 0.507407 0.027083 0.048148
0 0.670312 0.275926 0.027083 0.048148
0 0.663021 0.358333 0.027083 0.048148
0 0.688542 0.215741 0.027083 0.048148
0 0.250000 0.560185 0.027083 0.048148
0 0.318229 0.484259 0.027083 0.048148
0 0.318750 0.173148 0.027083 0.048148
0 0.701562 0.343519 0.027083 0.048148
0 0.191667 0.878704 0.027083 0.048148
0 0.192188 0.610185 0.027083 0.048148
0 0.659375 0.168519 0.027083 0.048148
0 0.452604 0.131481 0.027083 0.048148
0 0.681771 0.317593 0.027083 0.048148
0 0.222917 0.267593 0.027083 0.048148
0 0.676042 0.540741 0.027083 0.048148
0 0.427604 0.797222 0.027083 0.048148
0 0.693229 0.259259 0.027083 0.048148
0 0.621875 0.120370 0.027083 0.048148
0 0.733854 0.709259 0.027083 0.048148
0 0.305208 0.133333 0.027083 0.048148
0 0.323958 0.851852 0.027083 0.048148
0 0.496875 0.832407 0.027083 0.048148
0 0.206771 0.530556 0.027083 0.048148
0 0.663542 0.212963 0.027083 0.048148
0 0.213021 0.902778 0.027083 0.048148
0 0.201042 0.443519 0.027083 0.048148
0 0.148438 0.221296 0.027083 0.048148
0 0.429167 0.883333 0.027083 0.048148
0 0.459375 0.171296 0.027083 0.048148
0 0.426563 0.094444 0.027083 0.048148
0 0.743750 0.747222 0.027083 0.048148
0 0.349479 0.842593 0.027083 0.048148
0 0.445312 0.846296 0.027083 0.048148
0 0.546354 0.250000 0.027083 0.048148
0 0.203125 0.250926 0.027083 0.048148
0 0.463021 0.881481 0.027083 0.048148
0 0.553646 0.351852 0.027083 0.048148
0 0.684896 0.062963 0.027083 0.048148
0 0.710417 0.451852 0.027083 0.048148
0 0.512500 0.798148 0.027083 0.048148
