0 0.531771 0.751852 0.027083 0.048148
0 0.641146 0.504630 0.027083 0.048148
0 0.663021 0.612037 0.027083 0.048148
0 0.386979 0.618519 0.027083 0.048148
0 0.289583 0.673148 0.027083 0.048148
0 0.380208 0.457407 0.027083 0.048148
0 0.591146 0.340741 0.027083 0.048148
0 0.416667 0.825926 0.027083 0.048148
0 0.455729 0.853704 0.027083 0.048148
0 0.811979 0.528704 0.027083 0.048148
0 0.700000 0.253704 0.027083 0.048148
0 0.601562 0.452778 0.027083 0.048148
0 0.366146 0.250000 0.027083 0.048148
0 0.439583 0.850926 0.027083 0.048148
0 0.603646 0.868519 0.027083 0.048148
0 0.584896 0.865741 0.027083 0.048148
0 0.600521 0.385185 0.027083 0.048148
0 0.656771 0.487963 0.027083 0.048148
0 0.627083 0.846296 0.027083 0.048148
0 0.670833 0.425926 0.027083 0.048148
0 0.385417 0.728704 0.027083 0.048148
0 0.646875 0.314815 0.027083 0.048148
0 0.660417 0.250000 0.027083 0.048148
0 0.620833 0.902778 0.027083 0.048148
0 0.665104 0.335185 0.027083 0.048148
0 0.516667 0.712963 0.027083 0.048148
0 0.441667 0.252778 0.027083 0.048148
0 0.507292 0.537037 0.027083 0.048148
0 0.469792 0.611111 0.027083 0.048148
0 0.386458 0.697222 0.027083 0.048148
0 0.420312 0.881481 0.027083 0.048148
0 0.387500 0.483333 0.027083 0.048148
0 0.550000 0.240741 0.027083 0.048148
0 0.420312 0.367593 0.027083 0.048148
0 0.738021 0.493519 0.027083 0.048148
0 0.373958 0.206481 0.027083 0.048148
0 0.650000 0.356481 0.027083 0.048148
0 0.364583 0.361111 0.027083 0.048148
0 0.555729 0.494444 0.027083 0.048148
0 0.408854 0.637037 0.027083 0.048148
0 0.725521 0.224074 0.027083 0.048148
0 0.566146 0.832407 0.027083 0.048148
0 0.486979 0.570370 0.027083 0.048148
0 0.483854 0.401852 0.027083 0.048148
0 0.481771 0.160185 0.027083 0.048148
0 0.248438 0.462963 0.027083 0.048148
0 0.491146 0.505556 0.027083 0.048148
0 0.389583 0.536111 0.027083 0.048148
0 0.689583 0.355556 0.027083 0.048148
