0 0.425521 0.562037 0.027083 0.048148
0 0.417187 0.429630 0.027083 0.048148
0 0.418750 0.290741 0.027083 0.048148
0 0.365104 0.170370 0.027083 0.048148
0 0.382812 0.432407 0.027083 0.048148
0 0.754167 0.350000 0.027083 0.048148
0 0.419792 0.695370 0.027083 0.048148
0 0.461979 0.564815 0.027083 0.048148
0 0.458854 0.213889 0.027083 0.048148
0 0.437500 0.318519 0.027083 0.048148
0 0.349479 0.150926 0.027083 0.048148
0 0.533854 0.173148 0.027083 0.048148
0 0.375521 0.314815 0.027083 0.048148
0 0.392188 0.727778 0.027083 0.048148
0 0.507812 0.290741 0.027083 0.048148
0 0.318750 0.168519 0.027083 0.048148
0 0.487500 0.565741 0.027083 0.048148
0 0.293750 0.565741 0.027083 0.048148
0 0.334896 0.509259 0.027083 0.048148
0 0.406771 0.259259 0.027083 0.048148
0 0.660417 0.198148 0.027083 0.048148
0 0.831250 0.835185 0.027083 0.048148
0 0.427083 0.351852 0.027083 0.048148
0 0.290625 0.737963 0.027083 0.048148
0 0.433854 0.247222 0.027083 0.048148
0 0.444271 0.275926 0.027083 0.048148
0 0.581250 0.193519 0.027083 0.048148
0 0.289062 0.804630 0.027083 0.048148
0 0.386458 0.231481 0.027083 0.048148
0 0.503646 0.323148 0.027083 0.048148
0 0.288542 0.650926 0.027083 0.048148
0 0.511979 0.570370 0.027083 0.048148
0 0.738021 0.801852 0.027083 0.048148
0 0.483854 0.290741 0.027083 0.048148
0 0.639583 0.830556 0.027083 0.048148
0 0.407813 0.319444 0.027083 0.048148
0 0.375521 0.355556 0.027083 0.048148
0 0.386458 0.800926 0.027083 0.048148
0 0.791146 0.261111 0.027083 0.048148
0 0.550521 0.900926 0.027083 0.048148
0 0.397917 0.356481 0.027083 0.048148
0 0.691146 0.827778 0.027083 0.048148
0 0.488021 0.355556 0.027083 0.048148
0 0.627083 0.346296 0.027083 0.048148
0 0.632812 0.649074 0.027083 0.048148
0 0.332813 0.809259 0.027083 0.048148
0 0.642188 0.750000 0.027083 0.048148
0 0.356250 0.351852 0.027083 0.048148
0 0.260937 0.770370 0.027083 0.048148
