0 0.384375 0.875926 0.027083 0.048148
0 0.268750 0.746296 0.027083 0.048148
0 0.227083 0.855556 0.027083 0.048148
0 0.532813 0.877778 0.027083 0.048148
0 0.432812 0.875926 0.027083 0.048148
0 0.337500 0.878704 0.027083 0.048148
0 0.418229 0.912963 0.027083 0.048148
0 0.627604 0.876852 0.027083 0.048148
0 0.405208 0.178704 0.027083 0.048148
0 0.483333 0.874074 0.027083 0.048148
0 0.314063 0.553704 0.027083 0.048148
0 0.344271 0.671296 0.027083 0.048148
0 0.321875 0.842593 0.027083 0.048148
0 0.267708 0.690741 0.027083 0.048148
0 0.335938 0.345370 0.027083 0.048148
0 0.513542 0.375000 0.027083 0.048148
0 0.541146 0.312963 0.027083 0.048148
0 0.252604 0.657407 0.027083 0.048148
0 0.542708 0.180556 0.027083 0.048148
0 0.480208 0.264815 0.027083 0.048148
0 0.645833 0.321296 0.027083 0.048148
0 0.252083 0.266667 0.027083 0.048148
0 0.555729 0.912963 0.027083 0.048148
0 0.260417 0.771296 0.027083 0.048148
0 0.416146 0.709259 0.027083 0.048148
0 0.662500 0.433333 0.027083 0.048148
0 0.468229 0.179630 0.027083 0.048148
0 0.578125 0.912963 0.027083 0.048148
0 0.561979 0.313889 0.027083 0.048148
0 0.400521 0.912963 0.027083 0.048148
0 0.548958 0.683333 0.027083 0.048148
0 0.250000 0.475926 0.027083 0.048148
0 0.325000 0.793519 0.027083 0.048148
0 0.390104 0.393519 0.027083 0.048148
0 0.388021 0.178704 0.027083 0.048148
0 0.250000 0.582407 0.027083 0.048148
0 0.698958 0.238889 0.027083 0.048148
0 0.454688 0.632407 0.027083 0.048148
0 0.283854 0.404630 0.027083 0.048148
0 0.438021 0.675000 0.027083 0.048148
0 0.596354 0.945370 0.027083 0.048148
0 0.249479 0.736111 0.027083 0.048148
0 0.504167 0.179630 0.027083 0.048148
0 0.206771 0.580556 0.027083 0.048148
0 0.202604 0.538889 0.027083 0.048148
0 0.809896 0.542593 0.027083 0.048148
0 0.301563 0.438889 0.027083 0.048148
0 0.249479 0.364815 0.027083 0.048148
0 0.515104 0.429630 0.027083 0.048148
