0 0.189583 0.800926 0.027083 0.048148
0 0.710938 0.581481 0.027083 0.048148
0 0.164583 0.437963 0.027083 0.048148
0 0.191146 0.661111 0.027083 0.048148
0 0.251042 0.809259 0.027083 0.048148
0 0.275000 0.304630 0.027083 0.048148
0 0.129167 0.437963 0.027083 0.048148
0 0.260937 0.608333 0.027083 0.048148
0 0.265104 0.511111 0.027083 0.048148
0 0.257292 0.705556 0.027083 0.048148
0 0.269271 0.414815 0.027083 0.048148
0 0.144792 0.803704 0.027083 0.048148
0 0.752083 0.751852 0.027083 0.048148
0 0.710938 0.642593 0.027083 0.048148
0 0.278125 0.201852 0.027083 0.048148
0 0.773438 0.246296 0.027083 0.048148
0 0.720313 0.400000 0.027083 0.048148
0 0.617708 0.899074 0.027083 0.048148
0 0.814063 0.387963 0.027083 0.048148
0 0.445833 0.505556 0.027083 0.048148
0 0.539062 0.867593 0.027083 0.048148
0 0.226042 0.839815 0.027083 0.048148
0 0.536458 0.216667 0.027083 0.048148
0 0.671875 0.538889 0.027083 0.048148
0 0.820833 0.252778 0.027083 0.048148
0 0.271354 0.845370 0.027083 0.048148
0 0.507812 0.778704 0.027083 0.048148
0 0.290104 0.542593 0.027083 0.048148
0 0.252083 0.183333 0.027083 0.048148
0 0.784375 0.891667 0.027083 0.048148
0 0.308854 0.949074 0.027083 0.048148
0 0.142187 0.200926 0.027083 0.048148
0 0.348958 0.242593 0.027083 0.048148
0 0.323437 0.189815 0.027083 0.048148
0 0.904167 0.563889 0.027083 0.048148
0 0.675000 0.235185 0.027083 0.048148
0 0.454688 0.367593 0.027083 0.048148
0 0.744792 0.902778 0.027083 0.048148
0 0.101042 0.809259 0.027083 0.048148
0 0.746875 0.579630 0.027083 0.048148
0 0.228646 0.774074 0.027083 0.048148
0 0.653125 0.487037 0.027083 0.048148
0 0.490104 0.171296 0.027083 0.048148
0 0.574479 0.223148 0.027083 0.048148
0 0.180208 0.682407 0.027083 0.048148
0 0.882292 0.194444 0.027083 0.048148
0 0.590625 0.886111 0.027083 0.048148
0 0.866146 0.842593 0.027083 0.048148
0 0.132812 0.595370 0.027083 0.048148
