0 0.211458 0.292593 0.027083 0.048148
0 0.222917 0.654630 0.027083 0.048148
0 0.261979 0.759259 0.027083 0.048148
0 0.224479 0.732407 0.027083 0.048148
0 0.212500 0.382407 0.027083 0.048148
0 0.215625 0.486111 0.027083 0.048148
0 0.219271 0.586111 0.027083 0.048148
0 0.354687 0.367593 0.027083 0.048148
0 0.226562 0.808333 0.027083 0.048148
0 0.367188 0.601852 0.027083 0.048148
0 0.702604 0.214815 0.027083 0.048148
0 0.658854 0.220370 0.027083 0.048148
0 0.457813 0.319444 0.027083 0.048148
0 0.408854 0.403704 0.027083 0.048148
0 0.539062 0.340741 0.027083 0.048148
0 0.472917 0.404630 0.027083 0.048148
0 0.498437 0.317593 0.027083 0.048148
0 0.536458 0.294444 0.027083 0.048148
0 0.282292 0.369444 0.027083 0.048148
0 0.301042 0.304630 0.027083 0.048148
0 0.256250 0.614815 0.027083 0.048148
0 0.458333 0.368519 0.027083 0.048148
0 0.694271 0.381481 0.027083 0.048148
0 0.536979 0.400000 0.027083 0.048148
0 0.373437 0.389815 0.027083 0.048148
0 0.253646 0.573148 0.027083 0.048148
0 0.243229 0.691667 0.027083 0.048148
0 0.460938 0.450000 0.027083 0.048148
0 0.477604 0.449074 0.027083 0.048148
0 0.205729 0.838889 0.027083 0.048148
0 0.232292 0.445370 0.027083 0.048148
0 0.585417 0.292593 0.027083 0.048148
0 0.360938 0.175000 0.027083 0.048148
0 0.240104 0.616667 0.027083 0.048148
0 0.460938 0.853704 0.027083 0.048148
0 0.242708 0.768519 0.027083 0.048148
0 0.439063 0.450000 0.027083 0.048148
0 0.283854 0.311111 0.027083 0.048148
0 0.621354 0.394444 0.027083 0.048148
0 0.200000 0.623148 0.027083 0.048148
0 0.315625 0.744444 0.027083 0.048148
0 0.680729 0.397222 0.027083 0.048148
0 0.250000 0.718519 0.027083 0.048148
0 0.225521 0.337037 0.027083 0.048148
0 0.303125 0.405556 0.027083 0.048148
0 0.384375 0.348148 0.027083 0.048148
0 0.404687 0.366667 0.027083 0.048148
0 0.188542 0.259259 0.027083 0.048148
0 0.382292 0.831481 0.027083 0.048148
