0 0.269792 0.093519 0.027083 0.048148
0 0.215104 0.664815 0.027083 0.048148
0 0.260417 0.188889 0.027083 0.048148
0 0.251042 0.283333 0.027083 0.048148
0 0.241146 0.384259 0.027083 0.048148
0 0.222917 0.571296 0.027083 0.048148
0 0.231771 0.474074 0.027083 0.048148
0 0.638542 0.780556 0.027083 0.048148
0 0.767708 0.294444 0.027083 0.048148
0 0.696875 0.639815 0.027083 0.048148
0 0.693750 0.427778 0.027083 0.048148
0 0.707812 0.607407 0.027083 0.048148
0 0.209375 0.709259 0.027083 0.048148
0 0.735938 0.388889 0.027083 0.048148
0 0.276042 0.301852 0.027083 0.048148
0 0.301563 0.419444 0.027083 0.048148
0 0.563542 0.178704 0.027083 0.048148
0 0.720313 0.419444 0.027083 0.048148
0 0.719271 0.220370 0.027083 0.048148
0 0.784896 0.200000 0.027083 0.048148
0 0.764583 0.340741 0.027083 0.048148
0 0.430729 0.057407 0.027083 0.048148
0 0.715104 0.461111 0.027083 0.048148
0 0.347917 0.453704 0.027083 0.048148
0 0.753646 0.468519 0.027083 0.048148
0 0.685937 0.453704 0.027083 0.048148
0 0.248438 0.072222 0.027083 0.048148
0 0.205729 0.350926 0.027083 0.048148
0 0.744792 0.286111 0.027083 0.048148
0 0.720833 0.800000 0.027083 0.048148
0 0.718750 0.277778 0.027083 0.048148
0 0.444271 0.790741 0.027083 0.048148
0 0.701042 0.400926 0.027083 0.048148
0 0.792188 0.525926 0.027083 0.048148
0 0.284896 0.054630 0.027083 0.048148
0 0.265104 0.403704 0.027083 0.048148
0 0.343750 0.730556 0.027083 0.048148
0 0.326042 0.128704 0.027083 0.048148
0 0.755208 0.191667 0.027083 0.048148
0 0.314583 0.107407 0.027083 0.048148
0 0.738542 0.614815 0.027083 0.048148
0 0.747396 0.528704 0.027083 0.048148
0 0.678646 0.479630 0.027083 0.048148
0 0.677083 0.801852 0.027083 0.048148
0 0.743229 0.574074 0.027083 0.048148
0 0.176042 0.370370 0.027083 0.048148
0 0.472396 0.087037 0.027083 0.048148
0 0.760938 0.387037 0.027083 0.048148
0 0.317708 0.725000 0.027083 0.048148
