0 0.695833 0.300926 0.027083 0.048148
0 0.855208 0.432407 0.027083 0.048148
0 0.658854 0.774074 0.027083 0.048148
0 0.497396 0.368519 0.027083 0.048148
0 0.570312 0.230556 0.027083 0.048148
0 0.561458 0.356481 0.027083 0.048148
0 0.866146 0.554630 0.027083 0.048148
0 0.705729 0.175000 0.027083 0.048148
0 0.643750 0.237963 0.027083 0.048148
0 0.695312 0.250000 0.027083 0.048148
0 0.180208 0.587963 0.027083 0.048148
0 0.826042 0.122222 0.027083 0.048148
0 0.313542 0.512963 0.027083 0.048148
0 0.578646 0.850000 0.027083 0.048148
0 0.546875 0.369444 0.027083 0.048148
0 0.577083 0.273148 0.027083 0.048148
0 0.814583 0.518519 0.027083 0.048148
0 0.641667 0.806481 0.027083 0.048148
0 0.458333 0.633333 0.027083 0.048148
0 0.847917 0.343519 0.027083 0.048148
0 0.371354 0.811111 0.027083 0.048148
0 0.844792 0.471296 0.027083 0.048148
0 0.648438 0.179630 0.027083 0.048148
0 0.881250 0.719444 0.027083 0.048148
0 0.187500 0.157407 0.027083 0.048148
0 0.722917 0.398148 0.027083 0.048148
0 0.681250 0.336111 0.027083 0.048148
0 0.416146 0.135185 0.027083 0.048148
0 0.455208 0.481481 0.027083 0.048148
0 0.326042 0.196296 0.027083 0.048148
0 0.679167 0.201852 0.027083 0.048148
0 0.675000 0.274074 0.027083 0.048148
0 0.493229 0.318519 0.027083 0.048148
0 0.596875 0.250926 0.027083 0.048148
0 0.735417 0.177778 0.027083 0.048148
0 0.832812 0.172222 0.027083 0.048148
0 0.509896 0.349074 0.027083 0.048148
0 0.253125 0.289815 0.027083 0.048148
0 0.334896 0.732407 0.027083 0.048148
0 0.439063 0.850926 0.027083 0.048148
0 0.835938 0.220370 0.027083 0.048148
0 0.728125 0.260185 0.027083 0.048148
0 0.575521 0.509259 0.027083 0.048148
0 0.828125 0.285185 0.027083 0.048148
0 0.815104 0.242593 0.027083 0.048148
0 0.760417 0.075926 0.027083 0.048148
0 0.829688 0.831481 0.027083 0.048148
0 0.804688 0.337963 0.027083 0.048148
0 0.263021 0.397222 0.027083 0.048148
