0 0.390625 0.867593 0.027083 0.048148
0 0.439583 0.856481 0.027083 0.048148
0 0.220833 0.898148 0.027083 0.048148
0 0.284896 0.327778 0.027083 0.048148
0 0.643229 0.795370 0.027083 0.048148
0 0.491667 0.837037 0.027083 0.048148
0 0.255208 0.769444 0.027083 0.048148
0 0.320833 0.854630 0.027083 0.048148
0 0.540625 0.825926 0.027083 0.048148
0 0.338021 0.886111 0.027083 0.048148
0 0.316667 0.804630 0.027083 0.048148
0 0.282292 0.556481 0.027083 0.048148
0 0.428125 0.899074 0.027083 0.048148
0 0.267708 0.478704 0.027083 0.048148
0 0.326042 0.669444 0.027083 0.048148
0 0.342187 0.132407 0.027083 0.048148
0 0.246354 0.796296 0.027083 0.048148
0 0.486458 0.093519 0.027083 0.048148
0 0.498958 0.232407 0.027083 0.048148
0 0.456250 0.496296 0.027083 0.048148
0 0.570833 0.858333 0.027083 0.048148
0 0.446354 0.103704 0.027083 0.048148
0 0.541667 0.617593 0.027083 0.048148
0 0.519792 0.837963 0.027083 0.048148
0 0.624479 0.588889 0.027083 0.048148
0 0.227604 0.685185 0.027083 0.048148
0 0.429167 0.198148 0.027083 0.048148
0 0.323958 0.137963 0.027083 0.048148
0 0.608333 0.207407 0.027083 0.048148
0 0.328125 0.388889 0.027083 0.048148
0 0.247396 0.712037 0.027083 0.048148
0 0.403646 0.692593 0.027083 0.048148
0 0.257292 0.440741 0.027083 0.048148
0 0.164583 0.575926 0.027083 0.048148
0 0.492188 0.778704 0.027083 0.048148
0 0.410417 0.308333 0.027083 0.048148
0 0.237500 0.405556 0.027083 0.048148
0 0.259375 0.853704 0.027083 0.048148
0 0.434375 0.364815 0.027083 0.048148
0 0.583333 0.264815 0.027083 0.048148
0 0.172917 0.614815 0.027083 0.048148
0 0.407813 0.113889 0.027083 0.048148
0 0.419271 0.825926 0.027083 0.048148
0 0.536458 0.471296 0.027083 0.048148
0 0.595833 0.849074 0.027083 0.048148
0 0.189062 0.275000 0.027083 0.048148
0 0.196354 0.378704 0.027083 0.048148
0 0.408333 0.906481 0.027083 0.048148
0 0.423438 0.330556 0.027083 0.048148
