0 0.720833 0.582407 0.027083 0.048148
0 0.726562 0.651852 0.027083 0.048148
0 0.550521 0.935185 0.027083 0.048148
0 0.286979 0.288889 0.027083 0.048148
0 0.828125 0.345370 0.027083 0.048148
0 0.707292 0.222222 0.027083 0.048148
0 0.504167 0.208333 0.027083 0.048148
0 0.260937 0.222222 0.027083 0.048148
0 0.674479 0.547222 0.027083 0.048148
0 0.660937 0.927778 0.027083 0.048148
0 0.238542 0.554630 0.027083 0.048148
0 0.759896 0.573148 0.027083 0.048148
0 0.310937 0.266667 0.027083 0.048148
0 0.604688 0.230556 0.027083 0.048148
0 0.770312 0.191667 0.027083 0.048148
0 0.511458 0.171296 0.027083 0.048148
0 0.248438 0.626852 0.027083 0.048148
0 0.640104 0.960185 0.027083 0.048148
0 0.247396 0.784259 0.027083 0.048148
0 0.815104 0.239815 0.027083 0.048148
0 0.444792 0.150926 0.027083 0.048148
0 0.780729 0.939815 0.027083 0.048148
0 0.246875 0.900000 0.027083 0.048148
0 0.246354 0.852778 0.027083 0.048148
0 0.630208 0.200000 0.027083 0.048148
0 0.247396 0.967593 0.027083 0.048148
0 0.358854 0.652778 0.027083 0.048148
0 0.562500 0.204630 0.027083 0.048148
0 0.602083 0.953704 0.027083 0.048148
0 0.657292 0.199074 0.027083 0.048148
0 0.517708 0.964815 0.027083 0.048148
0 0.395833 0.967593 0.027083 0.048148
0 0.543750 0.170370 0.027083 0.048148
0 0.574479 0.164815 0.027083 0.048148
0 0.178646 0.229630 0.027083 0.048148
0 0.842708 0.938889 0.027083 0.048148
0 0.263021 0.443519 0.027083 0.048148
0 0.480729 0.962963 0.027083 0.048148
0 0.681771 0.196296 0.027083 0.048148
0 0.498437 0.964815 0.027083 0.048148
0 0.730208 0.193519 0.027083 0.048148
0 0.629687 0.592593 0.027083 0.048148
0 0.539062 0.958333 0.027083 0.048148
0 0.122917 0.584259 0.027083 0.048148
0 0.762500 0.646296 0.027083 0.048148
0 0.193750 0.963889 0.027083 0.048148
0 0.219271 0.413889 0.027083 0.048148
0 0.482812 0.174074 0.027083 0.048148
0 0.283333 0.579630 0.027083 0.048148
