0 0.583333 0.799074 0.027083 0.048148
0 0.602083 0.825926 0.027083 0.048148
0 0.668750 0.380556 0.027083 0.048148
0 0.542708 0.487037 0.027083 0.048148
0 0.526042 0.804630 0.027083 0.048148
0 0.675000 0.291667 0.027083 0.048148
0 0.690104 0.324074 0.027083 0.048148
0 0.398958 0.359259 0.027083 0.048148
0 0.551042 0.522222 0.027083 0.048148
0 0.646354 0.303704 0.027083 0.048148
0 0.568229 0.767593 0.027083 0.048148
0 0.566146 0.850926 0.027083 0.048148
0 0.582812 0.857407 0.027083 0.048148
0 0.371875 0.250000 0.027083 0.048148
0 0.710938 0.434259 0.027083 0.048148
0 0.364583 0.762037 0.027083 0.048148
0 0.613021 0.362037 0.027083 0.048148
0 0.825000 0.576852 0.027083 0.048148
0 0.344792 0.674074 0.027083 0.048148
0 0.441146 0.812963 0.027083 0.048148
0 0.525000 0.400000 0.027083 0.048148
0 0.448958 0.320370 0.027083 0.048148
0 0.695833 0.537037 0.027083 0.048148
0 0.690104 0.371296 0.027083 0.048148
0 0.768229 0.656481 0.027083 0.048148
0 0.480729 0.763889 0.027083 0.048148
0 0.660937 0.459259 0.027083 0.048148
0 0.723958 0.396296 0.027083 0.048148
0 0.486458 0.179630 0.027083 0.048148
0 0.519271 0.224074 0.027083 0.048148
0 0.669271 0.424074 0.027083 0.048148
0 0.496875 0.144444 0.027083 0.048148
0 0.414583 0.241667 0.027083 0.048148
0 0.747396 0.630556 0.027083 0.048148
0 0.347917 0.597222 0.027083 0.048148
0 0.591667 0.253704 0.027083 0.048148
0 0.361979 0.337037 0.027083 0.048148
0 0.364063 0.452778 0.027083 0.048148
0 0.772917 0.855556 0.027083 0.048148
0 0.720833 0.300000 0.027083 0.048148
0 0.401562 0.219444 0.027083 0.048148
0 0.679688 0.564815 0.027083 0.048148
0 0.329688 0.696296 0.027083 0.048148
0 0.540104 0.839815 0.027083 0.048148
0 0.691146 0.405556 0.027083 0.048148
0 0.702083 0.293519 0.027083 0.048148
0 0.535937 0.557407 0.027083 0.048148
0 0.501042 0.744444 0.027083 0.048148
0 0.381771 0.698148 0.027083 0.048148
