0 0.621354 0.737963 0.027083 0.048148
0 0.362500 0.348148 0.027083 0.048148
0 0.732812 0.238889 0.027083 0.048148
0 0.519792 0.233333 0.027083 0.048148
0 0.305729 0.256481 0.027083 0.048148
0 0.745313 0.219444 0.027083 0.048148
0 0.495312 0.228704 0.027083 0.048148
0 0.371354 0.700000 0.027083 0.048148
0 0.450521 0.613889 0.027083 0.048148
0 0.311458 0.555556 0.027083 0.048148
0 0.300000 0.509259 0.027083 0.048148
0 0.278125 0.837037 0.027083 0.048148
0 0.292187 0.472222 0.027083 0.048148
0 0.586979 0.800926 0.027083 0.048148
0 0.268229 0.265741 0.027083 0.048148
0 0.603646 0.394444 0.027083 0.048148
0 0.709375 0.213889 0.027083 0.048148
0 0.392188 0.503704 0.027083 0.048148
0 0.657292 0.465741 0.027083 0.048148
0 0.562500 0.402778 0.027083 0.048148
0 0.286458 0.445370 0.027083 0.048148
0 0.660937 0.412963 0.027083 0.048148
0 0.758854 0.814815 0.027083 0.048148
0 0.355729 0.562037 0.027083 0.048148
0 0.459896 0.335185 0.027083 0.048148
0 0.344792 0.880556 0.027083 0.048148
0 0.602604 0.822222 0.027083 0.048148
0 0.726042 0.188889 0.027083 0.048148
0 0.413021 0.620370 0.027083 0.048148
0 0.760417 0.187963 0.027083 0.048148
0 0.478125 0.611111 0.027083 0.048148
0 0.368229 0.525926 0.027083 0.048148
0 0.387500 0.625926 0.027083 0.048148
0 0.541146 0.218519 0.027083 0.048148
0 0.600000 0.758333 0.027083 0.048148
0 0.499479 0.460185 0.027083 0.048148
0 0.604688 0.217593 0.027083 0.048148
0 0.685417 0.228704 0.027083 0.048148
0 0.790625 0.180556 0.027083 0.048148
0 0.738542 0.331481 0.027083 0.048148
0 0.460417 0.382407 0.027083 0.048148
0 0.415104 0.763889 0.027083 0.048148
0 0.660417 0.350926 0.027083 0.048148
0 0.666667 0.231481 0.027083 0.048148
0 0.425000 0.452778 0.027083 0.048148
0 0.569271 0.685185 0.027083 0.048148
0 0.818229 0.776852 0.027083 0.048148
0 0.558333 0.217593 0.027083 0.048148
0 0.325521 0.227778 0.027083 0.048148
