0 0.575000 0.825000 0.027083 0.048148
0 0.485938 0.545370 0.027083 0.048148
0 0.512500 0.868519 0.027083 0.048148
0 0.599479 0.845370 0.027083 0.048148
0 0.472917 0.515741 0.027083 0.048148
0 0.600000 0.245370 0.027083 0.048148
0 0.644792 0.347222 0.027083 0.048148
0 0.332813 0.237037 0.027083 0.048148
0 0.433333 0.421296 0.027083 0.048148
0 0.514583 0.336111 0.027083 0.048148
0 0.599479 0.360185 0.027083 0.048148
0 0.606771 0.206481 0.027083 0.048148
0 0.591146 0.317593 0.027083 0.048148
0 0.477083 0.815741 0.027083 0.048148
0 0.495833 0.843519 0.027083 0.048148
0 0.231250 0.258333 0.027083 0.048148
0 0.239063 0.357407 0.027083 0.048148
0 0.553125 0.852778 0.027083 0.048148
0 0.751042 0.559259 0.027083 0.048148
0 0.564063 0.891667 0.027083 0.048148
0 0.422917 0.923148 0.027083 0.048148
0 0.336458 0.377778 0.027083 0.048148
0 0.280208 0.737037 0.027083 0.048148
0 0.554688 0.799074 0.027083 0.048148
0 0.468229 0.783333 0.027083 0.048148
0 0.627604 0.672222 0.027083 0.048148
0 0.501042 0.262037 0.027083 0.048148
0 0.550000 0.250000 0.027083 0.048148
0 0.560937 0.329630 0.027083 0.048148
0 0.331250 0.913889 0.027083 0.048148
0 0.581250 0.212963 0.027083 0.048148
0 0.631250 0.200926 0.027083 0.048148
0 0.357812 0.167593 0.027083 0.048148
0 0.612500 0.293519 0.027083 0.048148
0 0.489063 0.137963 0.027083 0.048148
0 0.483333 0.220370 0.027083 0.048148
0 0.476042 0.755556 0.027083 0.048148
0 0.244271 0.459259 0.027083 0.048148
0 0.364583 0.768519 0.027083 0.048148
0 0.381771 0.374074 0.027083 0.048148
0 0.266146 0.771296 0.027083 0.048148
0 0.251042 0.565741 0.027083 0.048148
0 0.396354 0.231481 0.027083 0.048148
0 0.450000 0.145370 0.027083 0.048148
0 0.258854 0.668519 0.027083 0.048148
0 0.650000 0.731481 0.027083 0.048148
0 0.405208 0.928704 0.027083 0.048148
0 0.276042 0.869444 0.027083 0.048148
0 0.288542 0.321296 0.027083 0.048148
