0 0.676042 0.566667 0.027083 0.048148
0 0.132292 0.551852 0.027083 0.048148
0 0.674479 0.631481 0.027083 0.048148
0 0.712500 0.718519 0.027083 0.048148
0 0.235937 0.218519 0.027083 0.048148
0 0.485417 0.841667 0.027083 0.048148
0 0.638021 0.513889 0.027083 0.048148
0 0.189062 0.740741 0.027083 0.048148
0 0.756771 0.226852 0.027083 0.048148
0 0.511458 0.163889 0.027083 0.048148
0 0.539062 0.868519 0.027083 0.048148
0 0.075521 0.556481 0.027083 0.048148
0 0.566667 0.885185 0.027083 0.048148
0 0.217188 0.090741 0.027083 0.048148
0 0.161979 0.769444 0.027083 0.048148
0 0.225521 0.333333 0.027083 0.048148
0 0.217188 0.433333 0.027083 0.048148
0 0.208333 0.533333 0.027083 0.048148
0 0.243750 0.112963 0.027083 0.048148
0 0.200000 0.633333 0.027083 0.048148
0 0.233333 0.485185 0.027083 0.048148
0 0.208333 0.781481 0.027083 0.048148
0 0.620833 0.461111 0.027083 0.048148
0 0.166667 0.703704 0.027083 0.048148
0 0.455729 0.741667 0.027083 0.048148
0 0.746354 0.409259 0.027083 0.048148
0 0.522917 0.833333 0.027083 0.048148
0 0.739062 0.446296 0.027083 0.048148
0 0.697917 0.907407 0.027083 0.048148
0 0.339062 0.525000 0.027083 0.048148
0 0.242188 0.461111 0.027083 0.048148
0 0.175521 0.599074 0.027083 0.048148
0 0.183333 0.500926 0.027083 0.048148
0 0.655729 0.541667 0.027083 0.048148
0 0.317188 0.164815 0.027083 0.048148
0 0.291146 0.105556 0.027083 0.048148
0 0.107292 0.949074 0.027083 0.048148
0 0.465625 0.108333 0.027083 0.048148
0 0.793229 0.381481 0.027083 0.048148
0 0.191667 0.401852 0.027083 0.048148
0 0.107813 0.175926 0.027083 0.048148
0 0.051562 0.904630 0.027083 0.048148
0 0.239063 0.395370 0.027083 0.048148
0 0.171875 0.859259 0.027083 0.048148
0 0.550521 0.175926 0.027083 0.048148
0 0.066667 0.949074 0.027083 0.048148
0 0.209375 0.187963 0.027083 0.048148
0 0.654687 0.201852 0.027083 0.048148
0 0.200000 0.302778 0.027083 0.048148
