0 0.351562 0.332407 0.027083 0.048148
0 0.354167 0.469444 0.027083 0.048148
0 0.366667 0.599074 0.027083 0.048148
0 0.402604 0.598148 0.027083 0.048148
0 0.294271 0.218519 0.027083 0.048148
0 0.320312 0.475926 0.027083 0.048148
0 0.389062 0.250926 0.027083 0.048148
0 0.365625 0.732407 0.027083 0.048148
0 0.461458 0.204630 0.027083 0.048148
0 0.439063 0.322222 0.027083 0.048148
0 0.684896 0.354630 0.027083 0.048148
0 0.428125 0.597222 0.027083 0.048148
0 0.376042 0.314815 0.027083 0.048148
0 0.278646 0.200926 0.027083 0.048148
0 0.309375 0.359259 0.027083 0.048148
0 0.587500 0.215741 0.027083 0.048148
0 0.248958 0.223148 0.027083 0.048148
0 0.364583 0.287037 0.027083 0.048148
0 0.683854 0.804630 0.027083 0.048148
0 0.339583 0.765741 0.027083 0.048148
0 0.361979 0.390741 0.027083 0.048148
0 0.341667 0.309259 0.027083 0.048148
0 0.236458 0.615741 0.027083 0.048148
0 0.769271 0.819444 0.027083 0.048148
0 0.276042 0.554630 0.027083 0.048148
0 0.239583 0.787037 0.027083 0.048148
0 0.573958 0.664815 0.027083 0.048148
0 0.371875 0.357407 0.027083 0.048148
0 0.317708 0.276852 0.027083 0.048148
0 0.436458 0.354630 0.027083 0.048148
0 0.239063 0.852778 0.027083 0.048148
0 0.211458 0.821296 0.027083 0.048148
0 0.444792 0.201852 0.027083 0.048148
0 0.501563 0.920370 0.027083 0.048148
0 0.341667 0.360185 0.027083 0.048148
0 0.234896 0.700926 0.027083 0.048148
0 0.333333 0.399074 0.027083 0.048148
0 0.282292 0.851852 0.027083 0.048148
0 0.310417 0.400000 0.027083 0.048148
0 0.452083 0.599074 0.027083 0.048148
0 0.730729 0.423148 0.027083 0.048148
0 0.507812 0.218519 0.027083 0.048148
0 0.212500 0.575000 0.027083 0.048148
0 0.586458 0.842593 0.027083 0.048148
0 0.319792 0.669444 0.027083 0.048148
0 0.334896 0.838889 0.027083 0.048148
0 0.678646 0.742593 0.027083 0.048148
0 0.348438 0.560185 0.027083 0.048148
0 0.319271 0.324074 0.027083 0.048148
