0 0.256250 0.180556 0.027083 0.048148
0 0.283854 0.770370 0.027083 0.048148
0 0.260417 0.279630 0.027083 0.048148
0 0.264583 0.377778 0.027083 0.048148
0 0.722917 0.698148 0.027083 0.048148
0 0.273958 0.575000 0.027083 0.048148
0 0.278646 0.675000 0.027083 0.048148
0 0.269271 0.481481 0.027083 0.048148
0 0.778125 0.151852 0.027083 0.048148
0 0.764583 0.492593 0.027083 0.048148
0 0.760938 0.262037 0.027083 0.048148
0 0.405729 0.417593 0.027083 0.048148
0 0.318750 0.193519 0.027083 0.048148
0 0.442188 0.750000 0.027083 0.048148
0 0.781771 0.205556 0.027083 0.048148
0 0.663542 0.582407 0.027083 0.048148
0 0.172396 0.583333 0.027083 0.048148
0 0.172917 0.291667 0.027083 0.048148
0 0.788021 0.333333 0.027083 0.048148
0 0.679688 0.610185 0.027083 0.048148
0 0.666146 0.638889 0.027083 0.048148
0 0.142187 0.549074 0.027083 0.048148
0 0.142187 0.325926 0.027083 0.048148
0 0.755729 0.525926 0.027083 0.048148
0 0.432292 0.037963 0.027083 0.048148
0 0.422917 0.709259 0.027083 0.048148
0 0.495833 0.745370 0.027083 0.048148
0 0.770312 0.306481 0.027083 0.048148
0 0.557292 0.131481 0.027083 0.048148
0 0.750000 0.342593 0.027083 0.048148
0 0.638542 0.218519 0.027083 0.048148
0 0.262500 0.793519 0.027083 0.048148
0 0.536979 0.890741 0.027083 0.048148
0 0.719271 0.102778 0.027083 0.048148
0 0.581771 0.125926 0.027083 0.048148
0 0.205208 0.907407 0.027083 0.048148
0 0.155208 0.567593 0.027083 0.048148
0 0.155208 0.307407 0.027083 0.048148
0 0.804688 0.698148 0.027083 0.048148
0 0.274479 0.527778 0.027083 0.048148
0 0.927083 0.064815 0.027083 0.048148
0 0.292708 0.448148 0.027083 0.048148
0 0.932813 0.803704 0.027083 0.048148
0 0.191667 0.070370 0.027083 0.048148
0 0.382292 0.748148 0.027083 0.048148
0 0.472917 0.675000 0.027083 0.048148
0 0.783333 0.053704 0.027083 0.048148
0 0.523958 0.909259 0.027083 0.048148
0 0.439583 0.348148 0.027083 0.048148
