0 0.377604 0.925926 0.027083 0.048148
0 0.427083 0.919444 0.027083 0.048148
0 0.245312 0.812037 0.027083 0.048148
0 0.235937 0.837037 0.027083 0.048148
0 0.206250 0.937037 0.027083 0.048148
0 0.634896 0.879630 0.027083 0.048148
0 0.325521 0.938889 0.027083 0.048148
0 0.320833 0.714815 0.027083 0.048148
0 0.308333 0.904630 0.027083 0.048148
0 0.414583 0.961111 0.027083 0.048148
0 0.480729 0.905556 0.027083 0.048148
0 0.290625 0.371296 0.027083 0.048148
0 0.501042 0.157407 0.027083 0.048148
0 0.530208 0.900000 0.027083 0.048148
0 0.354687 0.181481 0.027083 0.048148
0 0.508854 0.298148 0.027083 0.048148
0 0.417708 0.363889 0.027083 0.048148
0 0.268229 0.520370 0.027083 0.048148
0 0.559896 0.934259 0.027083 0.048148
0 0.220312 0.722222 0.027083 0.048148
0 0.460417 0.162963 0.027083 0.048148
0 0.439583 0.255556 0.027083 0.048148
0 0.246354 0.897222 0.027083 0.048148
0 0.279167 0.599074 0.027083 0.048148
0 0.196354 0.305556 0.027083 0.048148
0 0.241667 0.443519 0.027083 0.048148
0 0.331771 0.436111 0.027083 0.048148
0 0.168750 0.645370 0.027083 0.048148
0 0.592708 0.339815 0.027083 0.048148
0 0.671875 0.186111 0.027083 0.048148
0 0.439583 0.423148 0.027083 0.048148
0 0.206250 0.528704 0.027083 0.048148
0 0.398438 0.749074 0.027083 0.048148
0 0.622396 0.671296 0.027083 0.048148
0 0.430729 0.302778 0.027083 0.048148
0 0.199479 0.410185 0.027083 0.048148
0 0.336458 0.184259 0.027083 0.048148
0 0.539062 0.687963 0.027083 0.048148
0 0.620833 0.284259 0.027083 0.048148
0 0.230208 0.416667 0.027083 0.048148
0 0.584896 0.928704 0.027083 0.048148
0 0.449479 0.300000 0.027083 0.048148
0 0.421875 0.169444 0.027083 0.048148
0 0.213021 0.643519 0.027083 0.048148
0 0.162500 0.609259 0.027083 0.048148
0 0.530729 0.417593 0.027083 0.048148
0 0.601562 0.966667 0.027083 0.048148
0 0.162500 0.534259 0.027083 0.048148
0 0.394271 0.964815 0.027083 0.048148
