0 0.423438 0.447222 0.027083 0.048148
0 0.425000 0.573148 0.027083 0.048148
0 0.432292 0.321296 0.027083 0.048148
0 0.414583 0.694444 0.027083 0.048148
0 0.267188 0.740741 0.027083 0.048148
0 0.285938 0.513889 0.027083 0.048148
0 0.385937 0.203704 0.027083 0.048148
0 0.311458 0.221296 0.027083 0.048148
0 0.391146 0.447222 0.027083 0.048148
0 0.293229 0.428704 0.027083 0.048148
0 0.279687 0.588889 0.027083 0.048148
0 0.302083 0.327778 0.027083 0.048148
0 0.460417 0.579630 0.027083 0.048148
0 0.659375 0.268519 0.027083 0.048148
0 0.449479 0.350000 0.027083 0.048148
0 0.576042 0.244444 0.027083 0.048148
0 0.420833 0.343519 0.027083 0.048148
0 0.348438 0.200926 0.027083 0.048148
0 0.612500 0.681481 0.027083 0.048148
0 0.272396 0.668519 0.027083 0.048148
0 0.373437 0.185185 0.027083 0.048148
0 0.481250 0.584259 0.027083 0.048148
0 0.292187 0.774074 0.027083 0.048148
0 0.735938 0.420370 0.027083 0.048148
0 0.513542 0.331481 0.027083 0.048148
0 0.472396 0.256481 0.027083 0.048148
0 0.389583 0.336111 0.027083 0.048148
0 0.785417 0.879630 0.027083 0.048148
0 0.305729 0.556481 0.027083 0.048148
0 0.506771 0.593519 0.027083 0.048148
0 0.345833 0.521296 0.027083 0.048148
0 0.446875 0.280556 0.027083 0.048148
0 0.455208 0.306481 0.027083 0.048148
0 0.508333 0.362037 0.027083 0.048148
0 0.298438 0.634259 0.027083 0.048148
0 0.410417 0.532407 0.027083 0.048148
0 0.334896 0.177778 0.027083 0.048148
0 0.316667 0.172222 0.027083 0.048148
0 0.555729 0.233333 0.027083 0.048148
0 0.631771 0.721296 0.027083 0.048148
0 0.514062 0.130556 0.027083 0.048148
0 0.395833 0.590741 0.027083 0.048148
0 0.407292 0.229630 0.027083 0.048148
0 0.551042 0.843519 0.027083 0.048148
0 0.615625 0.775000 0.027083 0.048148
0 0.379167 0.784259 0.027083 0.048148
0 0.296354 0.718519 0.027083 0.048148
0 0.255208 0.437037 0.027083 0.048148
0 0.309375 0.475926 0.027083 0.048148
