0 0.386979 0.392593 0.027083 0.048148
0 0.387500 0.515741 0.027083 0.048148
0 0.233854 0.676852 0.027083 0.048148
0 0.253646 0.456481 0.027083 0.048148
0 0.279687 0.170370 0.027083 0.048148
0 0.260937 0.373148 0.027083 0.048148
0 0.246875 0.528704 0.027083 0.048148
0 0.269792 0.274074 0.027083 0.048148
0 0.393229 0.266667 0.027083 0.048148
0 0.376563 0.633333 0.027083 0.048148
0 0.355729 0.391667 0.027083 0.048148
0 0.239063 0.606481 0.027083 0.048148
0 0.422396 0.523148 0.027083 0.048148
0 0.536979 0.197222 0.027083 0.048148
0 0.342708 0.141667 0.027083 0.048148
0 0.570312 0.625000 0.027083 0.048148
0 0.619271 0.220370 0.027083 0.048148
0 0.413021 0.298148 0.027083 0.048148
0 0.736458 0.819444 0.027083 0.048148
0 0.385937 0.292593 0.027083 0.048148
0 0.442188 0.527778 0.027083 0.048148
0 0.309896 0.146296 0.027083 0.048148
0 0.257812 0.708333 0.027083 0.048148
0 0.284896 0.123148 0.027083 0.048148
0 0.475521 0.282407 0.027083 0.048148
0 0.271875 0.497222 0.027083 0.048148
0 0.572396 0.715741 0.027083 0.048148
0 0.354687 0.283333 0.027083 0.048148
0 0.310417 0.463889 0.027083 0.048148
0 0.732292 0.441667 0.027083 0.048148
0 0.435417 0.209259 0.027083 0.048148
0 0.786979 0.273148 0.027083 0.048148
0 0.373437 0.475926 0.027083 0.048148
0 0.477604 0.085185 0.027083 0.048148
0 0.467187 0.537037 0.027083 0.048148
0 0.516667 0.186111 0.027083 0.048148
0 0.457292 0.343519 0.027083 0.048148
0 0.397396 0.476852 0.027083 0.048148
0 0.265104 0.573148 0.027083 0.048148
0 0.419271 0.255556 0.027083 0.048148
0 0.375000 0.330556 0.027083 0.048148
0 0.303646 0.206481 0.027083 0.048148
0 0.509375 0.780556 0.027083 0.048148
0 0.276562 0.419444 0.027083 0.048148
0 0.469792 0.309259 0.027083 0.048148
0 0.441146 0.265741 0.027083 0.048148
0 0.813542 0.552778 0.027083 0.048148
0 0.439063 0.314815 0.027083 0.048148
0 0.260937 0.650926 0.027083 0.048148
