0 0.338542 0.453704 0.027083 0.048148
0 0.347917 0.575000 0.027083 0.048148
0 0.207292 0.766667 0.027083 0.048148
0 0.211458 0.545370 0.027083 0.048148
0 0.217188 0.259259 0.027083 0.048148
0 0.209896 0.618519 0.027083 0.048148
0 0.214583 0.363889 0.027083 0.048148
0 0.213021 0.462037 0.027083 0.048148
0 0.339062 0.331481 0.027083 0.048148
0 0.207813 0.696296 0.027083 0.048148
0 0.431250 0.415741 0.027083 0.048148
0 0.307292 0.459259 0.027083 0.048148
0 0.382292 0.575000 0.027083 0.048148
0 0.636979 0.369444 0.027083 0.048148
0 0.402604 0.575000 0.027083 0.048148
0 0.360417 0.312963 0.027083 0.048148
0 0.278125 0.218519 0.027083 0.048148
0 0.712500 0.797222 0.027083 0.048148
0 0.553646 0.237963 0.027083 0.048148
0 0.329688 0.355556 0.027083 0.048148
0 0.246875 0.228704 0.027083 0.048148
0 0.373437 0.262963 0.027083 0.048148
0 0.322396 0.395370 0.027083 0.048148
0 0.350521 0.289815 0.027083 0.048148
0 0.343750 0.693519 0.027083 0.048148
0 0.298958 0.352778 0.027083 0.048148
0 0.233333 0.583333 0.027083 0.048148
0 0.265104 0.531481 0.027083 0.048148
0 0.331250 0.537963 0.027083 0.048148
0 0.231250 0.659259 0.027083 0.048148
0 0.472917 0.232407 0.027083 0.048148
0 0.427604 0.577778 0.027083 0.048148
0 0.680729 0.429630 0.027083 0.048148
0 0.232292 0.505556 0.027083 0.048148
0 0.233333 0.738889 0.027083 0.048148
0 0.401042 0.330556 0.027083 0.048148
0 0.556250 0.676852 0.027083 0.048148
0 0.438021 0.223148 0.027083 0.048148
0 0.354687 0.535185 0.027083 0.048148
0 0.615104 0.262037 0.027083 0.048148
0 0.535417 0.641667 0.027083 0.048148
0 0.723437 0.248148 0.027083 0.048148
0 0.308333 0.326852 0.027083 0.048148
0 0.418750 0.325926 0.027083 0.048148
0 0.601042 0.330556 0.027083 0.048148
0 0.232292 0.794444 0.027083 0.048148
0 0.704688 0.352778 0.027083 0.048148
0 0.346354 0.387963 0.027083 0.048148
0 0.416667 0.356481 0.027083 0.048148
