0 0.600000 0.531481 0.027083 0.048148
0 0.554688 0.344444 0.027083 0.048148
0 0.306250 0.610185 0.027083 0.048148
0 0.194792 0.650926 0.027083 0.048148
0 0.305729 0.186111 0.027083 0.048148
0 0.353125 0.242593 0.027083 0.048148
0 0.620313 0.511111 0.027083 0.048148
0 0.369271 0.889815 0.027083 0.048148
0 0.562500 0.386111 0.027083 0.048148
0 0.359375 0.337037 0.027083 0.048148
0 0.711458 0.537963 0.027083 0.048148
0 0.685937 0.260185 0.027083 0.048148
0 0.197917 0.698148 0.027083 0.048148
0 0.295833 0.735185 0.027083 0.048148
0 0.504687 0.804630 0.027083 0.048148
0 0.329167 0.637963 0.027083 0.048148
0 0.330208 0.852778 0.027083 0.048148
0 0.466146 0.883333 0.027083 0.048148
0 0.671875 0.332407 0.027083 0.048148
0 0.621354 0.371296 0.027083 0.048148
0 0.382812 0.346296 0.027083 0.048148
0 0.445312 0.750000 0.027083 0.048148
0 0.559896 0.915741 0.027083 0.048148
0 0.627083 0.316667 0.027083 0.048148
0 0.512500 0.930556 0.027083 0.048148
0 0.308333 0.426852 0.027083 0.048148
0 0.516667 0.218519 0.027083 0.048148
0 0.477083 0.741667 0.027083 0.048148
0 0.792708 0.593519 0.027083 0.048148
0 0.393750 0.205556 0.027083 0.048148
0 0.350521 0.883333 0.027083 0.048148
0 0.468229 0.261111 0.027083 0.048148
0 0.536458 0.937963 0.027083 0.048148
0 0.621354 0.659259 0.027083 0.048148
0 0.461458 0.342593 0.027083 0.048148
0 0.430729 0.507407 0.027083 0.048148
0 0.300521 0.695370 0.027083 0.048148
0 0.543229 0.430556 0.027083 0.048148
0 0.504687 0.494444 0.027083 0.048148
0 0.638542 0.450000 0.027083 0.048148
0 0.175521 0.417593 0.027083 0.048148
0 0.460938 0.788889 0.027083 0.048148
0 0.369271 0.201852 0.027083 0.048148
0 0.606771 0.161111 0.027083 0.048148
0 0.658854 0.178704 0.027083 0.048148
0 0.158854 0.405556 0.027083 0.048148
0 0.214062 0.685185 0.027083 0.048148
0 0.560937 0.462963 0.027083 0.048148
0 0.615104 0.473148 0.027083 0.048148
