0 0.377083 0.394444 0.027083 0.048148
0 0.382812 0.520370 0.027083 0.048148
0 0.381250 0.263889 0.027083 0.048148
0 0.344271 0.396296 0.027083 0.048148
0 0.886458 0.187963 0.027083 0.048148
0 0.886458 0.562963 0.027083 0.048148
0 0.418750 0.524074 0.027083 0.048148
0 0.376042 0.646296 0.027083 0.048148
0 0.178125 0.675926 0.027083 0.048148
0 0.331250 0.148148 0.027083 0.048148
0 0.226042 0.710185 0.027083 0.048148
0 0.441146 0.527778 0.027083 0.048148
0 0.238021 0.475926 0.027083 0.048148
0 0.611458 0.187037 0.027083 0.048148
0 0.254167 0.174074 0.027083 0.048148
0 0.176563 0.315741 0.027083 0.048148
0 0.400521 0.290741 0.027083 0.048148
0 0.242708 0.387963 0.027083 0.048148
0 0.420833 0.192593 0.027083 0.048148
0 0.370312 0.288889 0.027083 0.048148
0 0.465104 0.266667 0.027083 0.048148
0 0.233854 0.553704 0.027083 0.048148
0 0.180729 0.749074 0.027083 0.048148
0 0.247917 0.284259 0.027083 0.048148
0 0.143229 0.437963 0.027083 0.048148
0 0.318229 0.130556 0.027083 0.048148
0 0.339062 0.283333 0.027083 0.048148
0 0.578125 0.612037 0.027083 0.048148
0 0.175000 0.164815 0.027083 0.048148
0 0.292187 0.148148 0.027083 0.048148
0 0.761458 0.796296 0.027083 0.048148
0 0.527083 0.174074 0.027083 0.048148
0 0.739062 0.403704 0.027083 0.048148
0 0.395313 0.221296 0.027083 0.048148
0 0.491146 0.158333 0.027083 0.048148
0 0.259896 0.517593 0.027083 0.048148
0 0.229687 0.635185 0.027083 0.048148
0 0.761979 0.578704 0.027083 0.048148
0 0.467187 0.533333 0.027083 0.048148
0 0.696354 0.333333 0.027083 0.048148
0 0.584896 0.707407 0.027083 0.048148
0 0.252083 0.742593 0.027083 0.048148
0 0.764062 0.053704 0.027083 0.048148
0 0.805729 0.125000 0.027083 0.048148
0 0.404687 0.249074 0.027083 0.048148
0 0.360938 0.326852 0.027083 0.048148
0 0.254167 0.598148 0.027083 0.048148
0 0.280208 0.317593 0.027083 0.048148
0 0.823438 0.623148 0.027083 0.048148
