0 0.503646 0.366667 0.027083 0.048148
0 0.569792 0.512037 0.027083 0.048148
0 0.306771 0.557407 0.027083 0.048148
0 0.487500 0.796296 0.027083 0.048148
0 0.421875 0.923148 0.027083 0.048148
0 0.592187 0.860185 0.027083 0.048148
0 0.584375 0.490741 0.027083 0.048148
0 0.280208 0.462037 0.027083 0.048148
0 0.744792 0.480556 0.027083 0.048148
0 0.604167 0.614815 0.027083 0.048148
0 0.268229 0.350000 0.027083 0.048148
0 0.571875 0.888889 0.027083 0.048148
0 0.552083 0.894444 0.027083 0.048148
0 0.591667 0.426852 0.027083 0.048148
0 0.336458 0.795370 0.027083 0.048148
0 0.380729 0.908333 0.027083 0.048148
0 0.563021 0.250926 0.027083 0.048148
0 0.517188 0.405556 0.027083 0.048148
0 0.405729 0.926852 0.027083 0.048148
0 0.339062 0.504630 0.027083 0.048148
0 0.557292 0.320370 0.027083 0.048148
0 0.328646 0.707407 0.027083 0.048148
0 0.316667 0.580556 0.027083 0.048148
0 0.345833 0.325926 0.027083 0.048148
0 0.592187 0.917593 0.027083 0.048148
0 0.390625 0.548148 0.027083 0.048148
0 0.470313 0.342593 0.027083 0.048148
0 0.623958 0.205556 0.027083 0.048148
0 0.390104 0.962963 0.027083 0.048148
0 0.321354 0.522222 0.027083 0.048148
0 0.603125 0.458333 0.027083 0.048148
0 0.583333 0.388889 0.027083 0.048148
0 0.336979 0.547222 0.027083 0.048148
0 0.338021 0.824074 0.027083 0.048148
0 0.482812 0.449074 0.027083 0.048148
0 0.484375 0.531481 0.027083 0.048148
0 0.615625 0.767593 0.027083 0.048148
0 0.666146 0.237963 0.027083 0.048148
0 0.442708 0.589815 0.027083 0.048148
0 0.468229 0.763889 0.027083 0.048148
0 0.172917 0.601852 0.027083 0.048148
0 0.322396 0.624074 0.027083 0.048148
0 0.182292 0.566667 0.027083 0.048148
0 0.392188 0.216667 0.027083 0.048148
0 0.287500 0.487963 0.027083 0.048148
0 0.609896 0.858333 0.027083 0.048148
0 0.333333 0.450000 0.027083 0.048148
0 0.627083 0.159259 0.027083 0.048148
0 0.452083 0.279630 0.027083 0.048148
