0 0.202604 0.216667 0.027083 0.048148
0 0.266146 0.817593 0.027083 0.048148
0 0.711458 0.658333 0.027083 0.048148
0 0.735417 0.087963 0.027083 0.048148
0 0.368229 0.433333 0.027083 0.048148
0 0.211979 0.318519 0.027083 0.048148
0 0.743750 0.440741 0.027083 0.048148
0 0.222396 0.417593 0.027083 0.048148
0 0.244271 0.618519 0.027083 0.048148
0 0.254688 0.720370 0.027083 0.048148
0 0.725521 0.204630 0.027083 0.048148
0 0.233854 0.524074 0.027083 0.048148
0 0.742188 0.142593 0.027083 0.048148
0 0.267188 0.218519 0.027083 0.048148
0 0.756771 0.272222 0.027083 0.048148
0 0.747396 0.186111 0.027083 0.048148
0 0.291667 0.788889 0.027083 0.048148
0 0.737500 0.246296 0.027083 0.048148
0 0.242188 0.569444 0.027083 0.048148
0 0.248438 0.400000 0.027083 0.048148
0 0.245833 0.842593 0.027083 0.048148
0 0.734375 0.473148 0.027083 0.048148
0 0.718750 0.287963 0.027083 0.048148
0 0.644792 0.551852 0.027083 0.048148
0 0.300521 0.515741 0.027083 0.048148
0 0.712500 0.095370 0.027083 0.048148
0 0.364063 0.117593 0.027083 0.048148
0 0.597396 0.183333 0.027083 0.048148
0 0.717187 0.145370 0.027083 0.048148
0 0.500000 0.068519 0.027083 0.048148
0 0.795833 0.640741 0.027083 0.048148
0 0.429167 0.764815 0.027083 0.048148
0 0.768229 0.382407 0.027083 0.048148
0 0.380729 0.809259 0.027083 0.048148
0 0.192708 0.175000 0.027083 0.048148
0 0.256250 0.487963 0.027083 0.048148
0 0.280729 0.201852 0.027083 0.048148
0 0.761458 0.317593 0.027083 0.048148
0 0.454688 0.684259 0.027083 0.048148
0 0.534375 0.100000 0.027083 0.048148
0 0.380208 0.400926 0.027083 0.048148
0 0.672917 0.048148 0.027083 0.048148
0 0.350521 0.077778 0.027083 0.048148
0 0.509375 0.109259 0.027083 0.048148
0 0.400521 0.355556 0.027083 0.048148
0 0.595833 0.292593 0.027083 0.048148
0 0.753125 0.653704 0.027083 0.048148
0 0.581771 0.136111 0.027083 0.048148
0 0.682813 0.105556 0.027083 0.048148
