0 0.572396 0.743519 0.027083 0.048148
0 0.886458 0.437963 0.027083 0.048148
0 0.685937 0.219444 0.027083 0.048148
0 0.241146 0.243519 0.027083 0.048148
0 0.698958 0.198148 0.027083 0.048148
0 0.330729 0.497222 0.027083 0.048148
0 0.437500 0.212037 0.027083 0.048148
0 0.300000 0.339815 0.027083 0.048148
0 0.464583 0.218519 0.027083 0.048148
0 0.115104 0.571296 0.027083 0.048148
0 0.213542 0.850926 0.027083 0.048148
0 0.291667 0.557407 0.027083 0.048148
0 0.310937 0.706481 0.027083 0.048148
0 0.607812 0.457407 0.027083 0.048148
0 0.248958 0.557407 0.027083 0.048148
0 0.396875 0.613889 0.027083 0.048148
0 0.661458 0.194444 0.027083 0.048148
0 0.536458 0.809259 0.027083 0.048148
0 0.236458 0.508333 0.027083 0.048148
0 0.228125 0.469444 0.027083 0.048148
0 0.365625 0.447222 0.027083 0.048148
0 0.201563 0.252778 0.027083 0.048148
0 0.757812 0.665741 0.027083 0.048148
0 0.509896 0.392593 0.027083 0.048148
0 0.823438 0.376852 0.027083 0.048148
0 0.681250 0.164815 0.027083 0.048148
0 0.198958 0.160185 0.027083 0.048148
0 0.116146 0.159259 0.027083 0.048148
0 0.876563 0.414815 0.027083 0.048148
0 0.610938 0.337037 0.027083 0.048148
0 0.876042 0.461111 0.027083 0.048148
0 0.222396 0.442593 0.027083 0.048148
0 0.136458 0.812963 0.027083 0.048148
0 0.863542 0.187037 0.027083 0.048148
0 0.863542 0.687037 0.027083 0.048148
0 0.822396 0.097222 0.027083 0.048148
0 0.715625 0.822222 0.027083 0.048148
0 0.402083 0.325000 0.027083 0.048148
0 0.227083 0.830556 0.027083 0.048148
0 0.484896 0.201852 0.027083 0.048148
0 0.552604 0.383333 0.027083 0.048148
0 0.117708 0.843519 0.027083 0.048148
0 0.881771 0.155556 0.027083 0.048148
0 0.117708 0.781481 0.027083 0.048148
0 0.882292 0.218519 0.027083 0.048148
0 0.882292 0.718519 0.027083 0.048148
0 0.881771 0.655556 0.027083 0.048148
0 0.083854 0.192593 0.027083 0.048148
0 0.267708 0.700000 0.027083 0.048148
