0 0.641146 0.766667 0.027083 0.048148
0 0.204167 0.353704 0.027083 0.048148
0 0.182292 0.560185 0.027083 0.048148
0 0.548438 0.838889 0.027083 0.048148
0 0.173437 0.665741 0.027083 0.048148
0 0.350521 0.816667 0.027083 0.048148
0 0.231250 0.140741 0.027083 0.048148
0 0.193750 0.454630 0.027083 0.048148
0 0.217708 0.243519 0.027083 0.048148
0 0.321875 0.746296 0.027083 0.048148
0 0.215625 0.725000 0.027083 0.048148
0 0.481250 0.795370 0.027083 0.048148
0 0.628125 0.479630 0.027083 0.048148
0 0.450521 0.814815 0.027083 0.048148
0 0.237500 0.245370 0.027083 0.048148
0 0.494271 0.865741 0.027083 0.048148
0 0.434375 0.780556 0.027083 0.048148
0 0.277083 0.742593 0.027083 0.048148
0 0.756771 0.531481 0.027083 0.048148
0 0.790625 0.208333 0.027083 0.048148
0 0.345833 0.764815 0.027083 0.048148
0 0.340625 0.214815 0.027083 0.048148
0 0.557813 0.074074 0.027083 0.048148
0 0.634375 0.816667 0.027083 0.048148
0 0.309896 0.779630 0.027083 0.048148
0 0.778125 0.553704 0.027083 0.048148
0 0.665104 0.211111 0.027083 0.048148
0 0.519271 0.875926 0.027083 0.048148
0 0.241146 0.037037 0.027083 0.048148
0 0.331250 0.809259 0.027083 0.048148
0 0.736979 0.560185 0.027083 0.048148
0 0.191667 0.661111 0.027083 0.048148
0 0.130729 0.323148 0.027083 0.048148
0 0.736979 0.350926 0.027083 0.048148
0 0.382292 0.764815 0.027083 0.048148
0 0.636458 0.454630 0.027083 0.048148
0 0.558333 0.771296 0.027083 0.048148
0 0.528125 0.812963 0.027083 0.048148
0 0.795312 0.564815 0.027083 0.048148
0 0.565625 0.164815 0.027083 0.048148
0 0.699479 0.833333 0.027083 0.048148
0 0.691146 0.635185 0.027083 0.048148
0 0.312500 0.843519 0.027083 0.048148
0 0.534375 0.912963 0.027083 0.048148
0 0.773958 0.596296 0.027083 0.048148
0 0.375521 0.827778 0.027083 0.048148
0 0.153646 0.688889 0.027083 0.048148
0 0.665625 0.312037 0.027083 0.048148
0 0.466146 0.037037 0.027083 0.048148
