0 0.322917 0.399074 0.027083 0.048148
0 0.329688 0.531481 0.027083 0.048148
0 0.327083 0.260185 0.027083 0.048148
0 0.275000 0.137037 0.027083 0.048148
0 0.661979 0.333333 0.027083 0.048148
0 0.321875 0.664815 0.027083 0.048148
0 0.366667 0.535185 0.027083 0.048148
0 0.289062 0.400000 0.027083 0.048148
0 0.344792 0.288889 0.027083 0.048148
0 0.368229 0.185185 0.027083 0.048148
0 0.444271 0.148148 0.027083 0.048148
0 0.259896 0.116667 0.027083 0.048148
0 0.228646 0.130556 0.027083 0.048148
0 0.283854 0.281481 0.027083 0.048148
0 0.391667 0.537963 0.027083 0.048148
0 0.417708 0.543519 0.027083 0.048148
0 0.731250 0.824074 0.027083 0.048148
0 0.415625 0.264815 0.027083 0.048148
0 0.569792 0.178704 0.027083 0.048148
0 0.315104 0.227778 0.027083 0.048148
0 0.197396 0.528704 0.027083 0.048148
0 0.488542 0.168519 0.027083 0.048148
0 0.189062 0.767593 0.027083 0.048148
0 0.192708 0.702778 0.027083 0.048148
0 0.334375 0.321296 0.027083 0.048148
0 0.240104 0.475000 0.027083 0.048148
0 0.315625 0.287963 0.027083 0.048148
0 0.699479 0.248148 0.027083 0.048148
0 0.342708 0.217593 0.027083 0.048148
0 0.295833 0.198148 0.027083 0.048148
0 0.353125 0.246296 0.027083 0.048148
0 0.282813 0.322222 0.027083 0.048148
0 0.535417 0.628704 0.027083 0.048148
0 0.191146 0.613889 0.027083 0.048148
0 0.295312 0.247222 0.027083 0.048148
0 0.313021 0.490741 0.027083 0.048148
0 0.278646 0.595370 0.027083 0.048148
0 0.305208 0.324074 0.027083 0.048148
0 0.638542 0.786111 0.027083 0.048148
0 0.233333 0.774074 0.027083 0.048148
0 0.473438 0.812037 0.027083 0.048148
0 0.392188 0.262963 0.027083 0.048148
0 0.335938 0.489815 0.027083 0.048148
0 0.293750 0.695370 0.027083 0.048148
0 0.411458 0.296296 0.027083 0.048148
0 0.534375 0.325926 0.027083 0.048148
0 0.263542 0.317593 0.027083 0.048148
0 0.161979 0.732407 0.027083 0.048148
0 0.298438 0.163889 0.027083 0.048148
