0 0.551562 0.636111 0.00625 0.0111111 0.407245
0 0.495052 0.632407 0.00677083 0.0111111 0.409656
0 0.378906 0.739352 0.00677083 0.0101852 0.426329
0 0.496875 0.850926 0.00625 0.0111111 0.540516
0 0.495833 0.738889 0.00729167 0.0111111 0.545597
0 0.552865 0.739815 0.00677083 0.0111111 0.545888
0 0.553906 0.849074 0.00572917 0.0111111 0.550326
0 0.43776 0.534259 0.00677083 0.0111111 0.555904
0 0.433333 0.426389 0.00729167 0.012037 0.556473
0 0.435937 0.737037 0.00729167 0.0111111 0.559348
0 0.382031 0.6375 0.00677083 0.012037 0.56232
0 0.373177 0.423148 0.0078125 0.0111111 0.569032
0 0.553125 0.203704 0.00729167 0.0111111 0.589889
0 0.613542 0.203241 0.00833333 0.0101852 0.592664
0 0.377604 0.849074 0.00729167 0.0111111 0.602059
0 0.492708 0.426389 0.00729167 0.012037 0.616589
0 0.54974 0.534722 0.00677083 0.012037 0.61832
0 0.429427 0.203704 0.0078125 0.0111111 0.622113
0 0.369792 0.203704 0.00729167 0.0111111 0.628498
0 0.551302 0.426852 0.0078125 0.012963 0.643065
0 0.438021 0.634722 0.00729167 0.012037 0.644363
0 0.493229 0.531018 0.00729167 0.012037 0.649451
0 0.491667 0.20463 0.00833333 0.0111111 0.659186
0 0.427865 0.306944 0.0078125 0.012037 0.671559
0 0.382292 0.535648 0.00729167 0.012037 0.684392
0 0.367969 0.305556 0.0078125 0.0111111 0.687498
0 0.669792 0.426852 0.00729167 0.0111111 0.690347
0 0.616146 0.304167 0.009375 0.012037 0.691128
0 0.322917 0.637037 0.00625 0.0111111 0.691559
0 0.554167 0.307407 0.00833333 0.012963 0.694415
0 0.609896 0.427778 0.00729167 0.012963 0.700173
0 0.605208 0.535185 0.00625 0.012963 0.702298
0 0.609115 0.635648 0.00677083 0.012037 0.704848
0 0.492448 0.306944 0.0078125 0.012037 0.707646
0 0.436198 0.850463 0.0078125 0.012037 0.713077
0 0.315104 0.422685 0.00729167 0.012037 0.716322
0 0.669271 0.737963 0.00833333 0.012963 0.725392
0 0.664323 0.633333 0.00885417 0.012963 0.735587
0 0.673698 0.203241 0.00885417 0.012037 0.74026
0 0.661458 0.534722 0.00729167 0.012037 0.75364
0 0.309375 0.207407 0.00833333 0.0111111 0.755082
0 0.613281 0.848611 0.0078125 0.0138889 0.758731
0 0.320052 0.850463 0.0078125 0.012037 0.760237
0 0.321615 0.739815 0.00885417 0.012963 0.762466
0 0.325521 0.536574 0.00729167 0.0138889 0.762883
0 0.307552 0.306944 0.0078125 0.0138889 0.775763
0 0.671354 0.848611 0.00833333 0.012037 0.779824
0 0.611979 0.738426 0.0104167 0.0175926 0.833382
0 0.678906 0.308333 0.0140625 0.0185185 0.876863
