0 0.559896 0.828704 0.00833333 0.0111111 0.516659
0 0.558073 0.749074 0.00885417 0.0111111 0.549848
0 0.510938 0.761574 0.00833333 0.012037 0.56509
0 0.5125 0.835648 0.009375 0.0138889 0.578143
0 0.765885 0.347222 0.0078125 0.0148148 0.58173
0 0.605729 0.663889 0.009375 0.012963 0.591815
0 0.509115 0.677315 0.0078125 0.012037 0.605529
0 0.768229 0.458333 0.00833333 0.0185185 0.620408
0 0.460677 0.764815 0.0078125 0.012963 0.623714
0 0.558073 0.672222 0.00885417 0.012963 0.628463
0 0.6625 0.47963 0.00833333 0.0148148 0.648319
0 0.461979 0.918519 0.00833333 0.012963 0.656351
0 0.704167 0.814352 0.00729167 0.012037 0.658375
0 0.459115 0.686111 0.0078125 0.012963 0.661408
0 0.497135 0.584259 0.0078125 0.0148148 0.662997
0 0.610417 0.823611 0.009375 0.012037 0.663065
0 0.552865 0.585185 0.00677083 0.012963 0.666903
0 0.751562 0.887037 0.00833333 0.012963 0.669186
0 0.559635 0.909259 0.0078125 0.012963 0.669676
0 0.750521 0.809259 0.00833333 0.0148148 0.669707
0 0.4375 0.368981 0.00833333 0.0138889 0.671874
0 0.49349 0.363426 0.0078125 0.0138889 0.67374
0 0.704167 0.736574 0.00729167 0.012037 0.675928
0 0.608333 0.747222 0.0104167 0.012963 0.679635
0 0.657812 0.817593 0.009375 0.012963 0.685708
0 0.548437 0.479167 0.015625 0.0194444 0.687845
0 0.609375 0.903241 0.00833333 0.012037 0.690598
0 0.659115 0.575 0.0078125 0.012963 0.69436
0 0.703385 0.893519 0.0078125 0.012963 0.696381
0 0.511458 0.9125 0.00833333 0.0138889 0.698634
0 0.4625 0.841667 0.00833333 0.0148148 0.699735
0 0.703125 0.659259 0.00729167 0.012963 0.700029
0 0.65651 0.898148 0.0078125 0.012963 0.701919
0 0.447656 0.591667 0.0109375 0.0203704 0.704708
0 0.709896 0.573148 0.00729167 0.012963 0.710258
0 0.548958 0.3625 0.00833333 0.0157407 0.717289
0 0.657552 0.740278 0.0109375 0.0138889 0.741109
0 0.65651 0.663426 0.0119792 0.0157407 0.752552
0 0.750781 0.735185 0.0078125 0.0148148 0.756604
0 0.75026 0.665278 0.0078125 0.0157407 0.757552
0 0.758073 0.575926 0.0078125 0.0166667 0.759701
0 0.436198 0.47963 0.0119792 0.0222222 0.76163
0 0.606771 0.581481 0.00833333 0.0166667 0.768441
0 0.603385 0.474074 0.0109375 0.0148148 0.775447
0 0.492188 0.475463 0.0177083 0.0231481 0.776482
0 0.603906 0.356481 0.0109375 0.0222222 0.787206
0 0.715885 0.352315 0.00885417 0.0194444 0.810629
0 0.660677 0.356481 0.00885417 0.0203704 0.829515
0 0.716406 0.460648 0.0130208 0.0231481 0.834045
