0 0.398698 0.603704 0.0078125 0.0148148 0.325744
0 0.332812 0.798148 0.00833333 0.012963 0.582409
0 0.646094 0.558333 0.0078125 0.012963 0.626701
0 0.332552 0.202315 0.0078125 0.012037 0.63894
0 0.336458 0.706944 0.0114583 0.0138889 0.644077
0 0.40026 0.515741 0.0078125 0.0148148 0.664389
0 0.598958 0.621759 0.00729167 0.012037 0.671039
0 0.644792 0.769907 0.009375 0.0157407 0.671157
0 0.451302 0.318519 0.00677083 0.012963 0.677059
0 0.646615 0.695833 0.0078125 0.0138889 0.681099
0 0.392969 0.203704 0.0078125 0.012963 0.699014
0 0.392188 0.310185 0.00833333 0.0166667 0.704994
0 0.607031 0.468519 0.00572917 0.0111111 0.705534
0 0.338281 0.507407 0.0078125 0.0148148 0.708084
0 0.339583 0.60787 0.0125 0.0157407 0.710297
0 0.66276 0.368981 0.00989583 0.0157407 0.74051
0 0.475 0.616667 0.00833333 0.012963 0.744875
0 0.659115 0.484722 0.00677083 0.012037 0.747758
0 0.55651 0.769907 0.00677083 0.0138889 0.758067
0 0.614844 0.236111 0.00885417 0.0185185 0.758301
0 0.558073 0.691204 0.00677083 0.012037 0.76151
0 0.507552 0.325926 0.00677083 0.012963 0.761692
0 0.657812 0.235648 0.00729167 0.0157407 0.762711
0 0.452083 0.2125 0.00729167 0.0157407 0.763327
0 0.3375 0.409259 0.00729167 0.0148148 0.763915
0 0.60026 0.548148 0.0078125 0.012963 0.766032
0 0.400521 0.707407 0.009375 0.0185185 0.76944
0 0.460156 0.437963 0.00677083 0.012963 0.773341
0 0.468229 0.531018 0.00729167 0.012037 0.78024
0 0.609896 0.343056 0.00729167 0.0157407 0.787765
0 0.333854 0.305556 0.009375 0.0185185 0.788346
0 0.508594 0.454167 0.00677083 0.0138889 0.792297
0 0.557292 0.456019 0.00729167 0.0138889 0.796104
0 0.60026 0.693981 0.0078125 0.0157407 0.797902
0 0.465104 0.700463 0.00625 0.0157407 0.803638
0 0.397656 0.412037 0.00989583 0.0203704 0.822453
0 0.515104 0.544907 0.0125 0.0194444 0.826568
0 0.553906 0.537037 0.00885417 0.0148148 0.828406
0 0.507031 0.216667 0.0078125 0.0166667 0.832273
0 0.516146 0.687963 0.00833333 0.0185185 0.847613
0 0.465625 0.788426 0.00729167 0.0194444 0.848614
0 0.404427 0.805556 0.00989583 0.0185185 0.850677
0 0.561198 0.34213 0.00885417 0.0194444 0.855538
0 0.561198 0.222222 0.0109375 0.0203704 0.861183
0 0.601562 0.7625 0.0104167 0.0194444 0.864124
0 0.515104 0.780093 0.009375 0.0212963 0.870098
0 0.646875 0.626852 0.0125 0.0185185 0.876319
