0 0.399219 0.60463 0.0078125 0.0148148 0.432629
0 0.645833 0.55787 0.00729167 0.012037 0.463183
0 0.332812 0.797685 0.00833333 0.012037 0.542145
0 0.451562 0.318056 0.00625 0.012037 0.591169
0 0.333073 0.202315 0.0078125 0.012037 0.603388
0 0.598177 0.620833 0.0078125 0.012037 0.612167
0 0.646615 0.695833 0.0078125 0.0138889 0.623451
0 0.336458 0.70787 0.0114583 0.0138889 0.628197
0 0.607031 0.468981 0.00572917 0.0101852 0.636786
0 0.4 0.514815 0.00833333 0.0148148 0.668244
0 0.392969 0.203704 0.0078125 0.012963 0.677824
0 0.644792 0.769444 0.00833333 0.0148148 0.693784
0 0.6625 0.369444 0.009375 0.0148148 0.699773
0 0.658854 0.484722 0.00729167 0.012037 0.70434
0 0.6 0.546759 0.00833333 0.012037 0.704671
0 0.475 0.616667 0.00833333 0.012963 0.704737
0 0.340104 0.608333 0.0125 0.0166667 0.709445
0 0.558073 0.690741 0.00677083 0.0111111 0.710569
0 0.55651 0.769907 0.00677083 0.0138889 0.713703
0 0.338542 0.507407 0.00833333 0.0148148 0.716302
0 0.467969 0.531018 0.00677083 0.012037 0.722159
0 0.460156 0.4375 0.00677083 0.012037 0.722898
0 0.507812 0.325926 0.00625 0.012963 0.723619
0 0.392188 0.310648 0.00833333 0.0157407 0.728279
0 0.452083 0.212037 0.00729167 0.0148148 0.730417
0 0.615104 0.235185 0.00833333 0.0185185 0.732722
0 0.609896 0.342593 0.00729167 0.0148148 0.740988
0 0.657812 0.235185 0.00729167 0.0148148 0.748185
0 0.508594 0.453704 0.00677083 0.012963 0.75364
0 0.33724 0.409259 0.0078125 0.0148148 0.758563
0 0.60026 0.693981 0.0078125 0.0157407 0.764556
0 0.557552 0.455093 0.00677083 0.0138889 0.765972
0 0.400521 0.708333 0.009375 0.0166667 0.771342
0 0.464583 0.700926 0.00625 0.0148148 0.775233
0 0.334115 0.305556 0.00885417 0.0166667 0.779153
0 0.553906 0.536574 0.00885417 0.0157407 0.782681
0 0.514844 0.544444 0.0119792 0.0185185 0.80286
0 0.601302 0.763426 0.00989583 0.0175926 0.811426
0 0.507031 0.216204 0.0078125 0.0157407 0.817369
0 0.465625 0.787963 0.00729167 0.0185185 0.818564
0 0.560938 0.340741 0.00729167 0.0185185 0.82432
0 0.397656 0.412037 0.00989583 0.0185185 0.826318
0 0.560677 0.222222 0.0109375 0.0203704 0.840254
0 0.404427 0.805556 0.00989583 0.0185185 0.841803
0 0.516146 0.688426 0.00833333 0.0175926 0.844563
0 0.646875 0.627315 0.0125 0.0175926 0.855977
0 0.514844 0.780093 0.00885417 0.0212963 0.859363
