0 0.605208 0.660185 0.009375 0.012963 0.556907
0 0.499219 0.435648 0.0171875 0.025 0.593934
0 0.776563 0.402778 0.00833333 0.0166667 0.595615
0 0.454948 0.709722 0.0078125 0.012037 0.639905
0 0.505729 0.722685 0.009375 0.012037 0.646978
0 0.553906 0.726389 0.0078125 0.0101852 0.655417
0 0.447917 0.309259 0.00833333 0.0148148 0.66223
0 0.548177 0.886111 0.0078125 0.012963 0.669579
0 0.645833 0.90787 0.00729167 0.012037 0.678772
0 0.741667 0.92963 0.00833333 0.012963 0.686134
0 0.457812 0.632407 0.00729167 0.012963 0.69082
0 0.692187 0.919444 0.00729167 0.0111111 0.695579
0 0.500521 0.54213 0.00729167 0.0138889 0.697461
0 0.602344 0.818519 0.00885417 0.012963 0.706477
0 0.451562 0.863426 0.00833333 0.0138889 0.710725
0 0.613021 0.358333 0.0104167 0.0222222 0.714046
0 0.554427 0.561111 0.00677083 0.012963 0.716733
0 0.746875 0.709259 0.00833333 0.0148148 0.722422
0 0.553125 0.806019 0.009375 0.0138889 0.72265
0 0.507552 0.639815 0.0078125 0.012963 0.723186
0 0.696354 0.840741 0.00833333 0.012963 0.723783
0 0.504427 0.324537 0.0078125 0.0138889 0.725852
0 0.726042 0.3875 0.009375 0.0194444 0.729943
0 0.745573 0.777315 0.00885417 0.0138889 0.738542
0 0.49974 0.873148 0.00885417 0.0148148 0.742345
0 0.608594 0.576852 0.0078125 0.0148148 0.744066
0 0.504167 0.795833 0.009375 0.0157407 0.747132
0 0.758333 0.621759 0.00729167 0.0157407 0.749358
0 0.603125 0.741204 0.0104167 0.0138889 0.75006
0 0.65 0.828704 0.009375 0.012963 0.750667
0 0.664323 0.49213 0.00885417 0.0157407 0.750901
0 0.700521 0.6875 0.009375 0.0138889 0.752103
0 0.55651 0.649537 0.0109375 0.0138889 0.753389
0 0.599219 0.898148 0.0078125 0.012963 0.755311
0 0.699479 0.763889 0.009375 0.012963 0.755567
0 0.651823 0.751389 0.0109375 0.0138889 0.762885
0 0.453385 0.785648 0.00885417 0.0157407 0.765445
0 0.742188 0.851852 0.00833333 0.012963 0.76637
0 0.659896 0.588889 0.00833333 0.012963 0.778403
0 0.559896 0.34213 0.00833333 0.0157407 0.780007
0 0.710156 0.601852 0.00677083 0.012963 0.788315
0 0.773958 0.512037 0.009375 0.0185185 0.78879
0 0.610156 0.469444 0.00989583 0.0166667 0.796037
0 0.653646 0.672222 0.0114583 0.0148148 0.797855
0 0.449479 0.533333 0.0114583 0.0203704 0.812637
0 0.553906 0.45787 0.0130208 0.0194444 0.815683
0 0.670052 0.373148 0.00885417 0.0203704 0.833731
0 0.441927 0.418519 0.0119792 0.0222222 0.838984
0 0.720833 0.497222 0.0135417 0.0259259 0.885761
