0 0.695052 0.859259 0.007812 0.009259
0 0.698437 0.763889 0.004167 0.009259
0 0.701042 0.659722 0.004167 0.010185
0 0.700000 0.553241 0.006250 0.010185
0 0.701823 0.450926 0.004687 0.009259
0 0.701042 0.349537 0.006250 0.010185
0 0.703646 0.249074 0.006250 0.007407
0 0.639323 0.862037 0.004687 0.011111
0 0.640104 0.761574 0.006250 0.008333
0 0.639323 0.658333 0.007812 0.007407
0 0.640104 0.553241 0.004167 0.008333
0 0.641406 0.449537 0.006771 0.004630
0 0.641927 0.345370 0.009896 0.009259
0 0.643229 0.243981 0.003125 0.006481
0 0.581771 0.858796 0.005208 0.008333
0 0.582031 0.759722 0.004687 0.004630
0 0.578125 0.652315 0.003125 0.004630
0 0.578646 0.553241 0.006250 0.008333
0 0.577865 0.458333 0.002604 0.005556
0 0.579688 0.366667 0.005208 0.007407
0 0.580208 0.267593 0.006250 0.011111
0 0.520052 0.854167 0.008854 0.010185
0 0.523438 0.754630 0.005208 0.009259
0 0.522917 0.647222 0.006250 0.011111
0 0.523958 0.552315 0.006250 0.012037
0 0.521875 0.466667 0.005208 0.011111
0 0.522917 0.382870 0.006250 0.012037
0 0.525000 0.290741 0.005208 0.011111
0 0.465625 0.845833 0.004167 0.012037
0 0.466927 0.750000 0.006771 0.009259
0 0.469792 0.642593 0.005208 0.007407
0 0.474479 0.550000 0.006250 0.011111
0 0.474479 0.468519 0.004167 0.007407
0 0.477083 0.381944 0.004167 0.008333
0 0.476562 0.293056 0.006250 0.006481
0 0.410937 0.840278 0.007292 0.006481
0 0.410937 0.745370 0.005208 0.009259
0 0.419271 0.637500 0.006250 0.008333
0 0.426042 0.548148 0.006250 0.007407
0 0.429948 0.466204 0.003646 0.008333
0 0.428385 0.378241 0.007812 0.010185
0 0.429427 0.295833 0.004687 0.010185
0 0.358073 0.833796 0.006771 0.008333
0 0.357812 0.740741 0.007292 0.009259
0 0.369531 0.636111 0.005729 0.011111
0 0.380990 0.549074 0.005729 0.009259
0 0.383854 0.465278 0.007292 0.012037
0 0.380208 0.379630 0.005208 0.009259
0 0.383854 0.292130 0.007292 0.010185
