0 0.563021 0.251389 0.00833333 0.0138889 0.251296
0 0.754427 0.474074 0.0078125 0.0148148 0.27097
0 0.488021 0.348148 0.009375 0.0148148 0.274394
0 0.66276 0.468519 0.00677083 0.0111111 0.347933
0 0.553385 0.352778 0.0078125 0.0148148 0.360716
0 0.755469 0.297685 0.00677083 0.012037 0.361817
0 0.661979 0.560648 0.00625 0.012037 0.363959
0 0.754167 0.387037 0.00625 0.0111111 0.381775
0 0.805208 0.302315 0.00729167 0.012037 0.410705
0 0.803385 0.389815 0.00677083 0.0111111 0.449719
0 0.484896 0.451852 0.009375 0.0148148 0.450455
0 0.477604 0.651852 0.009375 0.0148148 0.451766
0 0.674479 0.294444 0.00729167 0.012963 0.453357
0 0.70625 0.562037 0.00625 0.0111111 0.464015
0 0.74974 0.563426 0.00677083 0.012037 0.467381
0 0.476042 0.755093 0.00729167 0.012037 0.478348
0 0.801042 0.565278 0.00729167 0.012037 0.48164
0 0.709635 0.385185 0.00885417 0.012963 0.482522
0 0.61224 0.358796 0.00989583 0.0175926 0.48508
0 0.714844 0.294907 0.0078125 0.0138889 0.485706
0 0.798177 0.655093 0.0078125 0.012037 0.50132
0 0.661719 0.827778 0.00989583 0.0166667 0.504536
0 0.552083 0.452315 0.00729167 0.0138889 0.506107
0 0.552344 0.655093 0.0119792 0.0157407 0.507055
0 0.751302 0.650463 0.0078125 0.012037 0.512434
0 0.478906 0.552778 0.00885417 0.0148148 0.517673
0 0.664844 0.384722 0.00677083 0.012037 0.523375
0 0.608594 0.460185 0.00885417 0.0148148 0.535747
0 0.747396 0.74537 0.00833333 0.012963 0.544543
0 0.623958 0.269444 0.00833333 0.0148148 0.546475
0 0.550781 0.758796 0.0078125 0.012037 0.546934
0 0.661198 0.65 0.0078125 0.0148148 0.56403
0 0.607813 0.558796 0.00833333 0.0138889 0.565888
0 0.803646 0.478704 0.009375 0.0148148 0.568703
0 0.705469 0.651852 0.0078125 0.0148148 0.576312
0 0.551042 0.556481 0.0104167 0.0166667 0.577516
0 0.490625 0.252778 0.00833333 0.0148148 0.593276
0 0.703385 0.741667 0.0109375 0.0166667 0.593526
0 0.475781 0.854167 0.0130208 0.0194444 0.596203
0 0.610417 0.651852 0.0104167 0.0166667 0.600104
0 0.660937 0.737963 0.0104167 0.0185185 0.626671
0 0.797917 0.75 0.0104167 0.0148148 0.640227
0 0.55026 0.857407 0.0130208 0.0203704 0.647007
0 0.619271 0.840741 0.009375 0.0166667 0.647133
0 0.608854 0.75 0.0104167 0.0166667 0.648411
0 0.79349 0.841204 0.00989583 0.0175926 0.657027
0 0.745573 0.833796 0.00885417 0.0157407 0.666225
0 0.702083 0.835648 0.0104167 0.0175926 0.691307
