0 0.728125 0.284259 0.00625 0.0111111 0.260643
0 0.777344 0.283796 0.00677083 0.012037 0.277711
0 0.688802 0.375 0.00572917 0.0111111 0.292725
0 0.745052 0.551389 0.00677083 0.0101852 0.31305
0 0.701042 0.553241 0.00625 0.012037 0.317803
0 0.532552 0.256944 0.0078125 0.0138889 0.338086
0 0.5625 0.766204 0.00729167 0.012037 0.351012
0 0.68776 0.286574 0.00677083 0.012037 0.367992
0 0.663281 0.648148 0.00677083 0.012963 0.3686
0 0.647656 0.291204 0.00677083 0.012037 0.370037
0 0.79401 0.546759 0.0078125 0.012037 0.382919
0 0.465104 0.26713 0.00833333 0.0138889 0.386401
0 0.678646 0.825 0.009375 0.0166667 0.395006
0 0.645573 0.381481 0.00677083 0.0111111 0.410985
0 0.533333 0.362963 0.00833333 0.012963 0.413425
0 0.474479 0.468981 0.00833333 0.012037 0.414003
0 0.753125 0.638889 0.00729167 0.0111111 0.415961
0 0.46875 0.366667 0.009375 0.012963 0.418849
0 0.603385 0.561111 0.0078125 0.012963 0.422653
0 0.782812 0.372685 0.00625 0.0101852 0.42564
0 0.596094 0.463426 0.0078125 0.012037 0.432083
0 0.591667 0.362037 0.00833333 0.0148148 0.434005
0 0.539583 0.459259 0.00729167 0.012963 0.442499
0 0.48776 0.771296 0.00677083 0.0111111 0.448845
0 0.554948 0.6625 0.00989583 0.012037 0.450547
0 0.799479 0.639352 0.00833333 0.012037 0.45448
0 0.7125 0.734259 0.009375 0.0148148 0.456035
0 0.48151 0.66713 0.0078125 0.0138889 0.463494
0 0.614062 0.654167 0.00833333 0.0138889 0.463918
0 0.708073 0.644444 0.0078125 0.012963 0.464666
0 0.474479 0.569444 0.00833333 0.012963 0.464914
0 0.790104 0.461111 0.009375 0.012963 0.467462
0 0.75651 0.73287 0.0078125 0.012037 0.473019
0 0.596615 0.271296 0.0078125 0.012963 0.484162
0 0.619271 0.752778 0.00833333 0.0148148 0.484313
0 0.761719 0.822685 0.0078125 0.0157407 0.489982
0 0.670052 0.737037 0.00989583 0.0166667 0.506744
0 0.545833 0.565741 0.00833333 0.012963 0.512062
0 0.808073 0.733333 0.0109375 0.0148148 0.54103
0 0.6375 0.84213 0.00833333 0.0138889 0.561912
0 0.719531 0.828241 0.00989583 0.0175926 0.56546
0 0.570573 0.865741 0.0130208 0.0185185 0.596823
0 0.810417 0.825 0.009375 0.0148148 0.61432
0 0.495313 0.870833 0.0114583 0.0157407 0.620519
