0 0.695198 0.218345 0.006950 0.011469
0 0.640841 0.218786 0.006454 0.012351
0 0.588717 0.225402 0.007446 0.011469
0 0.537089 0.224961 0.009432 0.017645
0 0.482979 0.232019 0.007446 0.017644
0 0.431848 0.232901 0.007446 0.017644
0 0.381958 0.234224 0.006950 0.013233
0 0.381462 0.335678 0.006950 0.018526
0 0.392631 0.449923 0.006454 0.014115
0 0.401071 0.533291 0.007446 0.014998
0 0.400822 0.601221 0.006950 0.011469
0 0.402063 0.670915 0.006454 0.009704
0 0.400325 0.745460 0.005957 0.010586
0 0.431104 0.337001 0.012907 0.022937
0 0.483476 0.344500 0.007446 0.014998
0 0.537833 0.337442 0.009929 0.014998
0 0.589709 0.335678 0.015389 0.018526
0 0.643075 0.327297 0.016878 0.022937
0 0.696439 0.322886 0.010424 0.021173
0 0.686759 0.431397 0.009929 0.017645
0 0.638855 0.430073 0.005460 0.011469
0 0.586483 0.436248 0.005957 0.011469
0 0.536096 0.440219 0.006454 0.015880
0 0.486702 0.438454 0.006950 0.012351
0 0.438054 0.441101 0.004964 0.010586
0 0.677079 0.525351 0.006454 0.009704
0 0.676335 0.600339 0.004964 0.013233
0 0.676832 0.672238 0.007942 0.014115
0 0.676335 0.746342 0.007942 0.012351
0 0.629175 0.518734 0.005957 0.012351
0 0.583008 0.521381 0.008936 0.014115
0 0.536593 0.517853 0.006454 0.012351
0 0.489681 0.521822 0.010921 0.013233
0 0.445996 0.524028 0.005957 0.010586
0 0.445748 0.596810 0.005460 0.011469
0 0.445748 0.670032 0.005460 0.007940
0 0.447237 0.746342 0.007446 0.008822
0 0.492659 0.744578 0.007942 0.010586
0 0.488936 0.670032 0.008439 0.011469
0 0.489929 0.594604 0.009432 0.014115
0 0.535599 0.745901 0.006454 0.009704
0 0.535352 0.670915 0.005957 0.007939
0 0.534855 0.596810 0.009929 0.013233
0 0.583752 0.592839 0.005460 0.007057
0 0.582263 0.670032 0.007446 0.007940
0 0.583504 0.746342 0.004964 0.010586
0 0.630167 0.599015 0.007942 0.010586
0 0.626196 0.673119 0.009929 0.015880
0 0.630416 0.745460 0.007446 0.015880
