0 0.784896 0.273148 0.00625 0.0111111 0.278843
0 0.654948 0.287963 0.00677083 0.0111111 0.296797
0 0.66276 0.643519 0.00572917 0.0111111 0.297668
0 0.753646 0.724537 0.00729167 0.012037 0.307359
0 0.804427 0.812963 0.00885417 0.0148148 0.315253
0 0.709635 0.727778 0.0078125 0.012963 0.35436
0 0.706771 0.638889 0.00729167 0.0111111 0.360641
0 0.715365 0.823148 0.00885417 0.0166667 0.36181
0 0.61276 0.654167 0.0078125 0.012037 0.369806
0 0.795573 0.536111 0.0078125 0.0111111 0.371534
0 0.603646 0.561574 0.00729167 0.0101852 0.390117
0 0.598177 0.463889 0.0078125 0.0111111 0.399797
0 0.752604 0.630556 0.00625 0.0111111 0.400209
0 0.475781 0.477315 0.0078125 0.012037 0.449181
0 0.616146 0.752315 0.00833333 0.012037 0.466436
0 0.597656 0.364815 0.0078125 0.012963 0.468572
0 0.798958 0.626852 0.00833333 0.012963 0.471925
0 0.604427 0.273148 0.00677083 0.0111111 0.476028
0 0.552865 0.666667 0.00989583 0.0111111 0.501186
0 0.666927 0.731944 0.00885417 0.0157407 0.509565
0 0.542708 0.463889 0.00729167 0.0111111 0.512765
0 0.803906 0.721296 0.0109375 0.0148148 0.51708
0 0.558333 0.768981 0.00729167 0.0101852 0.517496
0 0.631771 0.840278 0.00729167 0.012037 0.518672
0 0.483073 0.77963 0.00677083 0.00925926 0.52485
0 0.539062 0.366667 0.00833333 0.0111111 0.542231
0 0.540625 0.263426 0.00729167 0.012037 0.550765
0 0.472917 0.376389 0.009375 0.012037 0.552816
0 0.488802 0.877315 0.0109375 0.0157407 0.570681
0 0.46875 0.275463 0.00729167 0.012037 0.576311
0 0.480208 0.677315 0.00833333 0.012037 0.587534
0 0.546615 0.569444 0.0078125 0.012963 0.597751
0 0.475 0.580093 0.009375 0.012037 0.613526
0 0.564062 0.868519 0.0125 0.0148148 0.650808
