0 0.583594 0.967593 0.00677083 0.0111111 0.272761
0 0.701302 0.971296 0.00677083 0.0111111 0.27668
0 0.625 0.755093 0.00729167 0.012037 0.292166
0 0.642969 0.97037 0.00677083 0.0111111 0.2922
0 0.665104 0.548148 0.00729167 0.012963 0.296444
0 0.575521 0.855556 0.00729167 0.012963 0.297772
0 0.51849 0.855093 0.00677083 0.012037 0.322197
0 0.526042 0.965741 0.00729167 0.0111111 0.337039
0 0.723437 0.553241 0.00729167 0.012037 0.373693
0 0.690885 0.861574 0.0078125 0.012037 0.375112
0 0.633594 0.858333 0.0078125 0.012963 0.377698
0 0.60599 0.545833 0.00677083 0.012037 0.385379
0 0.671875 0.659259 0.00729167 0.012963 0.393003
0 0.720573 0.428704 0.00885417 0.012963 0.395131
0 0.615104 0.652778 0.00729167 0.012963 0.39972
0 0.759375 0.973611 0.00729167 0.012037 0.413938
0 0.488542 0.539352 0.00833333 0.012037 0.419677
0 0.816927 0.975926 0.00885417 0.012963 0.420109
0 0.560156 0.652778 0.00677083 0.012963 0.420852
0 0.513281 0.753241 0.00677083 0.012037 0.432142
0 0.710156 0.324537 0.0078125 0.012037 0.452347
0 0.534115 0.424074 0.0078125 0.0111111 0.453764
0 0.738021 0.759722 0.00729167 0.012037 0.460874
0 0.50599 0.653241 0.00677083 0.012037 0.471629
0 0.658594 0.428241 0.0078125 0.012037 0.475342
0 0.648958 0.322222 0.00729167 0.0111111 0.477314
0 0.792708 0.758796 0.00833333 0.012037 0.483998
0 0.727344 0.661111 0.00677083 0.012963 0.487423
0 0.467448 0.96713 0.0078125 0.012037 0.492006
0 0.805208 0.863426 0.00729167 0.012037 0.496873
0 0.783333 0.554167 0.009375 0.0138889 0.502394
0 0.430729 0.538426 0.00625 0.012037 0.510412
0 0.467448 0.316667 0.0078125 0.0111111 0.515868
0 0.473958 0.420833 0.009375 0.012037 0.516547
0 0.526563 0.319907 0.00833333 0.012037 0.524078
0 0.413281 0.421759 0.00677083 0.012037 0.526559
0 0.782292 0.6625 0.00729167 0.012037 0.532582
0 0.460417 0.857407 0.00729167 0.012963 0.532887
0 0.454948 0.752778 0.00677083 0.012963 0.546273
0 0.568229 0.754167 0.00729167 0.0138889 0.549117
0 0.769531 0.327315 0.0078125 0.012037 0.554137
0 0.45 0.650926 0.00729167 0.0148148 0.564839
0 0.748438 0.863889 0.0104167 0.0166667 0.57877
0 0.588542 0.321296 0.00833333 0.012963 0.582291
0 0.596875 0.427778 0.00833333 0.012963 0.585959
0 0.783333 0.433333 0.0135417 0.0166667 0.595673
0 0.407552 0.321296 0.0078125 0.012963 0.650541
