0 0.589844 0.37963 0.00885417 0.0166667 0.271712
0 0.727865 0.476852 0.00677083 0.0111111 0.320495
0 0.5875 0.667593 0.00729167 0.012963 0.364433
0 0.583854 0.475926 0.00833333 0.0166667 0.369244
0 0.728646 0.390741 0.00729167 0.012963 0.374933
0 0.491146 0.75 0.00833333 0.0148148 0.38015
0 0.586979 0.911111 0.00833333 0.0148148 0.397858
0 0.5375 0.666667 0.009375 0.0166667 0.403442
0 0.728646 0.566204 0.00729167 0.012037 0.4037
0 0.682552 0.570833 0.0078125 0.012037 0.404515
0 0.636719 0.906944 0.00677083 0.012037 0.408961
0 0.636719 0.824537 0.0078125 0.012037 0.409475
0 0.490625 0.898148 0.00625 0.0111111 0.412267
0 0.528646 0.575463 0.009375 0.0175926 0.415876
0 0.539583 0.744907 0.00833333 0.0138889 0.419165
0 0.638021 0.656482 0.009375 0.012963 0.41984
0 0.635417 0.574537 0.00729167 0.0138889 0.421395
0 0.582031 0.569907 0.00677083 0.0138889 0.421892
0 0.682813 0.48287 0.00729167 0.012037 0.422071
0 0.491927 0.824074 0.0078125 0.012963 0.424312
0 0.538542 0.905556 0.00833333 0.0148148 0.427858
0 0.683073 0.822222 0.0078125 0.012963 0.428381
0 0.730469 0.907407 0.00677083 0.012963 0.430113
0 0.588281 0.830093 0.00989583 0.0138889 0.430919
0 0.777604 0.476389 0.00729167 0.012037 0.433091
0 0.588281 0.747685 0.00885417 0.0138889 0.435066
0 0.728125 0.738426 0.00729167 0.012037 0.44061
0 0.636198 0.487037 0.0078125 0.0148148 0.443893
0 0.728906 0.824074 0.0078125 0.012963 0.451941
0 0.682813 0.739352 0.0104167 0.0157407 0.452839
0 0.684375 0.907407 0.00729167 0.012963 0.460746
0 0.775781 0.393519 0.0078125 0.0148148 0.464011
0 0.638021 0.396296 0.00833333 0.0166667 0.470747
0 0.539062 0.824537 0.0104167 0.0157407 0.471968
0 0.776823 0.566204 0.00885417 0.0138889 0.490555
0 0.728125 0.649074 0.00729167 0.012963 0.49833
0 0.683073 0.387963 0.0078125 0.0166667 0.510554
0 0.776563 0.905093 0.00833333 0.0138889 0.510863
0 0.683333 0.652778 0.0114583 0.0148148 0.528997
0 0.634635 0.744444 0.0119792 0.0166667 0.544451
0 0.777865 0.832407 0.00989583 0.0148148 0.559156
0 0.776563 0.649537 0.00833333 0.0138889 0.572905
0 0.777083 0.739352 0.0114583 0.0175926 0.619901
