0 0.627625 0.079418 0.004787 0.007664
0 0.628353 0.171318 0.003846 0.011892
0 0.629322 0.264063 0.004319 0.011049
0 0.628396 0.361059 0.004798 0.011900
0 0.626503 0.453405 0.004312 0.008507
0 0.626052 0.549551 0.003834 0.007656
0 0.622259 0.644031 0.005266 0.008516
0 0.574225 0.072680 0.004789 0.008511
0 0.575443 0.169234 0.004784 0.006817
0 0.574742 0.261570 0.001929 0.008487
0 0.573578 0.358993 0.002878 0.006801
0 0.573829 0.450473 0.002874 0.005107
0 0.572193 0.549169 0.003834 0.007656
0 0.571731 0.641503 0.006212 0.005982
0 0.519234 0.094332 0.004303 0.005120
0 0.518991 0.179464 0.004305 0.005966
0 0.517560 0.266300 0.002883 0.008495
0 0.518042 0.355237 0.003360 0.008499
0 0.515189 0.444627 0.003834 0.007656
0 0.514718 0.533995 0.004308 0.006813
0 0.513999 0.619555 0.003360 0.008499
0 0.468281 0.111290 0.005254 0.004281
0 0.423249 0.114221 0.004791 0.009358
0 0.378439 0.111643 0.005747 0.010214
0 0.332684 0.112039 0.003836 0.008503
0 0.465884 0.193052 0.004794 0.010206
0 0.421797 0.193010 0.004305 0.005966
0 0.377946 0.192542 0.004315 0.009354
0 0.330996 0.191677 0.003836 0.008503
0 0.465391 0.273951 0.002399 0.005949
0 0.463217 0.437453 0.001927 0.007640
0 0.462010 0.518781 0.001922 0.005945
0 0.462001 0.602640 0.003357 0.007652
0 0.421062 0.273064 0.009093 0.013631
0 0.420335 0.355658 0.003357 0.007652
0 0.375300 0.270494 0.006226 0.011065
0 0.331215 0.271723 0.004791 0.009358
0 0.375524 0.352657 0.003362 0.009346
0 0.329532 0.353055 0.002881 0.007648
0 0.419361 0.435291 0.004782 0.005970
0 0.373838 0.432719 0.005266 0.008516
0 0.326643 0.429740 0.006224 0.010218
0 0.418871 0.517036 0.002401 0.006797
0 0.419332 0.598774 0.004791 0.009358
0 0.372632 0.514895 0.004312 0.008507
0 0.372140 0.596217 0.003841 0.010197
0 0.324493 0.514887 0.003362 0.009346
0 0.325194 0.596623 0.004308 0.006813
