0 0.678125 0.750926 0.00625 0.00925926 0.253456
0 0.69401 0.961574 0.00677083 0.0101852 0.379864
0 0.635938 0.968518 0.00729167 0.0111111 0.400333
0 0.685938 0.851852 0.00625 0.0111111 0.407415
0 0.622135 0.756944 0.00677083 0.0101852 0.412496
0 0.518229 0.983333 0.00729167 0.0111111 0.440808
0 0.671094 0.649537 0.00677083 0.012037 0.470767
0 0.513542 0.871759 0.00729167 0.012037 0.480387
0 0.576042 0.977315 0.00729167 0.012037 0.493567
0 0.666667 0.540741 0.00729167 0.012963 0.494156
0 0.54974 0.554167 0.0078125 0.012037 0.50919
0 0.538021 0.435185 0.00729167 0.0111111 0.536895
0 0.751823 0.955093 0.00677083 0.012037 0.548545
0 0.615365 0.651389 0.0078125 0.012037 0.549972
0 0.510156 0.770833 0.00677083 0.012037 0.555254
0 0.608854 0.547685 0.00729167 0.012037 0.561554
0 0.489844 0.559722 0.0078125 0.012037 0.562338
0 0.533073 0.331481 0.00677083 0.0111111 0.563307
0 0.655208 0.31713 0.00729167 0.0101852 0.56511
0 0.663021 0.419907 0.00729167 0.012037 0.568383
0 0.560417 0.662037 0.00729167 0.012963 0.571018
0 0.628385 0.857407 0.0078125 0.012963 0.586885
0 0.716406 0.30787 0.0078125 0.012037 0.595397
0 0.723958 0.409259 0.009375 0.012963 0.596915
0 0.504427 0.669907 0.00677083 0.012037 0.601074
0 0.571354 0.863889 0.00729167 0.012963 0.604245
0 0.726562 0.643056 0.00625 0.012037 0.605007
0 0.810938 0.947685 0.00833333 0.0138889 0.609403
0 0.477344 0.441204 0.0078125 0.012037 0.610978
0 0.72474 0.536574 0.0078125 0.0138889 0.629047
0 0.451562 0.778241 0.00729167 0.012037 0.631777
0 0.459896 0.99213 0.00833333 0.012037 0.63252
0 0.601302 0.429167 0.0078125 0.012037 0.635364
0 0.594531 0.325 0.0078125 0.0111111 0.635559
0 0.782552 0.635648 0.00677083 0.012037 0.63947
0 0.454688 0.881944 0.00729167 0.012037 0.650492
0 0.784896 0.526852 0.00729167 0.0111111 0.651676
0 0.800781 0.836574 0.0078125 0.012037 0.655181
0 0.565885 0.763889 0.00677083 0.012963 0.666605
0 0.472656 0.338889 0.0078125 0.0111111 0.666803
0 0.776563 0.303241 0.00833333 0.012037 0.666827
0 0.790365 0.734259 0.00989583 0.012963 0.668322
0 0.416406 0.450926 0.0078125 0.012963 0.668775
0 0.43125 0.566204 0.00729167 0.012037 0.670297
0 0.735417 0.743056 0.00729167 0.0138889 0.672008
0 0.447656 0.676852 0.0078125 0.0148148 0.695982
0 0.41276 0.351389 0.0078125 0.012037 0.73179
0 0.74375 0.84537 0.0104167 0.0166667 0.752606
0 0.786458 0.406944 0.0145833 0.0212963 0.788635
