0 0.636719 0.240741 0.00677083 0.0111111 0.276625
0 0.551042 0.683796 0.00625 0.0101852 0.315851
0 0.570573 0.393981 0.00572917 0.0101852 0.332848
0 0.480208 0.785648 0.00625 0.00833333 0.343652
0 0.508594 0.371759 0.00572917 0.0101852 0.354988
0 0.48776 0.683796 0.00572917 0.0101852 0.361915
0 0.680469 0.343056 0.00677083 0.012037 0.373211
0 0.66901 0.518519 0.00572917 0.0111111 0.388388
0 0.633073 0.330556 0.0078125 0.012963 0.421033
0 0.563281 0.489352 0.00572917 0.012037 0.453649
0 0.64974 0.78287 0.00572917 0.0101852 0.479027
0 0.558854 0.587963 0.00625 0.0111111 0.489157
0 0.545052 0.778241 0.00572917 0.0101852 0.497412
0 0.515625 0.272685 0.00625 0.0101852 0.499018
0 0.425781 0.773148 0.0078125 0.0111111 0.517485
0 0.525 0.168519 0.00729167 0.0111111 0.522863
0 0.767708 0.543056 0.00625 0.012037 0.527033
0 0.717188 0.530093 0.00625 0.012037 0.539955
0 0.752344 0.80787 0.00677083 0.012037 0.566274
0 0.685417 0.256481 0.00729167 0.0111111 0.566792
0 0.728906 0.356019 0.00677083 0.012037 0.588581
0 0.707031 0.705556 0.00677083 0.0111111 0.591454
0 0.700781 0.794444 0.00677083 0.012963 0.622683
0 0.466927 0.159722 0.0078125 0.0101852 0.635065
0 0.759375 0.718982 0.00729167 0.012037 0.637303
0 0.429688 0.669907 0.00625 0.012037 0.640421
0 0.772396 0.455556 0.00729167 0.012963 0.653806
0 0.724219 0.441667 0.0078125 0.0148148 0.660521
0 0.783854 0.281019 0.00729167 0.012037 0.68613
0 0.442448 0.463889 0.00677083 0.012963 0.687002
0 0.436979 0.563889 0.00729167 0.012963 0.691024
0 0.450521 0.360185 0.00625 0.012963 0.705363
0 0.713021 0.615741 0.00833333 0.012963 0.708997
0 0.458594 0.260185 0.00677083 0.0111111 0.715128
0 0.778385 0.367593 0.0078125 0.012963 0.716517
0 0.763802 0.627778 0.00885417 0.0148148 0.719941
0 0.734375 0.268056 0.00833333 0.0138889 0.737637
0 0.675521 0.428241 0.0114583 0.0175926 0.773111
