0 0.611458 0.855093 0.00729167 0.012037 0.272965
0 0.66901 0.659722 0.00677083 0.0101852 0.276871
0 0.55026 0.962037 0.00677083 0.0111111 0.278194
0 0.495573 0.847222 0.00572917 0.0111111 0.283266
0 0.492188 0.958796 0.00625 0.0101852 0.318417
0 0.671615 0.550463 0.00677083 0.012037 0.365008
0 0.499479 0.74537 0.00625 0.0111111 0.371549
0 0.66901 0.863426 0.00677083 0.012037 0.374735
0 0.6125 0.649537 0.00729167 0.012037 0.388486
0 0.613542 0.544444 0.00625 0.012963 0.402052
0 0.738281 0.331944 0.00677083 0.0101852 0.411645
0 0.554427 0.540278 0.00677083 0.012037 0.425855
0 0.433073 0.953704 0.00677083 0.0111111 0.439686
0 0.677604 0.325926 0.00729167 0.0111111 0.445469
0 0.552344 0.849537 0.0078125 0.0138889 0.450985
0 0.556771 0.649074 0.00729167 0.012963 0.457912
0 0.739323 0.433796 0.0078125 0.012037 0.462801
0 0.501562 0.643519 0.00625 0.012963 0.467991
0 0.730208 0.558333 0.00729167 0.012963 0.468368
0 0.495052 0.531018 0.00677083 0.012037 0.489935
0 0.780469 0.669907 0.00677083 0.012037 0.49574
0 0.440885 0.740278 0.00677083 0.012037 0.506287
0 0.436458 0.84213 0.00729167 0.0138889 0.511919
0 0.444531 0.6375 0.00677083 0.0138889 0.518418
0 0.553385 0.315741 0.0078125 0.0111111 0.520832
0 0.785156 0.984259 0.00885417 0.0148148 0.526783
0 0.677083 0.432407 0.00729167 0.0111111 0.527982
0 0.725781 0.766204 0.0078125 0.0138889 0.528581
0 0.490625 0.411574 0.00729167 0.012037 0.530847
0 0.724479 0.665741 0.00729167 0.012963 0.535565
0 0.551042 0.42037 0.00729167 0.0111111 0.542557
0 0.790885 0.563889 0.0078125 0.012963 0.543863
0 0.493229 0.310185 0.00729167 0.0111111 0.545371
0 0.727083 0.979167 0.009375 0.0157407 0.546275
0 0.615365 0.322222 0.0078125 0.0111111 0.54746
0 0.614323 0.427315 0.00677083 0.012037 0.547938
0 0.555208 0.749537 0.00729167 0.0138889 0.564053
0 0.435677 0.525 0.00677083 0.012963 0.573225
0 0.429688 0.408796 0.00729167 0.0138889 0.583313
0 0.78099 0.769444 0.0078125 0.012963 0.58448
0 0.798437 0.338426 0.00833333 0.012037 0.596767
0 0.783854 0.872685 0.00833333 0.012037 0.606189
0 0.433333 0.309722 0.00729167 0.012037 0.641134
0 0.726823 0.868981 0.0109375 0.0175926 0.686524
0 0.801823 0.444444 0.0151042 0.0222222 0.712515
