0 0.330642 0.169039 0.006897 0.011454
0 0.321710 0.268776 0.005988 0.013068
0 0.322690 0.384652 0.008057 0.013516
0 0.324666 0.497479 0.008636 0.014547
0 0.315060 0.599403 0.006380 0.011342
0 0.305743 0.700923 0.007931 0.011678
0 0.297083 0.808181 0.008573 0.013628
0 0.389606 0.177610 0.007351 0.010647
0 0.382648 0.279174 0.009482 0.012013
0 0.379466 0.398346 0.007086 0.014211
0 0.380441 0.510489 0.006317 0.010422
0 0.373381 0.609699 0.005800 0.010311
0 0.362904 0.712834 0.004123 0.008136
0 0.354793 0.819745 0.006897 0.011454
0 0.449807 0.191112 0.006771 0.009615
0 0.442009 0.293426 0.007351 0.010647
0 0.437379 0.414617 0.007729 0.016162
0 0.436638 0.524990 0.007414 0.011566
0 0.428670 0.622138 0.007023 0.013292
0 0.420576 0.721124 0.008447 0.011789
0 0.412768 0.835097 0.007414 0.011566
0 0.511495 0.205869 0.006317 0.010422
0 0.504990 0.308463 0.006506 0.013180
0 0.496961 0.425653 0.006317 0.010423
0 0.491976 0.529044 0.008510 0.012709
0 0.486575 0.634676 0.007679 0.008001
0 0.478066 0.735905 0.005925 0.012149
0 0.472060 0.846537 0.004640 0.008248
0 0.572950 0.216378 0.007868 0.010758
0 0.566868 0.320463 0.005800 0.010311
0 0.555125 0.438248 0.006834 0.010535
0 0.548141 0.544004 0.004123 0.008136
0 0.541606 0.647059 0.005156 0.008360
0 0.537169 0.750102 0.005219 0.009279
0 0.528383 0.859199 0.003543 0.007105
0 0.633056 0.231259 0.006317 0.010423
0 0.628417 0.329594 0.008573 0.013628
0 0.613100 0.453600 0.007729 0.016162
0 0.602334 0.557138 0.004438 0.012732
0 0.598963 0.659945 0.007666 0.015243
0 0.593782 0.762361 0.011537 0.019703
0 0.587354 0.871502 0.006960 0.012373
0 0.692317 0.243158 0.009028 0.012821
0 0.690566 0.349114 0.014185 0.021182
0 0.672455 0.464121 0.004829 0.011006
0 0.657717 0.568197 0.007414 0.011566
0 0.652631 0.669234 0.007994 0.012597
0 0.651359 0.772030 0.006897 0.011454
0 0.646810 0.884377 0.006051 0.013987
