0 0.678385 0.920833 0.00677083 0.012037 0.253775
0 0.592448 0.373148 0.00989583 0.0185185 0.256839
0 0.478906 0.546759 0.0109375 0.0212963 0.25757
0 0.729948 0.505556 0.0078125 0.012963 0.259585
0 0.48724 0.71713 0.00885417 0.0157407 0.261009
0 0.584896 0.818056 0.00729167 0.012037 0.270012
0 0.683073 0.584722 0.00677083 0.012037 0.272857
0 0.679167 0.752778 0.009375 0.012963 0.273459
0 0.632552 0.825463 0.00677083 0.012037 0.278891
0 0.585938 0.657407 0.00833333 0.012963 0.279667
0 0.582031 0.899074 0.0078125 0.012963 0.282126
0 0.486719 0.790741 0.0078125 0.012963 0.282604
0 0.729167 0.593056 0.00729167 0.012037 0.285788
0 0.733073 0.419444 0.0078125 0.0166667 0.287189
0 0.586719 0.471296 0.0109375 0.0203704 0.287588
0 0.684635 0.500463 0.00677083 0.012037 0.289677
0 0.635677 0.576852 0.0078125 0.012963 0.289686
0 0.584896 0.737037 0.00833333 0.012963 0.300294
0 0.485156 0.862037 0.00677083 0.012963 0.305905
0 0.535156 0.801389 0.00885417 0.0138889 0.308979
0 0.536198 0.722685 0.0078125 0.0138889 0.313363
0 0.638021 0.49213 0.00833333 0.0138889 0.314953
0 0.533333 0.881481 0.00729167 0.012963 0.321909
0 0.779948 0.517593 0.00677083 0.0111111 0.328158
0 0.780469 0.435185 0.0078125 0.012963 0.33459
0 0.529427 0.551389 0.00885417 0.0157407 0.343345
0 0.777344 0.605556 0.0078125 0.012963 0.345314
0 0.631771 0.746296 0.0104167 0.0148148 0.349557
0 0.771094 0.942593 0.0078125 0.012963 0.350125
0 0.536198 0.64537 0.0078125 0.0148148 0.35419
0 0.774219 0.871296 0.0078125 0.012963 0.37893
0 0.686198 0.406944 0.00885417 0.0194444 0.40529
0 0.776563 0.689352 0.00833333 0.0138889 0.42139
0 0.641146 0.40463 0.009375 0.0185185 0.423606
0 0.77526 0.778704 0.0109375 0.0166667 0.441592
