0 0.651302 0.840278 0.00572917 0.0101852 0.256459
0 0.603646 0.826852 0.00520833 0.0111111 0.292611
0 0.609375 0.740741 0.00625 0.0111111 0.306215
0 0.741667 0.948611 0.00625 0.0101852 0.334835
0 0.477083 0.630556 0.00729167 0.012963 0.341669
0 0.633854 0.403241 0.00729167 0.012037 0.347383
0 0.551302 0.9 0.00572917 0.0111111 0.356876
0 0.508333 0.803704 0.00625 0.0111111 0.36857
0 0.69349 0.936574 0.00572917 0.0101852 0.374848
0 0.56276 0.731019 0.00677083 0.012037 0.399761
0 0.567708 0.651389 0.00729167 0.012037 0.406848
0 0.698698 0.850926 0.00572917 0.0111111 0.425853
0 0.645312 0.922222 0.00625 0.0111111 0.433344
0 0.504948 0.886574 0.00677083 0.012037 0.435958
0 0.521354 0.638426 0.00729167 0.012037 0.444087
0 0.716667 0.597685 0.00625 0.012037 0.447826
0 0.597656 0.912037 0.00677083 0.0111111 0.470068
0 0.771875 0.521296 0.00729167 0.0111111 0.478387
0 0.517448 0.437963 0.00677083 0.0111111 0.497163
0 0.729688 0.425 0.00729167 0.0111111 0.515907
0 0.459635 0.874537 0.00677083 0.012037 0.518471
0 0.470833 0.709259 0.00729167 0.012963 0.524246
0 0.704948 0.765278 0.0078125 0.012037 0.529478
0 0.583333 0.374537 0.00729167 0.012037 0.539033
0 0.680208 0.416204 0.00729167 0.012037 0.539758
0 0.711719 0.67963 0.00885417 0.012963 0.566174
0 0.465365 0.791204 0.00677083 0.012037 0.567413
0 0.516146 0.545833 0.00729167 0.012037 0.568674
0 0.467969 0.531944 0.00677083 0.012037 0.570178
0 0.747396 0.865741 0.00729167 0.0111111 0.58258
0 0.463281 0.430093 0.0078125 0.012037 0.582953
0 0.753125 0.777315 0.00729167 0.012037 0.593062
0 0.765104 0.608796 0.00729167 0.012037 0.59676
0 0.524479 0.344907 0.00833333 0.012037 0.600827
0 0.759375 0.691667 0.00833333 0.012963 0.6597
0 0.777083 0.436574 0.00833333 0.0138889 0.682528
0 0.470313 0.333333 0.00729167 0.012963 0.704636
