0 0.478646 0.366667 0.00833333 0.0166667 0.250793
0 0.583073 0.665278 0.00677083 0.0101852 0.27633
0 0.732552 0.478241 0.00677083 0.0101852 0.442972
0 0.722917 0.737963 0.00729167 0.0111111 0.4447
0 0.730208 0.56713 0.00625 0.0101852 0.453263
0 0.635677 0.657407 0.0078125 0.0111111 0.46301
0 0.678125 0.740278 0.00833333 0.012037 0.471227
0 0.480729 0.647222 0.009375 0.0203704 0.502063
0 0.588281 0.476852 0.0078125 0.0148148 0.532025
0 0.684896 0.570833 0.00729167 0.0101852 0.557196
0 0.671875 0.908333 0.00729167 0.012963 0.562599
0 0.578906 0.828241 0.0078125 0.012037 0.566053
0 0.68776 0.48287 0.00677083 0.0101852 0.587386
0 0.478906 0.894907 0.00677083 0.012037 0.595689
0 0.533854 0.742593 0.00729167 0.0111111 0.608103
0 0.726042 0.650463 0.00833333 0.012037 0.609009
0 0.627865 0.824537 0.0078125 0.012037 0.61552
0 0.575781 0.909722 0.00677083 0.0138889 0.619103
0 0.579427 0.406944 0.00989583 0.0157407 0.620365
0 0.764583 0.906018 0.00833333 0.012037 0.630357
0 0.539583 0.365741 0.00833333 0.0166667 0.632781
0 0.62526 0.906944 0.00677083 0.012037 0.633167
0 0.58099 0.745833 0.0078125 0.012037 0.639035
0 0.781771 0.478704 0.00729167 0.0111111 0.640531
0 0.721094 0.824074 0.00885417 0.012963 0.646454
0 0.529427 0.821296 0.0078125 0.012963 0.647208
0 0.526823 0.902778 0.0078125 0.012963 0.647279
0 0.640625 0.486111 0.00729167 0.012963 0.654419
0 0.68151 0.654167 0.00885417 0.012037 0.659786
0 0.63724 0.572685 0.0078125 0.012037 0.662651
0 0.675 0.822222 0.00833333 0.012963 0.666426
0 0.484896 0.748611 0.00833333 0.0138889 0.668425
0 0.482292 0.821759 0.00729167 0.012037 0.678985
0 0.582812 0.569907 0.00729167 0.0138889 0.683262
0 0.534635 0.663889 0.0078125 0.0148148 0.688052
0 0.736458 0.390278 0.00729167 0.0138889 0.70286
0 0.76901 0.834722 0.00885417 0.0138889 0.711752
0 0.775 0.651852 0.00833333 0.0148148 0.712074
0 0.771875 0.741667 0.0104167 0.0148148 0.71868
0 0.71849 0.909259 0.0078125 0.012963 0.71962
0 0.528125 0.47037 0.009375 0.0166667 0.736536
0 0.629687 0.743519 0.009375 0.012963 0.739512
0 0.690885 0.386574 0.0078125 0.0157407 0.741856
0 0.646615 0.394907 0.0078125 0.0157407 0.744317
0 0.777083 0.56713 0.009375 0.0138889 0.744908
0 0.783333 0.394907 0.00833333 0.0138889 0.757989
