0 0.632812 0.271296 0.00625 0.0111111 0.254836
0 0.657031 0.827778 0.00885417 0.0148148 0.25595
0 0.704687 0.649074 0.00625 0.0111111 0.296754
0 0.682813 0.292593 0.00625 0.0111111 0.314963
0 0.808594 0.380093 0.00572917 0.0101852 0.331622
0 0.744531 0.737963 0.00677083 0.0111111 0.3374
0 0.670573 0.382407 0.00677083 0.0111111 0.372515
0 0.75 0.643981 0.00729167 0.0101852 0.380645
0 0.801562 0.555093 0.00729167 0.0101852 0.393456
0 0.69974 0.7375 0.00885417 0.0138889 0.401136
0 0.805729 0.469444 0.00833333 0.012963 0.450972
0 0.796094 0.646296 0.00885417 0.0111111 0.479647
0 0.659375 0.647222 0.00625 0.0111111 0.489817
0 0.617969 0.361574 0.0078125 0.0138889 0.513225
0 0.611979 0.461574 0.00729167 0.012037 0.520826
0 0.740625 0.827315 0.00729167 0.0138889 0.521629
0 0.786979 0.830556 0.00833333 0.0166667 0.547667
0 0.79375 0.740278 0.0104167 0.0138889 0.551713
0 0.55599 0.456944 0.0078125 0.012037 0.557195
0 0.495833 0.358796 0.009375 0.012037 0.581566
0 0.608854 0.559722 0.00833333 0.012037 0.616814
0 0.54974 0.658333 0.0109375 0.012963 0.619973
0 0.657292 0.736111 0.009375 0.0148148 0.620985
0 0.489323 0.458796 0.00885417 0.012037 0.640976
0 0.609375 0.652778 0.00833333 0.012963 0.646763
0 0.696875 0.831019 0.009375 0.0157407 0.65976
0 0.613021 0.840741 0.00729167 0.012963 0.674197
0 0.560938 0.358333 0.00833333 0.012963 0.67472
0 0.471615 0.762963 0.0078125 0.012963 0.678073
0 0.604688 0.750463 0.009375 0.0138889 0.68234
0 0.501562 0.2625 0.00729167 0.0138889 0.684613
0 0.475521 0.660185 0.00833333 0.012963 0.72492
0 0.480208 0.561574 0.009375 0.0138889 0.730678
0 0.552344 0.561111 0.00989583 0.0148148 0.738513
0 0.546094 0.762037 0.0078125 0.012963 0.751056
0 0.46849 0.864352 0.0119792 0.0157407 0.766559
0 0.543229 0.860185 0.0125 0.0166667 0.782205
