0 0.566667 0.973611 0.00729167 0.0101852 0.287982
0 0.685417 0.9625 0.00729167 0.0101852 0.332883
0 0.507031 0.866667 0.00677083 0.0111111 0.334261
0 0.507812 0.978241 0.00729167 0.0101852 0.405877
0 0.627344 0.969907 0.00677083 0.012037 0.407164
0 0.671094 0.650926 0.00677083 0.0111111 0.451849
0 0.679427 0.855556 0.00677083 0.0111111 0.462479
0 0.551302 0.550926 0.0078125 0.0111111 0.46605
0 0.66901 0.541667 0.00677083 0.0111111 0.469489
0 0.742969 0.959259 0.00572917 0.0111111 0.480608
0 0.610677 0.546296 0.00677083 0.0111111 0.481861
0 0.559115 0.660185 0.00677083 0.0111111 0.50618
0 0.622656 0.856944 0.0078125 0.012037 0.522412
0 0.50599 0.766667 0.00677083 0.0111111 0.546208
0 0.602604 0.324074 0.00729167 0.0111111 0.548069
0 0.564583 0.860648 0.00729167 0.012037 0.556149
0 0.663542 0.318519 0.00729167 0.0111111 0.557633
0 0.491927 0.553704 0.00677083 0.0111111 0.559056
0 0.614844 0.650463 0.0078125 0.012037 0.569567
0 0.66901 0.421759 0.00677083 0.012037 0.602422
0 0.726042 0.648148 0.00625 0.012963 0.608945
0 0.727083 0.540741 0.00729167 0.012963 0.610663
0 0.72474 0.312963 0.00677083 0.0111111 0.616563
0 0.540625 0.327778 0.00729167 0.0111111 0.618019
0 0.503385 0.665278 0.00677083 0.012037 0.62617
0 0.449219 0.985185 0.0078125 0.012963 0.634996
0 0.447135 0.770833 0.00677083 0.012037 0.635496
0 0.54349 0.433333 0.0078125 0.0111111 0.635679
0 0.729688 0.414352 0.00833333 0.0138889 0.643415
0 0.561979 0.760648 0.00729167 0.012037 0.650809
0 0.480208 0.333333 0.00729167 0.0111111 0.664863
0 0.802604 0.955556 0.00833333 0.0148148 0.666966
0 0.782031 0.64213 0.00677083 0.012037 0.670715
0 0.7875 0.53287 0.00729167 0.012037 0.67561
0 0.73125 0.746759 0.00729167 0.012037 0.688967
0 0.482031 0.435648 0.0078125 0.012037 0.696426
0 0.447917 0.874074 0.00729167 0.012963 0.703651
0 0.795052 0.843518 0.0078125 0.012963 0.704327
0 0.607031 0.428241 0.0078125 0.012037 0.707416
0 0.786719 0.739352 0.00885417 0.0138889 0.71504
0 0.784635 0.309722 0.0078125 0.012037 0.731705
0 0.433333 0.558333 0.00729167 0.012963 0.739948
0 0.420573 0.343519 0.0078125 0.0111111 0.748289
0 0.446094 0.669444 0.0078125 0.0148148 0.755098
0 0.7375 0.849074 0.0104167 0.0166667 0.772096
0 0.421094 0.443519 0.0078125 0.0148148 0.77534
0 0.792708 0.413426 0.0125 0.0194444 0.810918
