0 0.558594 0.751389 0.00677083 0.0101852 0.560922
0 0.511458 0.764815 0.00833333 0.012963 0.605841
0 0.490365 0.366667 0.00677083 0.012963 0.615014
0 0.5625 0.830093 0.009375 0.012037 0.631717
0 0.508854 0.681944 0.00729167 0.012037 0.646967
0 0.496354 0.5875 0.00729167 0.0138889 0.650558
0 0.764063 0.343981 0.00833333 0.0157407 0.652767
0 0.464583 0.924074 0.00833333 0.012963 0.669312
0 0.754167 0.881944 0.00833333 0.0138889 0.670254
0 0.606771 0.664815 0.00833333 0.012963 0.672359
0 0.705208 0.811111 0.00729167 0.0111111 0.675338
0 0.752344 0.806481 0.0078125 0.0148148 0.677059
0 0.515365 0.838426 0.00989583 0.0157407 0.68194
0 0.458854 0.691667 0.00729167 0.012963 0.683283
0 0.551823 0.587037 0.00677083 0.012963 0.685265
0 0.659375 0.475463 0.00833333 0.0157407 0.690066
0 0.545052 0.365741 0.0078125 0.0148148 0.694889
0 0.461198 0.771296 0.0078125 0.0148148 0.696072
0 0.463021 0.846296 0.00833333 0.0148148 0.697715
0 0.75625 0.570833 0.00729167 0.0157407 0.702041
0 0.61224 0.903241 0.00885417 0.012037 0.702441
0 0.611979 0.824074 0.009375 0.012963 0.70826
0 0.705469 0.890741 0.0078125 0.012963 0.708454
0 0.557552 0.673611 0.00885417 0.0138889 0.710387
0 0.659375 0.81713 0.00833333 0.0138889 0.711384
0 0.703125 0.65787 0.00833333 0.0138889 0.716677
0 0.433854 0.372685 0.00833333 0.0138889 0.716714
0 0.704687 0.734259 0.00833333 0.012963 0.71854
0 0.751302 0.731481 0.0078125 0.0148148 0.719068
0 0.657292 0.574074 0.00729167 0.012963 0.724344
0 0.708333 0.57037 0.00729167 0.012963 0.725457
0 0.561979 0.910185 0.00833333 0.012963 0.728286
0 0.659115 0.897222 0.0078125 0.012963 0.729636
0 0.513802 0.916667 0.00885417 0.0148148 0.739844
0 0.605208 0.581944 0.00833333 0.0157407 0.746309
0 0.602083 0.475926 0.0104167 0.0148148 0.746807
0 0.546354 0.47963 0.0166667 0.0203704 0.752424
0 0.657292 0.738889 0.0104167 0.0148148 0.76053
0 0.766146 0.452315 0.009375 0.0212963 0.76481
0 0.610677 0.748148 0.0119792 0.0148148 0.768588
0 0.655729 0.661574 0.0104167 0.0157407 0.76904
0 0.74974 0.661111 0.0078125 0.0166667 0.769132
0 0.71224 0.351389 0.00885417 0.0212963 0.773282
0 0.446615 0.595833 0.0109375 0.0194444 0.796374
0 0.600521 0.358796 0.0104167 0.0231481 0.798512
0 0.713802 0.45787 0.0140625 0.025 0.798688
0 0.491406 0.479167 0.0192708 0.025 0.805314
0 0.657031 0.357407 0.00885417 0.0203704 0.811574
0 0.434115 0.485185 0.0119792 0.0222222 0.830745
