0 0.665625 0.674074 0.00520833 0.00925926 0.252184
0 0.642187 0.322685 0.00625 0.012037 0.330568
0 0.623177 0.776389 0.00572917 0.0101852 0.356579
0 0.500521 0.748611 0.00625 0.0101852 0.360398
0 0.660417 0.584259 0.00625 0.0111111 0.36841
0 0.561979 0.716204 0.00625 0.0101852 0.369706
0 0.467708 0.230093 0.00625 0.0101852 0.404773
0 0.56849 0.810648 0.00572917 0.0101852 0.474091
0 0.555729 0.618519 0.00729167 0.0111111 0.480492
0 0.452083 0.865741 0.00833333 0.0111111 0.499067
0 0.670313 0.7625 0.00625 0.012037 0.501017
0 0.716146 0.660185 0.00625 0.0111111 0.50834
0 0.635417 0.236574 0.00729167 0.012037 0.515122
0 0.653906 0.497222 0.00677083 0.012963 0.527071
0 0.421354 0.45463 0.00520833 0.0111111 0.533286
0 0.415885 0.353704 0.00572917 0.0111111 0.544386
0 0.767969 0.646296 0.00677083 0.0111111 0.549742
0 0.772917 0.734722 0.00729167 0.012037 0.55575
0 0.410417 0.252315 0.00729167 0.0101852 0.557375
0 0.442969 0.763889 0.00572917 0.0111111 0.559768
0 0.753125 0.471296 0.00625 0.0111111 0.578518
0 0.691146 0.309722 0.00729167 0.012037 0.592682
0 0.697396 0.394444 0.00729167 0.012963 0.602179
0 0.721094 0.747222 0.00677083 0.012963 0.603755
0 0.434896 0.658333 0.00625 0.0111111 0.613656
0 0.702604 0.482407 0.00729167 0.012963 0.616247
0 0.427865 0.559259 0.00677083 0.012963 0.643247
0 0.647917 0.406481 0.009375 0.0148148 0.659862
0 0.684896 0.222222 0.00833333 0.012963 0.667295
0 0.746875 0.384259 0.00833333 0.012963 0.685774
0 0.735417 0.210648 0.00729167 0.0138889 0.697953
0 0.760938 0.555556 0.00833333 0.012963 0.707576
0 0.709896 0.569907 0.00833333 0.012037 0.720563
0 0.740885 0.296759 0.0078125 0.0138889 0.722095
