0 0.501042 0.744444 0.00833333 0.0111111 0.492941
0 0.549479 0.739352 0.00833333 0.012037 0.553798
0 0.53724 0.901852 0.0078125 0.012963 0.612422
0 0.603646 0.662037 0.009375 0.012963 0.629537
0 0.554688 0.6625 0.009375 0.012037 0.634112
0 0.502865 0.562963 0.00677083 0.0111111 0.641112
0 0.557292 0.573611 0.00625 0.012037 0.643236
0 0.571094 0.352778 0.0078125 0.0148148 0.667301
0 0.508333 0.454167 0.0177083 0.0231481 0.671969
0 0.451562 0.741204 0.00833333 0.0138889 0.678889
0 0.545052 0.819907 0.00989583 0.0138889 0.690853
0 0.598958 0.744907 0.0104167 0.0138889 0.690923
0 0.593229 0.822685 0.00833333 0.012037 0.695779
0 0.505208 0.661574 0.00833333 0.012037 0.696677
0 0.679427 0.906944 0.0078125 0.012037 0.697105
0 0.460677 0.337037 0.0078125 0.0148148 0.702811
0 0.516927 0.341667 0.0078125 0.0148148 0.705916
0 0.456771 0.662963 0.00729167 0.012963 0.706954
0 0.5875 0.904167 0.00833333 0.012037 0.718515
0 0.727083 0.908333 0.00833333 0.012963 0.721121
0 0.641406 0.824537 0.00885417 0.012037 0.735382
0 0.633594 0.906018 0.0078125 0.012037 0.736427
0 0.732292 0.831019 0.00833333 0.012037 0.742741
0 0.440365 0.894444 0.00885417 0.012963 0.743115
0 0.711458 0.586111 0.00625 0.012963 0.743116
0 0.623958 0.355556 0.009375 0.0185185 0.748738
0 0.686979 0.828241 0.00833333 0.012037 0.75358
0 0.692448 0.750926 0.00885417 0.012963 0.756722
0 0.672135 0.481019 0.0078125 0.0138889 0.757516
0 0.698177 0.674074 0.0078125 0.012963 0.760063
0 0.498177 0.818519 0.0109375 0.0185185 0.764777
0 0.661719 0.581019 0.0078125 0.0138889 0.776569
0 0.446875 0.816667 0.00833333 0.0148148 0.778146
0 0.609635 0.578704 0.0078125 0.0148148 0.783742
0 0.652083 0.667593 0.0104167 0.0148148 0.785349
0 0.616927 0.471759 0.00989583 0.0157407 0.785828
0 0.646875 0.747685 0.0114583 0.0138889 0.78879
0 0.758333 0.597685 0.00729167 0.0157407 0.791012
0 0.561979 0.467593 0.0125 0.0203704 0.79586
0 0.489062 0.895833 0.00833333 0.0157407 0.795896
0 0.453385 0.5625 0.00989583 0.0175926 0.798831
0 0.738281 0.756944 0.00885417 0.0138889 0.803525
0 0.743229 0.686574 0.009375 0.0157407 0.810259
0 0.785156 0.374074 0.0078125 0.0166667 0.810882
0 0.734635 0.36713 0.00885417 0.0194444 0.811167
0 0.451042 0.446759 0.0125 0.0231481 0.816417
0 0.778906 0.481481 0.00989583 0.0203704 0.816851
0 0.679948 0.361574 0.00885417 0.0194444 0.824354
0 0.726302 0.475463 0.0130208 0.025 0.833688
