0 0.674219 0.255556 0.00572917 0.0111111 0.339482
0 0.58099 0.258333 0.0078125 0.012963 0.38217
0 0.536458 0.34537 0.00729167 0.0111111 0.40945
0 0.627604 0.434722 0.00625 0.0101852 0.498896
0 0.672396 0.167593 0.00625 0.0111111 0.508768
0 0.628125 0.343981 0.00729167 0.012037 0.515838
0 0.622917 0.166667 0.00625 0.0111111 0.536893
0 0.584375 0.434259 0.00625 0.0111111 0.54466
0 0.540365 0.436111 0.0078125 0.0111111 0.558644
0 0.631771 0.519907 0.00729167 0.0101852 0.561221
0 0.536198 0.263889 0.0078125 0.0111111 0.601395
0 0.585938 0.526389 0.00729167 0.012037 0.614691
0 0.484635 0.238889 0.00885417 0.0148148 0.635871
0 0.482812 0.341667 0.00729167 0.0111111 0.637143
0 0.357031 0.143519 0.0078125 0.0148148 0.637554
0 0.633073 0.615741 0.00677083 0.0111111 0.645038
0 0.541927 0.528241 0.00677083 0.012037 0.645514
0 0.430208 0.1375 0.00833333 0.0138889 0.646862
0 0.634115 0.705556 0.00677083 0.0111111 0.647618
0 0.677604 0.431481 0.00729167 0.0111111 0.65605
0 0.359375 0.544444 0.0104167 0.0148148 0.660415
0 0.491927 0.152315 0.0078125 0.012037 0.661603
0 0.58724 0.61713 0.0078125 0.0138889 0.673236
0 0.364323 0.748148 0.0109375 0.0148148 0.673729
0 0.357552 0.346759 0.00885417 0.0138889 0.674141
0 0.583073 0.168056 0.00677083 0.012037 0.679216
0 0.543229 0.172222 0.00729167 0.012963 0.686265
0 0.426042 0.237037 0.009375 0.0148148 0.698312
0 0.426562 0.339815 0.009375 0.0148148 0.703217
0 0.485677 0.440741 0.0078125 0.0111111 0.7091
0 0.677083 0.34537 0.00833333 0.012963 0.720058
0 0.678385 0.522222 0.00885417 0.012963 0.721502
0 0.360677 0.645833 0.0078125 0.012037 0.722037
0 0.546094 0.61713 0.00989583 0.0157407 0.732506
0 0.428646 0.443056 0.00833333 0.0138889 0.737747
0 0.492188 0.536111 0.00833333 0.012963 0.739632
0 0.35651 0.448148 0.0109375 0.0148148 0.742009
0 0.591146 0.711111 0.00833333 0.0148148 0.749492
0 0.507552 0.722685 0.0078125 0.0138889 0.757374
0 0.357552 0.24213 0.00989583 0.0157407 0.758847
0 0.68151 0.706481 0.0078125 0.012963 0.7613
0 0.435677 0.644907 0.00885417 0.012037 0.7628
0 0.438281 0.743056 0.0119792 0.0157407 0.774908
0 0.43099 0.539815 0.0109375 0.0148148 0.775092
0 0.683594 0.617593 0.00989583 0.0148148 0.779068
0 0.49349 0.63287 0.00885417 0.0157407 0.779637
