0 0.604427 0.364815 0.00885417 0.0166667 0.327831
0 0.653125 0.483333 0.00833333 0.0148148 0.336034
0 0.48125 0.535648 0.00833333 0.0138889 0.37049
0 0.416146 0.623148 0.00833333 0.0148148 0.386125
0 0.478385 0.637037 0.0109375 0.0148148 0.388512
0 0.484896 0.42963 0.00833333 0.012963 0.399361
0 0.473177 0.741667 0.0119792 0.0166667 0.417377
0 0.545313 0.342593 0.00833333 0.012963 0.418259
0 0.771354 0.31713 0.009375 0.0157407 0.456442
0 0.421094 0.518981 0.0078125 0.0138889 0.470506
0 0.486458 0.327315 0.00833333 0.0138889 0.485463
0 0.703646 0.499537 0.00833333 0.0157407 0.487684
0 0.658854 0.379167 0.00833333 0.0138889 0.513427
0 0.434115 0.21713 0.00885417 0.0138889 0.517653
0 0.424219 0.416667 0.0078125 0.0148148 0.520213
0 0.428385 0.3125 0.0078125 0.012037 0.52164
0 0.753646 0.511574 0.009375 0.0157407 0.54393
0 0.490625 0.22963 0.00833333 0.0148148 0.581733
0 0.661979 0.280556 0.009375 0.0148148 0.592963
0 0.607552 0.263426 0.0109375 0.0157407 0.653708
0 0.717188 0.299074 0.00833333 0.0148148 0.65983
0 0.714844 0.395833 0.00989583 0.0157407 0.662096
0 0.767708 0.410648 0.0104167 0.0157407 0.662422
0 0.547656 0.243981 0.00885417 0.0157407 0.669168
