0 0.328647 0.211575 0.007661 0.012747
0 0.385573 0.217740 0.007170 0.013620
0 0.439953 0.230142 0.008181 0.012799
0 0.494049 0.235097 0.010466 0.019479
0 0.550496 0.248170 0.008386 0.019271
0 0.604028 0.254458 0.008386 0.019271
0 0.656245 0.261079 0.007720 0.014596
0 0.653395 0.367445 0.007896 0.020142
0 0.637902 0.485990 0.007229 0.015469
0 0.626292 0.572466 0.008298 0.016497
0 0.624297 0.643676 0.007661 0.012747
0 0.620682 0.716578 0.007083 0.010846
0 0.620027 0.794877 0.006592 0.011718
0 0.601351 0.363623 0.014282 0.025390
0 0.546241 0.365986 0.008298 0.016497
0 0.489534 0.352887 0.010899 0.016758
0 0.435252 0.345596 0.016736 0.021028
0 0.379629 0.331215 0.018442 0.025807
0 0.323875 0.320993 0.011623 0.023281
0 0.330411 0.435717 0.010986 0.019531
0 0.380636 0.439356 0.006101 0.012591
0 0.435292 0.451322 0.006621 0.012643
0 0.487941 0.460769 0.007288 0.017318
0 0.539741 0.464102 0.007691 0.013672
0 0.590613 0.471980 0.005551 0.011614
0 0.337431 0.535188 0.007083 0.010846
0 0.335721 0.613845 0.005639 0.014388
0 0.332813 0.689137 0.008789 0.015625
0 0.330872 0.766843 0.008730 0.013776
0 0.387831 0.533280 0.006650 0.013567
0 0.436105 0.540897 0.009829 0.015729
0 0.484843 0.542070 0.007170 0.013620
0 0.533852 0.551151 0.011879 0.015013
0 0.579539 0.558046 0.006592 0.011718
0 0.577382 0.634340 0.006101 0.012591
0 0.574950 0.711070 0.005984 0.008893
0 0.570856 0.790879 0.008093 0.010026
0 0.523335 0.784265 0.008671 0.011927
0 0.529710 0.706539 0.009221 0.012903
0 0.531175 0.627393 0.010349 0.015781
0 0.478310 0.781146 0.007083 0.010846
0 0.481060 0.702594 0.006504 0.008945
0 0.484041 0.624991 0.010840 0.014909
0 0.432952 0.615700 0.005954 0.007968
0 0.431948 0.696747 0.008063 0.009101
0 0.428114 0.776582 0.005551 0.011614
0 0.384126 0.617302 0.008671 0.011927
0 0.385825 0.695373 0.010928 0.017682
0 0.379002 0.770736 0.008327 0.017422
