0 0.685677 0.403241 0.00677083 0.012037 0.25621
0 0.674479 0.316204 0.00625 0.012037 0.289223
0 0.678125 0.765741 0.00520833 0.0111111 0.303359
0 0.76901 0.660185 0.00677083 0.0111111 0.305266
0 0.448177 0.212963 0.00677083 0.0111111 0.305553
0 0.578646 0.803241 0.00520833 0.0101852 0.311155
0 0.391927 0.227778 0.00572917 0.0111111 0.343224
0 0.413021 0.431481 0.00520833 0.0111111 0.343566
0 0.663281 0.228704 0.0078125 0.012963 0.347916
0 0.778646 0.749074 0.00625 0.0111111 0.34816
0 0.708594 0.577778 0.00677083 0.0111111 0.36379
0 0.4375 0.637963 0.00520833 0.0111111 0.364064
0 0.758073 0.568981 0.0078125 0.012037 0.366073
0 0.450521 0.742593 0.00520833 0.0111111 0.375473
0 0.465625 0.845833 0.00729167 0.012037 0.38722
0 0.728646 0.756944 0.00625 0.012037 0.392989
0 0.711979 0.221759 0.00729167 0.012037 0.40687
0 0.42526 0.537963 0.00572917 0.012963 0.430083
0 0.734635 0.396296 0.0078125 0.012963 0.446935
0 0.402344 0.32963 0.00572917 0.012963 0.463024
0 0.723437 0.308796 0.00729167 0.012037 0.501658
