0 0.650521 0.321296 0.00625 0.0111111 0.257719
0 0.480208 0.348611 0.00625 0.0101852 0.262149
0 0.715365 0.652778 0.00572917 0.0111111 0.393107
0 0.666927 0.758796 0.00572917 0.0101852 0.428222
0 0.559635 0.719444 0.00572917 0.0111111 0.446398
0 0.555208 0.624537 0.00625 0.0101852 0.448788
0 0.496354 0.755556 0.00625 0.0111111 0.474045
0 0.698698 0.30463 0.00677083 0.0111111 0.498424
0 0.563281 0.8125 0.00572917 0.0101852 0.500535
0 0.766667 0.635648 0.00625 0.012037 0.506964
0 0.694792 0.219444 0.00833333 0.012963 0.517937
0 0.757292 0.4625 0.00625 0.012037 0.531357
0 0.769531 0.722685 0.00677083 0.012037 0.539772
0 0.711458 0.565278 0.00729167 0.012037 0.541298
0 0.420052 0.268056 0.00677083 0.0101852 0.541452
0 0.477604 0.243519 0.00729167 0.0111111 0.544402
0 0.70599 0.477778 0.00677083 0.012963 0.555755
0 0.745313 0.205556 0.00729167 0.012963 0.569954
0 0.703385 0.389815 0.0078125 0.012963 0.576093
0 0.425521 0.468519 0.00625 0.0111111 0.578384
0 0.445833 0.875926 0.00729167 0.0111111 0.578715
0 0.763021 0.54537 0.00833333 0.012963 0.579846
0 0.438542 0.773611 0.00625 0.012037 0.599725
0 0.717969 0.740278 0.00677083 0.0138889 0.606922
0 0.749219 0.291204 0.0078125 0.012037 0.622311
0 0.653646 0.406019 0.0104167 0.0157407 0.624378
0 0.752865 0.376852 0.0078125 0.012963 0.644215
0 0.421875 0.368056 0.00625 0.012037 0.656829
0 0.434115 0.67037 0.00677083 0.0111111 0.666563
0 0.429167 0.572685 0.00729167 0.0138889 0.672851
