0 0.633333 0.824537 0.00520833 0.0101852 0.25386
0 0.67474 0.726389 0.00572917 0.0101852 0.274586
0 0.722396 0.711574 0.00625 0.0101852 0.347515
0 0.657292 0.473611 0.00625 0.0101852 0.358447
0 0.608854 0.490278 0.00729167 0.012037 0.383936
0 0.615885 0.572222 0.00677083 0.012963 0.40181
0 0.602344 0.406481 0.0078125 0.012963 0.402186
0 0.545573 0.940278 0.00677083 0.012037 0.409571
0 0.68125 0.810648 0.00625 0.0101852 0.410841
0 0.573958 0.678704 0.00729167 0.012963 0.41745
0 0.669531 0.64213 0.0078125 0.0138889 0.431804
0 0.5 0.955556 0.00625 0.0111111 0.437426
0 0.663542 0.559259 0.00729167 0.012963 0.443692
0 0.489323 0.790278 0.0078125 0.0138889 0.460228
0 0.494792 0.872222 0.00625 0.0111111 0.46129
0 0.585156 0.84213 0.00677083 0.012037 0.468205
0 0.735417 0.877315 0.00729167 0.012037 0.474301
0 0.561458 0.586111 0.00729167 0.012963 0.476946
0 0.538542 0.85787 0.00729167 0.012037 0.484784
0 0.728906 0.793519 0.00677083 0.0111111 0.484795
0 0.650521 0.390278 0.00833333 0.0138889 0.532629
0 0.555208 0.493056 0.00833333 0.0138889 0.533632
0 0.580469 0.757407 0.0078125 0.012963 0.550586
0 0.752865 0.440278 0.00677083 0.012037 0.562122
0 0.705208 0.455093 0.00729167 0.012037 0.565275
0 0.759896 0.526389 0.00625 0.012037 0.570456
0 0.716667 0.625 0.00729167 0.012963 0.571174
0 0.778385 0.778704 0.0078125 0.012963 0.573635
0 0.527865 0.692593 0.00677083 0.012963 0.582726
0 0.549479 0.405556 0.00833333 0.012963 0.59686
0 0.710938 0.54213 0.00729167 0.0138889 0.60152
0 0.783594 0.8625 0.0078125 0.0138889 0.604096
0 0.771615 0.693056 0.0078125 0.012037 0.604752
0 0.765104 0.608333 0.00833333 0.012963 0.609887
0 0.460156 0.622222 0.0078125 0.012963 0.641659
0 0.483594 0.708333 0.0078125 0.012963 0.650709
0 0.510417 0.606019 0.00729167 0.012037 0.666752
0 0.534635 0.774074 0.0078125 0.012963 0.685244
0 0.698958 0.372222 0.00833333 0.0148148 0.703238
0 0.489062 0.4125 0.00833333 0.0138889 0.713171
0 0.434896 0.432407 0.00833333 0.0148148 0.734109
0 0.494792 0.505556 0.009375 0.0148148 0.750008
0 0.442187 0.527778 0.009375 0.0166667 0.753032
0 0.746615 0.355556 0.0078125 0.012963 0.753311
