0 0.441927 0.906018 0.0078125 0.0138889 0.25922
0 0.55 0.742593 0.00729167 0.0111111 0.282109
0 0.501042 0.752315 0.00729167 0.012037 0.288289
0 0.513542 0.477315 0.0208333 0.0268519 0.290659
0 0.451042 0.752315 0.00625 0.012037 0.300817
0 0.567969 0.358333 0.00885417 0.0148148 0.310101
0 0.515104 0.352315 0.00729167 0.0138889 0.324975
0 0.458854 0.35 0.00833333 0.012963 0.329628
0 0.50599 0.668981 0.00677083 0.012037 0.333087
0 0.50599 0.465741 0.0192708 0.0240741 0.33945
0 0.778125 0.468519 0.0104167 0.0222222 0.344544
0 0.538802 0.904167 0.00885417 0.0157407 0.356217
0 0.45625 0.673611 0.00625 0.012037 0.356368
0 0.45 0.461111 0.0135417 0.0240741 0.357357
0 0.546094 0.824074 0.00885417 0.012963 0.363028
0 0.490104 0.905556 0.00833333 0.0166667 0.363601
0 0.594792 0.822685 0.00833333 0.012037 0.364674
0 0.670833 0.478241 0.00833333 0.0157407 0.367412
0 0.556771 0.578704 0.00625 0.012963 0.370347
0 0.732552 0.359722 0.00885417 0.0194444 0.375194
0 0.498698 0.825926 0.00989583 0.0166667 0.375229
0 0.614844 0.474074 0.0109375 0.0166667 0.376658
0 0.502604 0.572685 0.00729167 0.0138889 0.378204
0 0.726562 0.468981 0.015625 0.0268519 0.37956
0 0.447396 0.828704 0.00833333 0.0148148 0.379973
0 0.678906 0.360648 0.00885417 0.0194444 0.383594
0 0.589063 0.902315 0.00833333 0.012037 0.385941
0 0.622917 0.355093 0.0104167 0.0194444 0.389834
0 0.784375 0.361574 0.00833333 0.0157407 0.390109
0 0.598958 0.744907 0.0104167 0.0138889 0.392885
0 0.604167 0.6625 0.00833333 0.0138889 0.403306
0 0.452344 0.575926 0.0109375 0.0203704 0.405874
0 0.554948 0.666204 0.00885417 0.0138889 0.410371
0 0.559635 0.471759 0.0151042 0.0212963 0.428872
0 0.758594 0.5875 0.00677083 0.0157407 0.440621
0 0.635417 0.900463 0.00833333 0.012037 0.449097
0 0.660677 0.578241 0.0078125 0.0138889 0.449897
0 0.641927 0.820833 0.00885417 0.012037 0.458235
0 0.609635 0.580556 0.0078125 0.0148148 0.459855
0 0.711198 0.57963 0.00677083 0.012963 0.471033
0 0.739844 0.746759 0.0078125 0.0138889 0.474131
0 0.693229 0.743519 0.00729167 0.012963 0.477094
0 0.688021 0.820833 0.00729167 0.012037 0.486716
0 0.68125 0.899537 0.00833333 0.012037 0.487343
0 0.647135 0.743519 0.0109375 0.0148148 0.500824
0 0.734375 0.821296 0.00833333 0.012963 0.504193
0 0.729948 0.897685 0.00885417 0.0138889 0.513234
0 0.698177 0.668519 0.0078125 0.0148148 0.52518
0 0.651563 0.665278 0.0104167 0.0157407 0.52737
0 0.74375 0.676389 0.00833333 0.0157407 0.552866
