0 0.528125 0.756944 0.00625 0.012037 0.250194
0 0.76849 0.811574 0.00677083 0.012037 0.252317
0 0.483333 0.84537 0.00625 0.0111111 0.254393
0 0.763542 0.556019 0.00625 0.012037 0.258601
0 0.577083 0.918519 0.00625 0.0111111 0.259036
0 0.4625 0.590741 0.00729167 0.012963 0.260287
0 0.711458 0.389352 0.00729167 0.012037 0.272611
0 0.761458 0.468056 0.00729167 0.012037 0.272854
0 0.479688 0.683333 0.00625 0.012963 0.289106
0 0.765625 0.724537 0.00625 0.012037 0.289686
0 0.44974 0.49213 0.0078125 0.0138889 0.292862
0 0.447396 0.396296 0.00729167 0.012963 0.30856
0 0.764583 0.638889 0.00729167 0.012963 0.318115
0 0.760156 0.38287 0.0078125 0.0138889 0.318931
0 0.482292 0.762963 0.00729167 0.012963 0.328838
