0 0.717708 0.250463 0.00625 0.012037 0.251769
0 0.71276 0.513426 0.00572917 0.012037 0.26516
0 0.768229 0.253241 0.00625 0.0101852 0.269811
0 0.71276 0.600463 0.00677083 0.012037 0.272074
0 0.76276 0.604167 0.00677083 0.012037 0.272753
0 0.715625 0.424074 0.00833333 0.0148148 0.273243
0 0.761979 0.69537 0.00625 0.0111111 0.273668
0 0.656771 0.777315 0.00625 0.012037 0.273669
0 0.710417 0.69213 0.00625 0.012037 0.291242
0 0.499479 0.289352 0.00520833 0.012037 0.295526
0 0.434896 0.59537 0.00520833 0.0111111 0.302673
0 0.436198 0.494907 0.00572917 0.0138889 0.317011
0 0.439063 0.388426 0.00520833 0.0138889 0.325522
0 0.504948 0.184722 0.00572917 0.012037 0.326136
0 0.759375 0.785185 0.00625 0.0111111 0.338686
0 0.708333 0.780093 0.00625 0.012037 0.377135
0 0.446354 0.186111 0.00625 0.012963 0.385998
0 0.442448 0.286111 0.00572917 0.012963 0.390265
