0 0.766146 0.671759 0.00625 0.012037 0.302904
0 0.675781 0.732407 0.00677083 0.0111111 0.46685
0 0.451302 0.927778 0.00885417 0.012963 0.533532
0 0.572135 0.440741 0.00677083 0.0111111 0.546297
0 0.628385 0.44537 0.00677083 0.012963 0.549572
0 0.51901 0.637963 0.0078125 0.012963 0.58004
0 0.459635 0.633333 0.0078125 0.012963 0.610764
0 0.73724 0.347685 0.00989583 0.0194444 0.611895
0 0.717708 0.735648 0.00729167 0.012037 0.637198
0 0.580208 0.559259 0.00625 0.0111111 0.650564
0 0.717969 0.661574 0.00677083 0.012037 0.651534
0 0.628125 0.571759 0.00625 0.012037 0.653173
0 0.727344 0.585648 0.00677083 0.012037 0.65409
0 0.592969 0.736111 0.0078125 0.012963 0.664694
0 0.457031 0.735648 0.0130208 0.0157407 0.666356
0 0.778906 0.597685 0.00677083 0.012037 0.678132
0 0.517708 0.728241 0.00833333 0.0138889 0.684421
0 0.732031 0.456481 0.00677083 0.0148148 0.691206
0 0.784375 0.481481 0.009375 0.0148148 0.698316
0 0.45599 0.328241 0.00677083 0.0138889 0.700162
0 0.588802 0.650926 0.0078125 0.012963 0.704483
0 0.67526 0.809722 0.00677083 0.0138889 0.708619
0 0.451823 0.833333 0.0119792 0.0148148 0.712379
0 0.677604 0.572685 0.00729167 0.0138889 0.714039
0 0.517187 0.328241 0.00729167 0.012037 0.715822
0 0.457812 0.534722 0.00729167 0.0138889 0.720479
0 0.516146 0.434259 0.00833333 0.0148148 0.722255
0 0.780469 0.348611 0.0078125 0.0157407 0.72467
0 0.583073 0.821296 0.00677083 0.012963 0.735003
0 0.519271 0.830093 0.0104167 0.0157407 0.73927
0 0.629687 0.335185 0.00729167 0.0148148 0.758194
0 0.717708 0.80787 0.00833333 0.0175926 0.760073
0 0.760938 0.88287 0.00833333 0.0157407 0.760588
0 0.763281 0.809722 0.00885417 0.0175926 0.766359
0 0.673437 0.888426 0.00729167 0.0157407 0.767864
0 0.520573 0.931481 0.00989583 0.0166667 0.773963
0 0.681771 0.458796 0.00833333 0.0175926 0.776935
0 0.57474 0.33287 0.0078125 0.0157407 0.782294
0 0.634635 0.665278 0.0119792 0.0175926 0.788196
0 0.519271 0.535185 0.009375 0.0185185 0.793172
0 0.673177 0.655093 0.00989583 0.0175926 0.799663
0 0.634115 0.806481 0.00885417 0.0185185 0.800431
0 0.454427 0.430093 0.00989583 0.0194444 0.810284
0 0.684635 0.338426 0.00989583 0.0194444 0.821897
0 0.582292 0.909722 0.00729167 0.0194444 0.825566
0 0.717448 0.880556 0.00885417 0.0185185 0.827839
0 0.630469 0.898148 0.00885417 0.0222222 0.839942
0 0.765625 0.739815 0.0135417 0.0203704 0.848636
