0 0.491927 0.480093 0.0161458 0.0231481 0.318373
0 0.589323 0.408796 0.0109375 0.0175926 0.321295
0 0.740104 0.475926 0.00625 0.0111111 0.347837
0 0.732813 0.565741 0.00625 0.0111111 0.354917
0 0.540625 0.471759 0.0125 0.0194444 0.393569
0 0.596094 0.475 0.0109375 0.0166667 0.407532
0 0.583073 0.666667 0.00677083 0.0111111 0.411605
0 0.69375 0.482407 0.00625 0.0111111 0.414235
0 0.479948 0.751852 0.00885417 0.0148148 0.435087
0 0.747656 0.389815 0.00677083 0.012963 0.447182
0 0.671354 0.739352 0.00833333 0.012037 0.467812
0 0.788542 0.475 0.00729167 0.0111111 0.469008
0 0.686458 0.57037 0.00729167 0.0111111 0.471737
0 0.577083 0.747685 0.00833333 0.012037 0.475871
0 0.528385 0.744907 0.00677083 0.012037 0.48139
0 0.533594 0.575926 0.00885417 0.0148148 0.485583
0 0.724219 0.648148 0.00677083 0.0111111 0.487146
0 0.466667 0.899537 0.00729167 0.012037 0.490449
0 0.617969 0.825 0.00677083 0.0111111 0.491269
0 0.520573 0.824074 0.00885417 0.012963 0.494913
0 0.553906 0.366204 0.00885417 0.0157407 0.495031
0 0.665365 0.821759 0.00885417 0.012037 0.499177
0 0.646875 0.487037 0.00729167 0.012963 0.510777
0 0.634375 0.657407 0.009375 0.012963 0.513639
0 0.611719 0.907407 0.00677083 0.0111111 0.513817
0 0.716667 0.737037 0.00729167 0.0111111 0.515954
0 0.679688 0.653704 0.009375 0.012963 0.517253
0 0.570052 0.830556 0.00885417 0.012963 0.523966
0 0.639583 0.574074 0.00729167 0.012963 0.524975
0 0.794271 0.39213 0.00833333 0.0157407 0.525983
0 0.710156 0.823611 0.0078125 0.012037 0.534809
0 0.702865 0.3875 0.0078125 0.0157407 0.545848
0 0.703906 0.909259 0.00677083 0.012963 0.548087
0 0.513542 0.905093 0.00729167 0.0138889 0.548239
0 0.585938 0.569444 0.00729167 0.012963 0.549843
0 0.473958 0.825 0.009375 0.0148148 0.553157
0 0.779688 0.565278 0.009375 0.0138889 0.566624
0 0.561979 0.911574 0.00729167 0.0138889 0.569359
0 0.657552 0.396296 0.00885417 0.0166667 0.569689
0 0.657812 0.908796 0.00833333 0.0138889 0.571664
0 0.74974 0.90463 0.0078125 0.012963 0.588477
0 0.772396 0.649537 0.00729167 0.012037 0.5964
0 0.757292 0.83287 0.009375 0.0138889 0.606704
0 0.623177 0.743981 0.0109375 0.0157407 0.613901
0 0.532812 0.667593 0.009375 0.0166667 0.623671
0 0.765104 0.739352 0.0125 0.0175926 0.693076
