0 0.409115 0.247222 0.00989583 0.0166667 0.250288
0 0.369271 0.782407 0.00729167 0.012963 0.254221
0 0.607292 0.446759 0.00625 0.012037 0.25445
0 0.516146 0.277315 0.009375 0.0194444 0.259912
0 0.607031 0.27037 0.00677083 0.012963 0.260001
0 0.655208 0.7125 0.00833333 0.0138889 0.261998
0 0.654427 0.444907 0.00885417 0.0138889 0.262656
0 0.654427 0.619907 0.00989583 0.0157407 0.264805
0 0.560938 0.268519 0.00833333 0.0166667 0.280662
0 0.654167 0.786111 0.00833333 0.0148148 0.31294
0 0.654167 0.272685 0.00833333 0.0138889 0.316411
