0 0.705208 0.638426 0.00625 0.0101852 0.267217
0 0.746875 0.812963 0.00729167 0.012963 0.274104
0 0.711198 0.280093 0.00677083 0.012037 0.274604
0 0.660937 0.643519 0.00625 0.0111111 0.290162
0 0.75026 0.630093 0.00677083 0.0101852 0.293971
0 0.702865 0.727778 0.0078125 0.012963 0.298291
0 0.800781 0.449537 0.00885417 0.0138889 0.303535
0 0.66276 0.379167 0.00572917 0.0101852 0.317963
0 0.799479 0.535185 0.00729167 0.0111111 0.344336
0 0.606771 0.463889 0.00729167 0.0111111 0.351521
0 0.485156 0.374074 0.00989583 0.012963 0.366406
0 0.483073 0.477778 0.0078125 0.0111111 0.367602
0 0.660937 0.823148 0.00833333 0.012963 0.375919
0 0.670833 0.287963 0.00625 0.0111111 0.380682
0 0.4875 0.276852 0.00833333 0.012963 0.386434
0 0.610417 0.363426 0.00833333 0.0138889 0.392693
0 0.476562 0.77963 0.00625 0.0111111 0.400233
0 0.620313 0.273148 0.00729167 0.0111111 0.416419
0 0.794792 0.811111 0.00833333 0.0148148 0.419689
0 0.797396 0.626389 0.00833333 0.012037 0.422541
0 0.476302 0.677778 0.0078125 0.012963 0.424295
0 0.607292 0.562037 0.00833333 0.012963 0.42442
0 0.550521 0.465741 0.00625 0.0111111 0.434985
0 0.551562 0.667593 0.009375 0.0111111 0.436504
0 0.610417 0.655556 0.00729167 0.0111111 0.437303
0 0.551302 0.769907 0.00677083 0.0101852 0.45
0 0.478646 0.579167 0.00833333 0.012037 0.450904
0 0.558073 0.264352 0.00677083 0.0101852 0.453448
0 0.661458 0.731944 0.00833333 0.0138889 0.454484
0 0.703906 0.821759 0.00885417 0.0138889 0.465101
0 0.797135 0.721759 0.00885417 0.0138889 0.465455
0 0.551823 0.368056 0.0078125 0.012037 0.484594
0 0.609115 0.752778 0.00885417 0.012963 0.496409
0 0.55026 0.569444 0.0078125 0.012963 0.49885
0 0.620052 0.840741 0.0078125 0.012963 0.510827
0 0.476823 0.878241 0.00989583 0.0157407 0.562823
0 0.551042 0.868981 0.0104167 0.0157407 0.582796
