0 0.371354 0.70463 0.00729167 0.012963 0.254848
0 0.4125 0.248611 0.0104167 0.0157407 0.259118
0 0.608073 0.701389 0.00677083 0.012037 0.260082
0 0.466406 0.54537 0.00677083 0.012963 0.260568
0 0.466667 0.788889 0.00625 0.012963 0.262092
0 0.516406 0.785185 0.00677083 0.012963 0.265005
0 0.451562 0.290741 0.0114583 0.0185185 0.265209
0 0.514844 0.451389 0.0078125 0.0138889 0.265785
0 0.416667 0.546296 0.00729167 0.012963 0.268505
0 0.658073 0.352778 0.00677083 0.0111111 0.27186
0 0.608073 0.268056 0.00677083 0.012037 0.281177
0 0.419271 0.70463 0.00729167 0.012963 0.283007
0 0.418229 0.784259 0.00833333 0.0148148 0.286883
0 0.563281 0.785185 0.00677083 0.012963 0.301812
0 0.467969 0.708796 0.0078125 0.0138889 0.303505
0 0.657292 0.526852 0.00729167 0.0111111 0.304523
0 0.515625 0.365278 0.00729167 0.012037 0.304886
0 0.5625 0.266204 0.00833333 0.0157407 0.306343
0 0.515625 0.703241 0.00729167 0.012037 0.308872
0 0.656771 0.441667 0.00729167 0.0111111 0.316767
0 0.514323 0.622222 0.00989583 0.0148148 0.321193
0 0.409115 0.454167 0.0078125 0.0138889 0.338331
0 0.657031 0.710648 0.0078125 0.012037 0.346416
0 0.609896 0.784722 0.00625 0.012037 0.349004
0 0.65599 0.27037 0.0078125 0.012963 0.355848
0 0.4625 0.357407 0.0104167 0.0166667 0.357032
0 0.518229 0.274537 0.009375 0.0175926 0.390938
0 0.65625 0.78287 0.00729167 0.012037 0.39098
0 0.658073 0.617593 0.0109375 0.0148148 0.40811
