0 0.477604 0.434722 0.00729167 0.012037 0.251912
0 0.725 0.541667 0.00833333 0.0148148 0.258267
0 0.751302 0.960185 0.0078125 0.012963 0.262891
0 0.447135 0.668981 0.00677083 0.0138889 0.26302
0 0.601302 0.428241 0.0078125 0.012037 0.269689
0 0.533854 0.326852 0.00625 0.0111111 0.274707
0 0.473437 0.332407 0.00625 0.0111111 0.279996
0 0.43151 0.55787 0.00572917 0.012037 0.289696
0 0.65599 0.318519 0.0078125 0.012963 0.293133
0 0.789583 0.740741 0.00833333 0.012963 0.317081
0 0.595573 0.324537 0.0078125 0.012037 0.322659
0 0.723958 0.415278 0.00833333 0.0138889 0.325134
0 0.785156 0.534259 0.00677083 0.0111111 0.331029
0 0.809896 0.956481 0.00833333 0.012963 0.336877
0 0.416927 0.440741 0.00677083 0.012963 0.337723
0 0.716406 0.3125 0.0078125 0.012037 0.37533
0 0.78776 0.413426 0.0140625 0.0212963 0.378955
0 0.414062 0.34213 0.00729167 0.012037 0.385629
0 0.777083 0.310185 0.00833333 0.012963 0.442951
