0 0.63099 0.519907 0.00677083 0.0101852 0.251639
0 0.542708 0.171296 0.00625 0.0111111 0.262154
0 0.676823 0.344907 0.0078125 0.012037 0.286578
0 0.541146 0.526852 0.00729167 0.0111111 0.296009
0 0.535937 0.2625 0.00729167 0.012037 0.301048
0 0.491146 0.152778 0.00625 0.0111111 0.303584
0 0.63125 0.614352 0.00729167 0.012037 0.308943
0 0.677344 0.430556 0.00572917 0.0111111 0.311076
0 0.482812 0.342593 0.00625 0.0111111 0.313824
0 0.427604 0.137037 0.00625 0.0111111 0.318574
0 0.491406 0.535648 0.0078125 0.012037 0.329411
0 0.632552 0.704167 0.00677083 0.012037 0.33979
0 0.677865 0.522222 0.00677083 0.0111111 0.352595
0 0.485417 0.441204 0.00729167 0.012037 0.352614
0 0.54974 0.706019 0.0078125 0.0138889 0.358249
0 0.359115 0.346759 0.0078125 0.0101852 0.370001
0 0.590365 0.709722 0.0078125 0.0138889 0.383668
0 0.35599 0.447222 0.0078125 0.0111111 0.38698
0 0.426823 0.339815 0.00677083 0.0111111 0.387629
0 0.68151 0.61713 0.00885417 0.0138889 0.388344
0 0.429427 0.443981 0.00677083 0.012037 0.396173
0 0.483854 0.240278 0.00833333 0.0138889 0.398323
0 0.431771 0.542593 0.00833333 0.0111111 0.401832
0 0.586979 0.616204 0.00833333 0.0138889 0.402741
0 0.435417 0.646296 0.00625 0.00925926 0.414354
0 0.358333 0.544907 0.00729167 0.012037 0.417785
0 0.357552 0.146759 0.00677083 0.012037 0.419756
0 0.360938 0.648148 0.00625 0.0111111 0.420947
0 0.680469 0.706019 0.0078125 0.0138889 0.422556
0 0.493229 0.633333 0.00833333 0.0148148 0.423383
0 0.359375 0.244444 0.0104167 0.012963 0.423707
0 0.544531 0.616204 0.00885417 0.0157407 0.43034
0 0.507292 0.723611 0.00729167 0.0138889 0.455597
0 0.425521 0.238889 0.00729167 0.0111111 0.45802
0 0.364062 0.747685 0.009375 0.0157407 0.503429
0 0.438802 0.743056 0.0130208 0.0157407 0.559981
