0 0.399322 1.000000 0.006605 0.011005
0 0.384570 0.943408 0.006175 0.015361
0 0.369417 0.838170 0.006586 0.014629
0 0.355779 0.727181 0.007260 0.015826
0 0.343947 0.621029 0.006193 0.011736
0 0.329897 0.511235 0.005520 0.010540
0 0.319908 0.401742 0.007279 0.012202
0 0.461216 1.000000 0.006736 0.011969
0 0.445201 0.920473 0.006474 0.010040
0 0.432013 0.814903 0.003480 0.010573
0 0.418581 0.703313 0.004304 0.009110
0 0.404438 0.599173 0.004042 0.007182
0 0.391352 0.485906 0.005521 0.010540
0 0.377891 0.380452 0.007972 0.009774
0 0.520623 0.978951 0.005670 0.007880
0 0.508005 0.881810 0.005800 0.008843
0 0.496481 0.782158 0.004566 0.011039
0 0.482460 0.681027 0.005109 0.011271
0 0.472171 0.577785 0.005520 0.010540
0 0.459168 0.475707 0.005931 0.009808
0 0.447027 0.377850 0.005109 0.011271
0 0.576138 0.935251 0.006624 0.007381
0 0.627029 0.910369 0.006867 0.012933
0 0.678501 0.891871 0.008084 0.014363
0 0.730599 0.869533 0.005651 0.011504
0 0.566485 0.840920 0.006998 0.013898
0 0.616749 0.819878 0.005800 0.008843
0 0.666808 0.799435 0.006324 0.012701
0 0.720460 0.777962 0.005651 0.011504
0 0.554792 0.748483 0.003630 0.007913
0 0.542848 0.652073 0.002676 0.008412
0 0.532503 0.561100 0.003349 0.009609
0 0.521558 0.467833 0.003087 0.007680
0 0.508866 0.372255 0.004978 0.010307
0 0.605459 0.728290 0.012407 0.019850
0 0.593777 0.633808 0.004978 0.010307
0 0.658016 0.709327 0.008758 0.015560
0 0.708084 0.686839 0.006867 0.012933
0 0.645313 0.615793 0.005240 0.012236
0 0.697683 0.593339 0.004435 0.010074
0 0.582823 0.542586 0.006343 0.009076
0 0.635108 0.523740 0.007279 0.012202
0 0.689359 0.504560 0.008627 0.014596
0 0.571000 0.449185 0.003761 0.008877
0 0.558092 0.356250 0.006867 0.012933
0 0.624034 0.429508 0.006193 0.011736
0 0.612276 0.336589 0.005913 0.013433
0 0.678911 0.406489 0.005239 0.012236
0 0.665731 0.313670 0.005931 0.009808
