0 0.589323 0.472685 0.00677083 0.0101852 0.253543
0 0.736198 0.568056 0.00677083 0.0101852 0.259131
0 0.602344 0.738426 0.00677083 0.0101852 0.267964
0 0.430208 0.881944 0.00729167 0.0101852 0.272987
0 0.520833 0.2625 0.00729167 0.0101852 0.310051
0 0.64974 0.737963 0.00677083 0.0111111 0.31153
0 0.410937 0.467593 0.00625 0.0111111 0.319121
0 0.696094 0.369907 0.00677083 0.0101852 0.319477
0 0.416667 0.572222 0.00625 0.00925926 0.342041
0 0.547135 0.756019 0.00677083 0.012037 0.382516
0 0.653646 0.824537 0.00625 0.0101852 0.382831
0 0.74375 0.734722 0.00729167 0.0101852 0.401163
0 0.405208 0.266204 0.00625 0.012037 0.404605
0 0.580729 0.266667 0.00833333 0.0111111 0.406595
0 0.605469 0.828241 0.00677083 0.0101852 0.408937
0 0.744531 0.476389 0.0078125 0.0101852 0.422602
0 0.738542 0.652315 0.00729167 0.012037 0.433625
0 0.46224 0.261111 0.00677083 0.0111111 0.451953
0 0.407031 0.362963 0.00572917 0.0111111 0.453523
0 0.701042 0.819907 0.00729167 0.012037 0.462065
0 0.697656 0.737037 0.0078125 0.0111111 0.469209
0 0.426823 0.777778 0.00677083 0.0111111 0.483552
0 0.75 0.372685 0.00729167 0.012037 0.52082
0 0.552083 0.853704 0.00625 0.0111111 0.526638
0 0.584115 0.364352 0.0078125 0.012037 0.529397
0 0.420833 0.675926 0.00625 0.0111111 0.531531
0 0.746615 0.821296 0.0078125 0.0111111 0.555995
0 0.484896 0.778241 0.009375 0.012037 0.621325
