0 0.664062 0.645833 0.00625 0.012037 0.268945
0 0.642969 0.381481 0.0078125 0.0111111 0.277268
0 0.743229 0.551389 0.00625 0.0101852 0.345813
0 0.779167 0.372685 0.00625 0.0101852 0.401465
0 0.752865 0.6375 0.00677083 0.0101852 0.431619
0 0.682552 0.286574 0.00677083 0.0101852 0.483429
0 0.773438 0.283796 0.00729167 0.0101852 0.488661
0 0.460156 0.268056 0.0078125 0.0138889 0.499591
0 0.707812 0.642593 0.00729167 0.0111111 0.500507
0 0.59349 0.4625 0.00885417 0.012037 0.537246
0 0.601823 0.561574 0.00885417 0.012037 0.538441
0 0.530729 0.259259 0.00833333 0.012963 0.539554
0 0.792708 0.547685 0.00729167 0.012037 0.54004
0 0.758594 0.73287 0.00677083 0.0101852 0.541935
0 0.64349 0.289815 0.00677083 0.0111111 0.563665
0 0.5375 0.45787 0.00833333 0.0138889 0.563931
0 0.764323 0.822222 0.0078125 0.012963 0.576703
0 0.713802 0.734259 0.00885417 0.012963 0.58443
0 0.78724 0.4625 0.0078125 0.012037 0.586236
0 0.798698 0.637963 0.0078125 0.0111111 0.607724
0 0.590104 0.360648 0.009375 0.0157407 0.625015
0 0.592188 0.271296 0.00729167 0.012963 0.635251
0 0.614323 0.653704 0.0078125 0.0111111 0.636099
0 0.672135 0.734259 0.00885417 0.0148148 0.64072
0 0.490885 0.768981 0.0078125 0.012037 0.653166
0 0.463542 0.360648 0.0104167 0.0138889 0.654159
0 0.620052 0.751389 0.00885417 0.0138889 0.664366
0 0.469792 0.463426 0.00833333 0.012037 0.668823
0 0.564323 0.764815 0.00885417 0.0111111 0.686883
0 0.8125 0.824537 0.009375 0.0157407 0.698084
0 0.808854 0.73287 0.0104167 0.0138889 0.69903
0 0.473958 0.568981 0.0104167 0.012037 0.707287
0 0.530208 0.362037 0.009375 0.012963 0.718227
0 0.545573 0.564352 0.00885417 0.0138889 0.720221
0 0.498177 0.868981 0.0109375 0.0138889 0.734291
0 0.482031 0.665741 0.00885417 0.012963 0.744961
0 0.639583 0.841204 0.00833333 0.0138889 0.745409
0 0.554688 0.661111 0.0114583 0.012963 0.753826
0 0.721615 0.826852 0.00885417 0.0166667 0.769062
0 0.572396 0.863426 0.0104167 0.0138889 0.815486
