0 0.618436 0.119520 0.007495 0.013324
0 0.547845 0.126380 0.005824 0.011169
0 0.485657 0.153901 0.005824 0.011169
0 0.437478 0.183241 0.006341 0.011274
0 0.396420 0.188770 0.007495 0.013324
0 0.356397 0.194091 0.004036 0.007174
0 0.307584 0.205388 0.005765 0.010249
0 0.623428 0.217758 0.010141 0.014768
0 0.558049 0.228221 0.007953 0.012509
0 0.500927 0.240736 0.008588 0.014453
0 0.449442 0.271678 0.006282 0.010354
0 0.405937 0.275840 0.004730 0.010039
0 0.360858 0.284049 0.004612 0.008199
0 0.311868 0.292586 0.005188 0.009224
0 0.630262 0.316090 0.006800 0.010459
0 0.563500 0.325434 0.007377 0.011484
0 0.507102 0.341064 0.006800 0.010459
0 0.454725 0.354014 0.006105 0.007593
0 0.409357 0.361816 0.007599 0.006989
0 0.364048 0.370537 0.006223 0.009434
0 0.313453 0.382661 0.008529 0.013533
0 0.640524 0.418850 0.008012 0.013429
0 0.568099 0.429809 0.009682 0.015583
0 0.511835 0.439355 0.010200 0.015688
0 0.457663 0.444748 0.005824 0.011169
0 0.413389 0.453259 0.005247 0.010144
0 0.369315 0.460799 0.005188 0.009224
0 0.319113 0.466786 0.005765 0.010249
0 0.643529 0.514697 0.008071 0.014349
0 0.570246 0.528625 0.011457 0.011403
0 0.509258 0.534002 0.008529 0.013533
0 0.460173 0.536966 0.005365 0.011984
0 0.416010 0.543125 0.006400 0.012194
0 0.370376 0.546787 0.005765 0.010249
0 0.324240 0.558938 0.007318 0.010564
0 0.647669 0.620096 0.005765 0.010249
0 0.574211 0.631264 0.005247 0.010144
0 0.515485 0.631057 0.009623 0.014663
0 0.463711 0.624782 0.010895 0.018553
0 0.420272 0.634057 0.008647 0.015373
0 0.377432 0.640414 0.007835 0.010668
0 0.326290 0.652182 0.010082 0.013848
0 0.651368 0.718597 0.011353 0.017738
0 0.576645 0.730487 0.012329 0.017028
0 0.507468 0.722615 0.008012 0.013429
0 0.465525 0.714346 0.009047 0.013638
0 0.424422 0.727339 0.009165 0.015478
0 0.381317 0.729557 0.005306 0.011064
0 0.333657 0.742483 0.008071 0.014349
