0 0.298715 0.758166 0.006198 0.010226
0 0.293151 0.664708 0.005303 0.011817
0 0.297236 0.557111 0.007237 0.012074
0 0.302162 0.452435 0.007756 0.012998
0 0.296030 0.356888 0.005714 0.010162
0 0.290156 0.261740 0.007165 0.010355
0 0.285050 0.161317 0.007719 0.012138
0 0.353724 0.755308 0.006645 0.009431
0 0.350042 0.660323 0.008614 0.010548
0 0.350352 0.549303 0.006306 0.012805
0 0.354328 0.445176 0.005678 0.009302
0 0.350489 0.352370 0.005194 0.009238
0 0.343582 0.255622 0.003672 0.007327
0 0.338975 0.155570 0.006198 0.010226
0 0.410017 0.747974 0.006125 0.008507
0 0.405575 0.652220 0.006645 0.009431
0 0.404594 0.539199 0.006862 0.014589
0 0.406929 0.436568 0.006681 0.010291
0 0.402189 0.345600 0.006270 0.011945
0 0.397382 0.252912 0.007647 0.010419
0 0.393251 0.146324 0.006681 0.010291
0 0.467724 0.739604 0.005678 0.009302
0 0.464493 0.643701 0.005787 0.011881
0 0.460245 0.534104 0.005678 0.009302
0 0.458445 0.437593 0.007683 0.011279
0 0.456322 0.338963 0.007020 0.006916
0 0.451191 0.244156 0.005267 0.010957
0 0.448642 0.140828 0.004156 0.007390
0 0.525100 0.735160 0.007129 0.009495
0 0.522302 0.637909 0.005194 0.009238
0 0.514620 0.527437 0.006161 0.009367
0 0.511029 0.428555 0.003672 0.007326
0 0.507781 0.332222 0.004639 0.007454
0 0.506483 0.236082 0.004675 0.008314
0 0.501310 0.133939 0.003153 0.006403
0 0.581342 0.726537 0.005678 0.009302
0 0.579727 0.634754 0.007719 0.012139
0 0.568896 0.518191 0.006862 0.014589
0 0.561731 0.421044 0.003853 0.011625
0 0.561416 0.325215 0.006826 0.013729
0 0.559409 0.229594 0.010354 0.017618
0 0.556427 0.127614 0.006234 0.011086
0 0.636718 0.720612 0.008167 0.011343
0 0.637994 0.621997 0.012806 0.018799
0 0.624320 0.513556 0.004265 0.009970
0 0.613481 0.415563 0.006681 0.010291
0 0.611524 0.321231 0.007200 0.011215
0 0.613158 0.225595 0.006198 0.010226
0 0.612011 0.120799 0.005339 0.012676
