0 0.327279 0.214165 0.007607 0.012643
0 0.384232 0.219473 0.007112 0.013523
0 0.438670 0.231056 0.008127 0.012687
0 0.492787 0.235196 0.010383 0.019339
0 0.549294 0.247419 0.008301 0.019162
0 0.602854 0.252900 0.008301 0.019162
0 0.655101 0.258735 0.007657 0.014493
0 0.652758 0.365140 0.007806 0.020041
0 0.637830 0.483914 0.007162 0.015373
0 0.626633 0.570562 0.008226 0.016387
0 0.624977 0.641799 0.007607 0.012643
0 0.621710 0.714753 0.007037 0.010749
0 0.621427 0.793059 0.006542 0.011629
0 0.600697 0.362102 0.014174 0.025197
0 0.545600 0.365294 0.008226 0.016387
0 0.488834 0.353050 0.010828 0.016608
0 0.434519 0.346576 0.016650 0.020794
0 0.378829 0.333033 0.018335 0.025551
0 0.323029 0.323651 0.011522 0.023126
0 0.330111 0.438273 0.010903 0.019383
0 0.380351 0.441156 0.006046 0.012510
0 0.435062 0.452298 0.006566 0.012554
0 0.487755 0.460952 0.007211 0.017223
0 0.539568 0.463505 0.007632 0.013568
0 0.590476 0.470617 0.005501 0.011541
0 0.337605 0.537634 0.007037 0.010749
0 0.336269 0.616315 0.005575 0.014316
0 0.333720 0.691647 0.008722 0.015506
0 0.332149 0.769380 0.008672 0.013656
0 0.387994 0.534968 0.006591 0.013479
0 0.436302 0.541858 0.009763 0.015595
0 0.485044 0.542297 0.007112 0.013523
0 0.534095 0.550640 0.011818 0.014847
0 0.579813 0.556846 0.006542 0.011629
0 0.578019 0.633170 0.006046 0.012510
0 0.575953 0.709934 0.005946 0.008810
0 0.572240 0.789802 0.008052 0.009912
0 0.524688 0.783903 0.008622 0.011806
0 0.530693 0.706084 0.009167 0.012775
0 0.531780 0.626919 0.010283 0.015639
0 0.479650 0.781463 0.007037 0.010749
0 0.482026 0.702872 0.006467 0.008854
0 0.484637 0.625227 0.010778 0.014758
0 0.433506 0.616706 0.005922 0.007885
0 0.432888 0.697765 0.008027 0.008987
0 0.429434 0.777655 0.005501 0.011541
0 0.384689 0.619043 0.008622 0.011806
0 0.386760 0.697085 0.010853 0.017533
0 0.380296 0.772548 0.008251 0.017312
