0 0.549479 0.707407 0.00833333 0.0166667 0.382229
0 0.53724 0.346759 0.0078125 0.012037 0.449524
0 0.673958 0.256481 0.00625 0.0111111 0.449983
0 0.622917 0.166667 0.00625 0.0111111 0.468644
0 0.627865 0.343981 0.00677083 0.0101852 0.520624
0 0.627604 0.434722 0.00625 0.0101852 0.52584
0 0.672656 0.166667 0.00677083 0.0111111 0.537972
0 0.584375 0.435185 0.00625 0.0111111 0.544102
0 0.63125 0.520833 0.00729167 0.0101852 0.601953
0 0.364062 0.748148 0.0114583 0.0148148 0.612246
0 0.356771 0.143519 0.009375 0.0148148 0.613189
0 0.583333 0.168056 0.00729167 0.012037 0.624617
0 0.485417 0.239352 0.00833333 0.0138889 0.629533
0 0.586458 0.526852 0.00729167 0.0111111 0.630874
0 0.542188 0.528241 0.00729167 0.012037 0.636887
0 0.429427 0.137963 0.0078125 0.012963 0.637857
0 0.540885 0.437963 0.0078125 0.0111111 0.64015
0 0.426042 0.2375 0.009375 0.0138889 0.643553
0 0.483333 0.34213 0.00729167 0.012037 0.652338
0 0.5875 0.617593 0.00833333 0.012963 0.655842
0 0.357031 0.347222 0.00989583 0.012963 0.657215
0 0.677865 0.430556 0.0078125 0.0111111 0.665563
0 0.632031 0.615741 0.00677083 0.0111111 0.667041
0 0.536719 0.263426 0.0078125 0.012037 0.672058
0 0.359635 0.544444 0.0109375 0.0148148 0.673139
0 0.633594 0.705093 0.00677083 0.012037 0.677911
0 0.485677 0.440741 0.0078125 0.0111111 0.680482
0 0.54349 0.172222 0.00677083 0.012963 0.686189
0 0.360417 0.645833 0.00833333 0.012037 0.701892
0 0.426562 0.339352 0.009375 0.0138889 0.705658
0 0.35651 0.448148 0.0109375 0.012963 0.711068
0 0.678646 0.522685 0.00833333 0.012037 0.716861
0 0.492188 0.152315 0.00729167 0.012037 0.718497
0 0.492188 0.535185 0.00833333 0.012963 0.722291
0 0.357031 0.24213 0.00989583 0.0138889 0.730482
0 0.428646 0.443981 0.00833333 0.0138889 0.735006
0 0.677083 0.344907 0.009375 0.0138889 0.740962
0 0.590625 0.711111 0.00833333 0.0148148 0.741699
0 0.438542 0.743056 0.0125 0.0157407 0.742192
0 0.507812 0.722685 0.00729167 0.0138889 0.749806
0 0.681771 0.706481 0.00833333 0.012963 0.749989
0 0.545573 0.617593 0.00989583 0.0166667 0.754618
0 0.435417 0.64537 0.00833333 0.0111111 0.754966
0 0.49349 0.633333 0.00885417 0.0148148 0.763323
0 0.43125 0.540278 0.0104167 0.0138889 0.772503
0 0.683333 0.617593 0.0104167 0.0148148 0.782768
