0 0.460677 0.790278 0.00885417 0.0157407 0.257192
0 0.654427 0.354167 0.0109375 0.0212963 0.272659
0 0.497917 0.602315 0.00833333 0.0157407 0.28171
0 0.460156 0.711574 0.00885417 0.0157407 0.284104
0 0.710938 0.340278 0.009375 0.0194444 0.28486
0 0.435417 0.506481 0.0125 0.0240741 0.286554
0 0.490104 0.383333 0.0104167 0.0185185 0.294367
0 0.603125 0.361574 0.0125 0.0231481 0.323236
0 0.76276 0.325926 0.00885417 0.0166667 0.354341
0 0.433333 0.396759 0.009375 0.0157407 0.356363
0 0.447917 0.61713 0.0114583 0.0212963 0.405298
