0 0.435156 0.626389 0.00572917 0.0101852 0.252415
0 0.720312 0.235185 0.00729167 0.012963 0.253546
0 0.708073 0.763426 0.00572917 0.0101852 0.255664
0 0.759896 0.760648 0.00625 0.0101852 0.258517
0 0.763021 0.669444 0.00625 0.0111111 0.271461
0 0.769792 0.231019 0.00625 0.0101852 0.280244
0 0.76849 0.318519 0.0078125 0.0111111 0.288726
0 0.764844 0.577778 0.00677083 0.0111111 0.290712
0 0.713281 0.584259 0.00677083 0.0111111 0.292412
0 0.444271 0.318056 0.00520833 0.012037 0.319045
0 0.43724 0.525463 0.00572917 0.012037 0.3196
