0 0.522396 0.705556 0.00729167 0.0111111 0.266458
0 0.359896 0.340278 0.00625 0.0101852 0.275711
0 0.476562 0.447685 0.00625 0.0101852 0.288349
0 0.358333 0.547685 0.00625 0.0101852 0.328874
0 0.418229 0.240741 0.00729167 0.0111111 0.330492
0 0.589323 0.159259 0.00572917 0.0111111 0.339704
0 0.641146 0.166667 0.00729167 0.0111111 0.375294
0 0.420573 0.731481 0.00677083 0.0111111 0.38787
0 0.58099 0.360648 0.00677083 0.0101852 0.418065
0 0.298177 0.649537 0.00677083 0.0101852 0.424199
0 0.361719 0.137037 0.00677083 0.0111111 0.426683
0 0.617188 0.62037 0.00729167 0.0111111 0.43399
0 0.534375 0.152778 0.00625 0.00925926 0.435633
0 0.476823 0.353241 0.00677083 0.0101852 0.438973
0 0.478646 0.144907 0.00729167 0.0101852 0.47992
0 0.301823 0.235185 0.00677083 0.0111111 0.487625
0 0.298958 0.443519 0.00625 0.0111111 0.488624
0 0.356771 0.652315 0.00833333 0.0101852 0.494246
0 0.359896 0.237037 0.00729167 0.0111111 0.497906
0 0.617188 0.537963 0.00729167 0.0111111 0.508838
0 0.534115 0.249537 0.00677083 0.0101852 0.514531
0 0.475 0.707407 0.00729167 0.0111111 0.519894
0 0.30026 0.339815 0.00677083 0.0111111 0.54177
0 0.619531 0.45463 0.00677083 0.0111111 0.543333
0 0.615885 0.708796 0.00885417 0.012037 0.54386
0 0.589323 0.255556 0.00677083 0.0111111 0.555666
0 0.297917 0.548148 0.00625 0.0111111 0.59547
0 0.478385 0.244444 0.0078125 0.0111111 0.62702
0 0.63099 0.364815 0.0078125 0.0111111 0.63887
0 0.642187 0.261574 0.00833333 0.012037 0.694217
