0 0.285193 0.292678 0.006912 0.014301
0 0.343762 0.266983 0.007291 0.013628
0 0.350049 0.682406 0.013874 0.019273
0 0.376067 0.869777 0.007670 0.012956
0 0.361924 0.776636 0.012058 0.016720
0 0.442859 0.843021 0.015069 0.024086
0 0.427823 0.749347 0.012224 0.021048
0 0.500016 0.797345 0.008107 0.019113
0 0.546116 0.766102 0.011117 0.026479
0 0.585291 0.739142 0.006534 0.014973
0 0.627949 0.711953 0.011709 0.020806
0 0.669922 0.698063 0.009757 0.017338
0 0.486662 0.712953 0.006126 0.012230
0 0.533225 0.677646 0.012224 0.021048
0 0.574490 0.662655 0.008078 0.015698
0 0.615646 0.643391 0.010029 0.019166
0 0.660556 0.625690 0.008457 0.015027
0 0.522490 0.601605 0.006097 0.008816
0 0.562834 0.589458 0.006505 0.011559
0 0.604922 0.574552 0.010272 0.017580
0 0.651800 0.557348 0.016612 0.024811
0 0.548686 0.514094 0.011845 0.021720
0 0.593199 0.500907 0.011165 0.017150
0 0.641117 0.492332 0.007049 0.015215
0 0.512234 0.541189 0.013903 0.022688
0 0.483614 0.626981 0.011030 0.016236
0 0.464734 0.547162 0.008321 0.014113
0 0.408879 0.651303 0.009243 0.017097
0 0.396444 0.564068 0.009757 0.017339
0 0.335158 0.584339 0.008593 0.015940
0 0.319987 0.489770 0.006777 0.013386
0 0.378945 0.464850 0.011845 0.021720
0 0.298939 0.390333 0.011981 0.022634
0 0.360845 0.368802 0.010029 0.019166
0 0.604564 0.175020 0.009001 0.018683
0 0.563611 0.195627 0.011088 0.023064
0 0.508315 0.207260 0.013252 0.021531
0 0.455619 0.225333 0.009243 0.017097
0 0.402071 0.246697 0.010407 0.018494
0 0.416585 0.351190 0.005990 0.011317
0 0.472443 0.332563 0.007942 0.014785
0 0.526043 0.322223 0.009787 0.020753
0 0.574188 0.299126 0.008729 0.016855
0 0.629188 0.301566 0.010787 0.017822
0 0.443135 0.461920 0.006398 0.014059
0 0.491189 0.454241 0.008185 0.013198
0 0.539744 0.433832 0.008214 0.016612
0 0.589746 0.424736 0.006777 0.013386
0 0.642454 0.413864 0.007564 0.015457
