0 0.659375 0.406481 0.00729167 0.012963 0.251619
0 0.57526 0.739352 0.00677083 0.012037 0.257516
0 0.772135 0.925 0.00677083 0.0111111 0.258439
0 0.482812 0.735185 0.00625 0.0111111 0.258571
0 0.716146 0.664352 0.00625 0.012037 0.263905
0 0.479688 0.652315 0.00625 0.012037 0.276289
0 0.7625 0.585648 0.00729167 0.012037 0.278093
0 0.528385 0.737037 0.00572917 0.0111111 0.279213
0 0.765104 0.669907 0.00625 0.012037 0.293125
0 0.767187 0.75463 0.00625 0.0111111 0.298922
0 0.708594 0.40787 0.0078125 0.0138889 0.304919
0 0.770833 0.843056 0.00729167 0.012037 0.308219
0 0.445052 0.359722 0.00677083 0.012037 0.30909
0 0.447917 0.456481 0.009375 0.0148148 0.316125
0 0.757812 0.412037 0.00729167 0.012963 0.318103
0 0.498437 0.362963 0.00729167 0.012963 0.325234
0 0.759635 0.496759 0.0078125 0.012037 0.335355
