0 0.63099 0.521296 0.00572917 0.00925926 0.254484
0 0.673958 0.257407 0.00625 0.0111111 0.256417
0 0.582292 0.169907 0.00729167 0.012037 0.256688
0 0.672396 0.168981 0.00625 0.0101852 0.259112
0 0.586198 0.526852 0.00677083 0.0111111 0.260883
0 0.549479 0.709259 0.00833333 0.0148148 0.280298
0 0.541927 0.529167 0.00677083 0.012037 0.297075
0 0.540104 0.4375 0.00729167 0.012037 0.300499
0 0.631771 0.616204 0.00729167 0.012037 0.306386
0 0.632812 0.706481 0.00729167 0.012963 0.311564
0 0.68125 0.70787 0.00833333 0.0138889 0.332297
0 0.58724 0.617593 0.00885417 0.0148148 0.333056
0 0.543229 0.173148 0.00625 0.0111111 0.333386
0 0.590104 0.712037 0.00729167 0.0148148 0.345336
0 0.677865 0.431481 0.00677083 0.0111111 0.347718
0 0.491667 0.536574 0.00729167 0.012037 0.349397
0 0.678646 0.523148 0.00729167 0.0111111 0.354241
0 0.536979 0.263426 0.00729167 0.012037 0.355928
0 0.677344 0.346759 0.0078125 0.012037 0.35831
0 0.682031 0.618519 0.00989583 0.0148148 0.364746
0 0.483854 0.24213 0.00833333 0.0138889 0.368943
0 0.427083 0.340741 0.00729167 0.0111111 0.369682
0 0.361198 0.65 0.00572917 0.0111111 0.372295
0 0.482812 0.344907 0.00729167 0.012037 0.376925
0 0.544792 0.617593 0.009375 0.0166667 0.379785
0 0.507292 0.725 0.00833333 0.0148148 0.38
0 0.358333 0.545833 0.00729167 0.012037 0.380265
0 0.431771 0.543981 0.00833333 0.012037 0.381095
0 0.435417 0.647685 0.00625 0.0101852 0.386264
0 0.485417 0.442593 0.00833333 0.0148148 0.387365
0 0.429688 0.444907 0.00729167 0.012037 0.388133
0 0.428385 0.138426 0.00677083 0.012037 0.390711
0 0.426042 0.241204 0.00729167 0.012037 0.395383
0 0.492969 0.634259 0.00885417 0.0148148 0.397692
0 0.358073 0.348611 0.0078125 0.012037 0.398768
0 0.35625 0.448148 0.00833333 0.0111111 0.3994
0 0.357812 0.147222 0.00729167 0.012963 0.427382
0 0.364062 0.748611 0.0104167 0.0157407 0.434949
0 0.491667 0.154167 0.00729167 0.012037 0.437128
0 0.358333 0.244444 0.0104167 0.012963 0.442215
0 0.438802 0.744907 0.0130208 0.0175926 0.501691
