0 0.359896 0.340278 0.00625 0.0101852 0.282744
0 0.522656 0.705556 0.00677083 0.0111111 0.294424
0 0.476302 0.448148 0.00677083 0.0111111 0.326665
0 0.418229 0.240741 0.00729167 0.0111111 0.344888
0 0.589063 0.159259 0.00625 0.0111111 0.353193
0 0.358333 0.547685 0.00625 0.0101852 0.371958
0 0.298177 0.649074 0.00677083 0.0111111 0.407229
0 0.641146 0.166667 0.00729167 0.0111111 0.412852
0 0.420573 0.731481 0.00677083 0.0111111 0.424786
0 0.58099 0.361574 0.00677083 0.0101852 0.434499
0 0.361719 0.137037 0.00677083 0.0111111 0.438817
0 0.476823 0.353241 0.00677083 0.012037 0.453829
0 0.534375 0.153241 0.00625 0.0101852 0.472881
0 0.478646 0.144907 0.00729167 0.0101852 0.496397
0 0.617188 0.62037 0.00729167 0.0111111 0.502532
0 0.298958 0.443519 0.00625 0.0111111 0.5052
0 0.302083 0.235185 0.00625 0.0111111 0.505525
0 0.356771 0.652315 0.00833333 0.0101852 0.509314
0 0.359896 0.2375 0.00729167 0.0101852 0.512482
0 0.475 0.707407 0.00729167 0.0111111 0.524155
0 0.617188 0.5375 0.00729167 0.012037 0.535768
0 0.30026 0.339815 0.00677083 0.0111111 0.54823
0 0.589063 0.255556 0.00729167 0.0111111 0.552062
0 0.534375 0.25 0.00729167 0.0111111 0.554547
0 0.619531 0.45463 0.00677083 0.0111111 0.56017
0 0.615885 0.708333 0.00885417 0.0111111 0.58653
0 0.297917 0.548148 0.00625 0.0111111 0.606737
0 0.478385 0.244444 0.0078125 0.0111111 0.633465
0 0.63099 0.364815 0.0078125 0.0111111 0.660443
0 0.642187 0.261574 0.00833333 0.012037 0.737729
