0 0.59349 0.974537 0.0078125 0.012037 0.265803
0 0.671615 0.65 0.00677083 0.012963 0.278524
0 0.652604 0.969444 0.00833333 0.0111111 0.280741
0 0.640104 0.856944 0.009375 0.0138889 0.294824
0 0.661979 0.540278 0.00729167 0.0138889 0.305187
0 0.526042 0.867593 0.00729167 0.012963 0.315795
0 0.615885 0.650926 0.0078125 0.012963 0.344365
0 0.696094 0.855093 0.0078125 0.012037 0.355129
0 0.469531 0.873148 0.0078125 0.012963 0.366172
0 0.583073 0.862037 0.00885417 0.0148148 0.367902
0 0.709635 0.963889 0.00677083 0.0111111 0.377673
0 0.517969 0.765741 0.00677083 0.012963 0.379847
0 0.56224 0.659259 0.0078125 0.012963 0.38979
0 0.775521 0.412037 0.0145833 0.0222222 0.400502
0 0.604427 0.545833 0.0078125 0.0138889 0.403825
0 0.507812 0.664352 0.00729167 0.0138889 0.441474
0 0.78125 0.641667 0.00729167 0.012963 0.442192
0 0.547135 0.550926 0.00885417 0.012963 0.443174
0 0.720052 0.539352 0.00885417 0.0157407 0.449513
0 0.46901 0.434722 0.0078125 0.012037 0.453627
0 0.778646 0.532407 0.00833333 0.012963 0.457332
0 0.726823 0.646296 0.00677083 0.012963 0.459386
0 0.767448 0.960185 0.0078125 0.012963 0.466018
0 0.451823 0.668056 0.0078125 0.0157407 0.475129
0 0.572135 0.760648 0.0078125 0.0138889 0.47561
0 0.460677 0.770833 0.0078125 0.0138889 0.477133
0 0.51901 0.325926 0.0078125 0.012963 0.478261
0 0.529167 0.431481 0.009375 0.012963 0.480547
0 0.810156 0.844444 0.0078125 0.012963 0.483065
0 0.429427 0.556481 0.00677083 0.012963 0.484862
0 0.48724 0.552315 0.0078125 0.0138889 0.486871
0 0.640104 0.317593 0.00833333 0.0148148 0.487111
0 0.652344 0.421759 0.0078125 0.0138889 0.488224
0 0.7125 0.413889 0.009375 0.0148148 0.490132
0 0.591667 0.427315 0.00833333 0.0138889 0.496445
0 0.580208 0.322685 0.00833333 0.0138889 0.505242
0 0.825521 0.95787 0.00833333 0.0138889 0.505529
0 0.70026 0.311574 0.00885417 0.0138889 0.509094
0 0.459896 0.331944 0.00833333 0.012037 0.510609
0 0.758854 0.308333 0.009375 0.012963 0.526063
0 0.794792 0.739815 0.009375 0.0148148 0.526252
0 0.401042 0.341204 0.00833333 0.0138889 0.534852
0 0.409635 0.441204 0.0078125 0.0138889 0.5416
0 0.740885 0.747685 0.00885417 0.0157407 0.572581
0 0.753385 0.850463 0.0109375 0.0175926 0.628412
