0 0.518229 0.759259 0.00729167 0.0111111 0.500696
0 0.565625 0.748611 0.00729167 0.0101852 0.55283
0 0.525 0.835185 0.0114583 0.0166667 0.609507
0 0.5125 0.675463 0.00729167 0.012037 0.614911
0 0.571615 0.828704 0.00989583 0.012963 0.643599
0 0.608854 0.663889 0.00833333 0.012963 0.659062
0 0.463281 0.683796 0.0078125 0.012037 0.6612
0 0.560417 0.669907 0.00833333 0.012037 0.67933
0 0.424479 0.364815 0.00729167 0.012963 0.682909
0 0.477344 0.916667 0.0078125 0.012963 0.683478
0 0.716146 0.89537 0.00729167 0.0111111 0.68627
0 0.495573 0.581944 0.00677083 0.012037 0.68738
0 0.713021 0.814815 0.00729167 0.0111111 0.689741
0 0.551042 0.583796 0.00729167 0.0138889 0.693428
0 0.48099 0.360648 0.0078125 0.0138889 0.69433
0 0.468229 0.763426 0.00833333 0.0138889 0.696311
0 0.620052 0.823611 0.00885417 0.012037 0.700041
0 0.472917 0.838889 0.00833333 0.0148148 0.701258
0 0.752083 0.351389 0.00729167 0.0157407 0.705768
0 0.653125 0.476852 0.00833333 0.0166667 0.707994
0 0.623958 0.903704 0.00833333 0.012963 0.713609
0 0.708333 0.7375 0.00729167 0.012037 0.715983
0 0.704167 0.662037 0.00729167 0.012963 0.721884
0 0.667188 0.818519 0.009375 0.012963 0.723723
0 0.655729 0.575 0.00729167 0.012963 0.729404
0 0.670052 0.899074 0.0078125 0.012963 0.73433
0 0.759896 0.812037 0.009375 0.0148148 0.735645
0 0.573698 0.908796 0.00885417 0.0138889 0.739636
0 0.70599 0.574074 0.00677083 0.012963 0.741929
0 0.755729 0.737037 0.00833333 0.0148148 0.742749
0 0.446354 0.587037 0.0104167 0.0203704 0.743483
0 0.764063 0.890278 0.00833333 0.0138889 0.751453
0 0.526042 0.911574 0.00833333 0.0157407 0.753487
0 0.754427 0.577778 0.00677083 0.0148148 0.756328
0 0.535156 0.362963 0.0078125 0.0148148 0.757564
0 0.596615 0.473611 0.0109375 0.0157407 0.764789
0 0.760417 0.461574 0.009375 0.0194444 0.766775
0 0.751042 0.667593 0.00833333 0.0148148 0.767334
0 0.646354 0.356944 0.00833333 0.0194444 0.768797
0 0.614844 0.746296 0.0119792 0.0148148 0.769151
0 0.69974 0.353241 0.00885417 0.0194444 0.773516
0 0.604427 0.581481 0.0078125 0.0166667 0.777468
0 0.48724 0.474074 0.0182292 0.0240741 0.782342
0 0.66276 0.740741 0.0109375 0.0148148 0.785123
0 0.591146 0.357407 0.0104167 0.0203704 0.787871
0 0.540885 0.476389 0.0161458 0.0212963 0.798268
0 0.657812 0.662963 0.0114583 0.0148148 0.800852
0 0.428646 0.475926 0.0125 0.0222222 0.820979
0 0.708594 0.463426 0.0130208 0.0231481 0.834807
