0 0.439063 0.705093 0.00833333 0.012037 0.318343
0 0.535677 0.625 0.0078125 0.0111111 0.327568
0 0.657292 0.248148 0.00833333 0.0148148 0.334153
0 0.485938 0.781482 0.00729167 0.0111111 0.350085
0 0.486458 0.625926 0.00833333 0.0111111 0.351143
0 0.390365 0.629167 0.00885417 0.012037 0.351538
0 0.376563 0.34213 0.015625 0.0194444 0.373199
0 0.377083 0.240278 0.00729167 0.0138889 0.384068
0 0.58151 0.550463 0.0078125 0.012037 0.392605
0 0.58151 0.702778 0.0078125 0.0111111 0.410183
0 0.389844 0.548148 0.0078125 0.0111111 0.426586
0 0.434375 0.458796 0.00625 0.012037 0.4393
0 0.320052 0.229167 0.0078125 0.0138889 0.466437
0 0.436198 0.545833 0.00885417 0.012037 0.475334
0 0.535156 0.703704 0.0078125 0.0111111 0.475835
0 0.628906 0.630093 0.0078125 0.012037 0.476674
0 0.542448 0.360185 0.00885417 0.0185185 0.486316
0 0.589323 0.461574 0.00677083 0.0101852 0.491439
0 0.534896 0.785185 0.00729167 0.0111111 0.492262
0 0.378906 0.450463 0.00677083 0.012037 0.496686
0 0.429688 0.235648 0.00729167 0.0138889 0.523044
0 0.390625 0.704167 0.00833333 0.012037 0.530653
0 0.483854 0.236574 0.00833333 0.0157407 0.554357
0 0.486979 0.704167 0.00833333 0.012037 0.560731
0 0.432292 0.35 0.0135417 0.0185185 0.563556
0 0.486198 0.35463 0.00989583 0.0148148 0.565669
0 0.340365 0.62963 0.0078125 0.0111111 0.567448
0 0.538802 0.460185 0.0078125 0.0111111 0.568089
0 0.535417 0.545833 0.009375 0.012037 0.570896
0 0.341406 0.705093 0.0078125 0.012037 0.590333
0 0.340625 0.782407 0.00833333 0.0111111 0.592408
0 0.65 0.356019 0.009375 0.0175926 0.595801
0 0.627604 0.782407 0.00729167 0.0111111 0.604564
0 0.628125 0.703704 0.00833333 0.012963 0.624516
0 0.484635 0.541667 0.00885417 0.012963 0.631917
0 0.339583 0.552778 0.00833333 0.012963 0.639998
0 0.580729 0.783796 0.00729167 0.012037 0.644994
0 0.628385 0.559722 0.0078125 0.012037 0.672656
0 0.542708 0.239815 0.00833333 0.0148148 0.673417
0 0.486979 0.462037 0.00833333 0.012963 0.686789
0 0.636979 0.469907 0.00729167 0.012037 0.699075
0 0.597656 0.241667 0.0078125 0.0166667 0.713761
0 0.328125 0.451852 0.0104167 0.0185185 0.779194
0 0.317708 0.335185 0.0104167 0.0185185 0.795038
0 0.597135 0.354167 0.0130208 0.0231481 0.803469
