0 0.53776 0.572685 0.00677083 0.012037 0.258293
0 0.529167 0.475926 0.00625 0.0111111 0.282097
0 0.733333 0.561111 0.00729167 0.012963 0.282732
0 0.467708 0.471296 0.00729167 0.0111111 0.296874
0 0.69349 0.648148 0.0078125 0.012963 0.345118
0 0.746354 0.730556 0.00833333 0.012963 0.360847
0 0.646615 0.652778 0.00677083 0.012963 0.374193
0 0.640365 0.56713 0.0078125 0.012037 0.415181
0 0.591667 0.57037 0.00729167 0.012963 0.443072
0 0.441146 0.887037 0.00729167 0.012963 0.454745
0 0.636198 0.474537 0.00677083 0.012037 0.461793
0 0.450521 0.267593 0.00729167 0.012963 0.462185
0 0.484115 0.679167 0.00885417 0.012037 0.478657
0 0.68776 0.474537 0.0078125 0.012037 0.488779
0 0.738802 0.647222 0.00989583 0.0166667 0.496266
0 0.730469 0.276389 0.00677083 0.012037 0.506344
0 0.701042 0.735648 0.00833333 0.0138889 0.524703
0 0.416146 0.577778 0.00625 0.0111111 0.528235
0 0.60625 0.739352 0.00833333 0.0138889 0.538337
0 0.677083 0.274074 0.00833333 0.012963 0.540346
0 0.583333 0.475 0.00833333 0.0148148 0.554125
0 0.457812 0.368981 0.00729167 0.0138889 0.560572
0 0.42474 0.683333 0.00885417 0.012963 0.566301
0 0.653125 0.738426 0.00833333 0.0138889 0.578893
0 0.515365 0.367593 0.0078125 0.012963 0.58374
0 0.394531 0.274537 0.00989583 0.012037 0.584391
0 0.753906 0.819907 0.00885417 0.0157407 0.587844
0 0.408073 0.474537 0.0078125 0.012037 0.596601
0 0.574479 0.366204 0.00833333 0.0138889 0.60132
0 0.400521 0.370833 0.00833333 0.012037 0.61056
0 0.738021 0.473611 0.009375 0.0138889 0.613812
0 0.623438 0.27037 0.00833333 0.0148148 0.614381
0 0.507812 0.265741 0.00729167 0.0148148 0.615498
0 0.552865 0.758796 0.0078125 0.0138889 0.626208
0 0.433594 0.785185 0.0078125 0.012963 0.626214
0 0.706771 0.819444 0.00729167 0.0148148 0.629212
0 0.560677 0.856944 0.0078125 0.0157407 0.640055
0 0.566927 0.268519 0.00885417 0.0166667 0.651915
0 0.61276 0.828704 0.0078125 0.0148148 0.660773
0 0.661198 0.824537 0.0078125 0.0138889 0.662444
0 0.686198 0.37037 0.00885417 0.0148148 0.664627
0 0.631771 0.369444 0.009375 0.0148148 0.673477
0 0.739062 0.369444 0.0104167 0.0148148 0.674222
0 0.491927 0.783333 0.00989583 0.0148148 0.67877
