0 0.649219 0.237037 0.00677083 0.0111111 0.275941
0 0.484115 0.326852 0.00677083 0.00925926 0.277424
0 0.653385 0.324074 0.00677083 0.0111111 0.314669
0 0.44375 0.854167 0.00625 0.0101852 0.329364
0 0.495573 0.739815 0.00572917 0.00925926 0.336422
0 0.758594 0.480556 0.00572917 0.0111111 0.377281
0 0.714063 0.665741 0.00625 0.0111111 0.399003
0 0.483073 0.222222 0.00677083 0.00925926 0.411564
0 0.698438 0.227315 0.00729167 0.012037 0.42376
0 0.55599 0.615741 0.00677083 0.0111111 0.425442
0 0.707292 0.488889 0.00625 0.0111111 0.465488
0 0.705208 0.400463 0.00729167 0.012037 0.471697
0 0.558594 0.711574 0.00677083 0.0101852 0.472772
0 0.702083 0.314352 0.00833333 0.012037 0.490169
0 0.65599 0.409259 0.00885417 0.0148148 0.491882
0 0.767187 0.744444 0.00625 0.0111111 0.507263
0 0.752083 0.305556 0.00625 0.0111111 0.520536
0 0.42526 0.237963 0.00677083 0.0111111 0.529128
0 0.765625 0.655556 0.00625 0.0111111 0.541678
0 0.711198 0.577315 0.0078125 0.012037 0.555728
0 0.428385 0.440741 0.00572917 0.0111111 0.564458
0 0.76276 0.564352 0.0078125 0.012037 0.56789
0 0.560677 0.806481 0.00572917 0.0111111 0.571144
0 0.715885 0.755093 0.00677083 0.012037 0.571987
0 0.754687 0.392593 0.00729167 0.0111111 0.577273
0 0.427083 0.340278 0.00625 0.012037 0.582897
0 0.434635 0.64537 0.00572917 0.0111111 0.584754
0 0.438021 0.751389 0.00625 0.012037 0.61362
0 0.43099 0.54537 0.00677083 0.012963 0.646885
