0 0.579167 0.918056 0.00520833 0.0101852 0.251197
0 0.613021 0.40463 0.00729167 0.0111111 0.257784
0 0.485938 0.928704 0.00520833 0.00925926 0.271775
0 0.510938 0.583333 0.00625 0.0111111 0.289519
0 0.501042 0.478704 0.00625 0.0111111 0.30257
0 0.559375 0.392593 0.00729167 0.0111111 0.32616
0 0.76224 0.555556 0.00572917 0.0111111 0.333083
0 0.659115 0.395833 0.0078125 0.012037 0.334927
0 0.765885 0.725926 0.00677083 0.0111111 0.34088
0 0.769792 0.8125 0.00833333 0.012037 0.341438
0 0.484115 0.844444 0.00572917 0.0111111 0.345986
0 0.479427 0.684259 0.00677083 0.012963 0.362476
0 0.764063 0.639352 0.00625 0.012037 0.369458
0 0.709375 0.389815 0.00729167 0.012963 0.430108
0 0.482552 0.762037 0.00677083 0.012963 0.444017
0 0.461458 0.588889 0.00729167 0.012963 0.452046
0 0.759635 0.468519 0.0078125 0.0111111 0.465196
0 0.498698 0.386111 0.0078125 0.012963 0.509035
0 0.756771 0.383333 0.00729167 0.012963 0.539738
0 0.445312 0.394907 0.00833333 0.0138889 0.555427
0 0.447656 0.489352 0.0078125 0.0138889 0.557152
