0 0.553125 0.847685 0.00520833 0.0101852 0.263471
0 0.552865 0.738426 0.00572917 0.0101852 0.287655
0 0.495833 0.7375 0.00625 0.0101852 0.310424
0 0.378125 0.846759 0.00625 0.0101852 0.318626
0 0.381771 0.636574 0.00625 0.0101852 0.330571
0 0.55026 0.425463 0.00677083 0.012037 0.344947
0 0.493229 0.530093 0.00729167 0.012037 0.365218
0 0.436198 0.848148 0.00677083 0.0111111 0.370867
0 0.4375 0.533796 0.00625 0.012037 0.378261
0 0.436458 0.735648 0.00729167 0.012037 0.403611
0 0.4375 0.634722 0.00625 0.012037 0.403942
0 0.667969 0.737037 0.00677083 0.0111111 0.412007
0 0.433594 0.426389 0.00677083 0.012037 0.426452
0 0.492448 0.424537 0.00677083 0.012037 0.430278
0 0.325 0.534722 0.00729167 0.0138889 0.43432
0 0.382552 0.534722 0.00677083 0.012037 0.448101
0 0.670052 0.425926 0.00677083 0.0111111 0.46
0 0.322917 0.637037 0.00625 0.0111111 0.466491
0 0.604948 0.533796 0.00677083 0.012037 0.468004
0 0.661198 0.532407 0.00677083 0.0111111 0.470149
0 0.613542 0.201852 0.00729167 0.0111111 0.475595
0 0.663281 0.633796 0.0078125 0.012037 0.475731
0 0.320052 0.849074 0.00677083 0.0111111 0.477615
0 0.373698 0.423148 0.0078125 0.012963 0.477669
0 0.6125 0.847685 0.00729167 0.012037 0.482657
0 0.616146 0.302315 0.00833333 0.012037 0.483161
0 0.609896 0.426852 0.00729167 0.012963 0.485883
0 0.36901 0.202778 0.00677083 0.0111111 0.489391
0 0.314844 0.422685 0.00677083 0.012037 0.489623
0 0.320573 0.739352 0.0078125 0.012037 0.490561
0 0.553906 0.306019 0.0078125 0.012037 0.49104
0 0.428906 0.201852 0.00677083 0.0111111 0.504771
0 0.367708 0.30463 0.00729167 0.0111111 0.50532
0 0.552083 0.201852 0.00729167 0.0111111 0.517575
0 0.608854 0.635648 0.00729167 0.0138889 0.518515
0 0.670573 0.847685 0.0078125 0.0138889 0.533243
0 0.428906 0.306481 0.0078125 0.0111111 0.533714
0 0.492188 0.307407 0.00729167 0.0111111 0.546421
0 0.307292 0.307407 0.00729167 0.012963 0.551449
0 0.491406 0.202778 0.0078125 0.0111111 0.556313
0 0.308594 0.207407 0.0078125 0.0111111 0.56579
0 0.673177 0.202315 0.0078125 0.012037 0.600737
0 0.611198 0.7375 0.0119792 0.0194444 0.62855
0 0.678646 0.308333 0.015625 0.0203704 0.72229
