0 0.731771 0.747685 0.00729167 0.012037 0.250065
0 0.446875 0.771296 0.00625 0.012963 0.255301
0 0.446615 0.669907 0.00677083 0.0138889 0.255663
0 0.671094 0.422222 0.0078125 0.012963 0.26465
0 0.484375 0.435648 0.00729167 0.012037 0.266797
0 0.783073 0.641667 0.00677083 0.012963 0.280315
0 0.544792 0.326852 0.00729167 0.0111111 0.291134
0 0.733073 0.414815 0.00989583 0.012963 0.305893
0 0.60599 0.324074 0.0078125 0.0111111 0.310321
0 0.433854 0.55787 0.00625 0.012037 0.316343
0 0.483854 0.332407 0.00729167 0.0111111 0.319333
0 0.728906 0.3125 0.0078125 0.012037 0.319806
0 0.788802 0.53287 0.00677083 0.012037 0.329786
0 0.424219 0.341667 0.0078125 0.012963 0.340287
0 0.786979 0.741667 0.00833333 0.012963 0.344282
0 0.423698 0.44213 0.00677083 0.0138889 0.350569
0 0.788281 0.308333 0.00885417 0.012963 0.423792
0 0.796354 0.413889 0.0145833 0.0203704 0.46004
