0 0.714323 0.48287 0.00989583 0.0138889 0.254014
0 0.619792 0.362037 0.00833333 0.0148148 0.326793
0 0.75599 0.492593 0.00885417 0.0148148 0.481045
0 0.759115 0.40787 0.00677083 0.0101852 0.510485
0 0.716146 0.396759 0.00729167 0.012037 0.548225
0 0.763021 0.317593 0.00729167 0.012963 0.551355
0 0.665885 0.474537 0.00677083 0.012037 0.560393
0 0.663542 0.565278 0.00729167 0.012037 0.56287
0 0.501823 0.233796 0.00885417 0.0157407 0.610856
0 0.46901 0.83287 0.0119792 0.0157407 0.634651
0 0.476042 0.632407 0.009375 0.0148148 0.635931
0 0.657031 0.837963 0.00885417 0.0166667 0.640496
0 0.74375 0.763426 0.00833333 0.012037 0.64739
0 0.707292 0.574537 0.00729167 0.012037 0.652983
0 0.81224 0.328241 0.0078125 0.012037 0.658986
0 0.659635 0.657407 0.00677083 0.012963 0.659541
0 0.75026 0.584722 0.00677083 0.012037 0.66287
0 0.807552 0.416667 0.00677083 0.0111111 0.677609
0 0.683073 0.303241 0.0078125 0.012037 0.678921
0 0.671615 0.393056 0.0078125 0.012037 0.679853
0 0.490104 0.431944 0.00833333 0.0138889 0.694874
0 0.799479 0.591667 0.00729167 0.012963 0.703123
0 0.739323 0.852778 0.0078125 0.012963 0.703961
0 0.749479 0.671296 0.00729167 0.012963 0.708987
0 0.572135 0.242593 0.0078125 0.012963 0.715183
0 0.795833 0.682407 0.00833333 0.012963 0.717463
0 0.472135 0.733796 0.0078125 0.012037 0.719136
0 0.633073 0.27037 0.0078125 0.0148148 0.723443
0 0.6125 0.459722 0.00833333 0.0138889 0.72654
0 0.495313 0.32963 0.0104167 0.0148148 0.730565
0 0.55651 0.442593 0.00885417 0.0148148 0.733873
0 0.699479 0.755556 0.009375 0.0148148 0.734814
0 0.704167 0.665278 0.00833333 0.0138889 0.742089
0 0.722135 0.308796 0.00885417 0.0138889 0.74579
0 0.480208 0.533796 0.0104167 0.0138889 0.749908
0 0.804688 0.505556 0.009375 0.0148148 0.7551
0 0.610156 0.652778 0.00885417 0.0148148 0.75928
0 0.78724 0.866667 0.00885417 0.0148148 0.759423
0 0.561719 0.345833 0.00885417 0.0157407 0.759982
0 0.546354 0.748148 0.00833333 0.012963 0.760152
0 0.552865 0.546759 0.00989583 0.0157407 0.773685
0 0.604688 0.749074 0.009375 0.0148148 0.774528
0 0.608854 0.55787 0.009375 0.0138889 0.780204
0 0.658073 0.746296 0.0109375 0.0185185 0.782175
0 0.613021 0.841667 0.00833333 0.0148148 0.785859
0 0.79375 0.776852 0.0104167 0.0148148 0.787946
0 0.549219 0.64537 0.0109375 0.0148148 0.794939
0 0.696615 0.848611 0.00885417 0.0157407 0.798041
0 0.543229 0.847222 0.0125 0.0166667 0.840372
