0 0.708333 0.372685 0.00729167 0.0101852 0.255852
0 0.689844 0.821759 0.00677083 0.0101852 0.256515
0 0.420312 0.35787 0.00520833 0.0101852 0.260308
0 0.691406 0.739815 0.00677083 0.0111111 0.265245
0 0.48151 0.259722 0.00572917 0.0101852 0.28042
0 0.41875 0.567593 0.00520833 0.00925926 0.284153
0 0.596094 0.362963 0.0078125 0.0111111 0.293122
0 0.598177 0.265741 0.0078125 0.0111111 0.303885
0 0.419271 0.462963 0.00625 0.0111111 0.338048
0 0.73724 0.738889 0.0078125 0.0111111 0.395596
0 0.736979 0.654167 0.00729167 0.012037 0.397399
0 0.761719 0.28287 0.00677083 0.0101852 0.409236
0 0.417188 0.670833 0.00625 0.0101852 0.419774
0 0.594792 0.828704 0.00729167 0.0111111 0.429633
0 0.540885 0.852315 0.00677083 0.0101852 0.43102
0 0.417969 0.773611 0.00677083 0.0101852 0.445489
0 0.752083 0.480093 0.00729167 0.0101852 0.449341
0 0.761979 0.377315 0.00729167 0.012037 0.543591
0 0.735677 0.825 0.0078125 0.0111111 0.557953
0 0.477083 0.774537 0.00833333 0.012037 0.573703
