0 0.528125 0.450463 0.009375 0.0175926 0.270621
0 0.584635 0.660185 0.00677083 0.0111111 0.38202
0 0.679167 0.746296 0.00729167 0.0111111 0.405597
0 0.724219 0.921759 0.00677083 0.012037 0.424323
0 0.678385 0.830093 0.00677083 0.012037 0.427508
0 0.677604 0.916204 0.00625 0.012037 0.4363
0 0.727083 0.665741 0.00729167 0.0111111 0.441903
0 0.63151 0.824074 0.00677083 0.0111111 0.467245
0 0.636719 0.658333 0.0078125 0.0111111 0.469932
0 0.73151 0.493519 0.00677083 0.012963 0.477579
0 0.729948 0.58287 0.00677083 0.012037 0.483692
0 0.529167 0.558333 0.00833333 0.0148148 0.484133
0 0.53724 0.355093 0.00989583 0.0175926 0.539017
0 0.72474 0.752778 0.0078125 0.0111111 0.54635
0 0.635938 0.574537 0.00625 0.012037 0.552422
0 0.683854 0.577778 0.00625 0.0111111 0.556411
0 0.72474 0.839352 0.00677083 0.012037 0.558892
0 0.594792 0.371759 0.009375 0.0175926 0.585334
0 0.583594 0.821759 0.0078125 0.012037 0.585425
0 0.682031 0.661574 0.0078125 0.012037 0.592944
0 0.535677 0.651852 0.0078125 0.012963 0.594055
0 0.770312 0.927315 0.00729167 0.012037 0.59714
0 0.685938 0.491204 0.00625 0.012037 0.597701
0 0.533854 0.807407 0.00729167 0.012963 0.608209
0 0.630208 0.906482 0.00729167 0.012963 0.608403
0 0.583854 0.738889 0.00833333 0.012963 0.617868
0 0.582031 0.563426 0.00677083 0.012037 0.618252
0 0.780208 0.500926 0.00729167 0.0111111 0.618684
0 0.484115 0.874537 0.0078125 0.012037 0.621043
0 0.639323 0.488889 0.00677083 0.012963 0.621651
0 0.585938 0.472222 0.009375 0.0166667 0.623209
0 0.486458 0.801852 0.00729167 0.012963 0.655244
0 0.532292 0.888426 0.00729167 0.012037 0.657035
0 0.536198 0.728704 0.0078125 0.012963 0.65823
0 0.776042 0.673148 0.009375 0.0148148 0.668849
0 0.63125 0.743981 0.00833333 0.0138889 0.673149
0 0.772656 0.855556 0.0078125 0.012963 0.677837
0 0.58125 0.902315 0.00833333 0.0138889 0.701261
0 0.486719 0.727315 0.00989583 0.0175926 0.706506
0 0.777344 0.589352 0.00885417 0.0138889 0.734511
0 0.780208 0.417593 0.00833333 0.0185185 0.738571
0 0.773698 0.762037 0.00989583 0.0148148 0.751217
0 0.734115 0.405093 0.0078125 0.0175926 0.760858
0 0.642969 0.397685 0.0078125 0.0175926 0.780785
0 0.6875 0.397222 0.00833333 0.0185185 0.804919
