0 0.626562 0.433796 0.00625 0.0101852 0.276403
0 0.672396 0.255556 0.00625 0.0111111 0.290201
0 0.542708 0.171296 0.00625 0.0111111 0.307095
0 0.539062 0.436111 0.00729167 0.0111111 0.32409
0 0.630469 0.519444 0.00677083 0.00925926 0.33857
0 0.676302 0.344907 0.00885417 0.012037 0.353256
0 0.540365 0.527315 0.00677083 0.012037 0.376918
0 0.585417 0.525926 0.00729167 0.0111111 0.382888
0 0.676562 0.42963 0.00625 0.0111111 0.386808
0 0.535417 0.262037 0.00729167 0.012963 0.389171
0 0.428906 0.1375 0.00677083 0.012037 0.389367
0 0.358594 0.346759 0.00885417 0.0101852 0.390101
0 0.482031 0.342593 0.00677083 0.0111111 0.405
0 0.630469 0.614815 0.0078125 0.012963 0.407705
0 0.547917 0.705093 0.00833333 0.0138889 0.411219
0 0.358333 0.242593 0.0104167 0.012963 0.415429
0 0.589063 0.708796 0.00833333 0.0157407 0.418123
0 0.355469 0.446759 0.00885417 0.012037 0.427256
0 0.63125 0.704167 0.00729167 0.0138889 0.4277
0 0.356771 0.143981 0.00729167 0.012037 0.431192
0 0.490885 0.534259 0.0078125 0.012963 0.436557
0 0.491667 0.151852 0.00729167 0.012963 0.438775
0 0.482031 0.240741 0.00885417 0.0148148 0.443451
0 0.677604 0.521296 0.00729167 0.0111111 0.444414
0 0.428385 0.443519 0.00885417 0.012963 0.446939
0 0.360417 0.646759 0.00625 0.0101852 0.448366
0 0.36276 0.746296 0.0109375 0.0166667 0.45173
0 0.357812 0.544444 0.00729167 0.012963 0.454595
0 0.492969 0.63287 0.00885417 0.0138889 0.459388
0 0.425 0.338426 0.00729167 0.012037 0.460867
0 0.433854 0.64537 0.00625 0.00925926 0.461693
0 0.485156 0.440741 0.00885417 0.012963 0.479379
0 0.43125 0.541667 0.009375 0.0111111 0.480209
0 0.679427 0.705556 0.00885417 0.0148148 0.498247
0 0.680729 0.616204 0.0104167 0.0138889 0.500264
0 0.54375 0.616204 0.009375 0.0157407 0.501567
0 0.50599 0.722222 0.00677083 0.012963 0.504834
0 0.424479 0.238426 0.00833333 0.012037 0.506929
0 0.586198 0.615278 0.00885417 0.0157407 0.521262
0 0.43776 0.742593 0.0130208 0.0166667 0.58346
