0 0.490365 0.410185 0.00677083 0.0111111 0.355506
0 0.642187 0.661111 0.00625 0.0111111 0.380854
0 0.482552 0.514352 0.00572917 0.0101852 0.391498
0 0.595052 0.642593 0.00572917 0.0111111 0.393384
0 0.403125 0.79213 0.00833333 0.012037 0.39454
0 0.476042 0.612963 0.00729167 0.0111111 0.401213
0 0.636458 0.74537 0.00625 0.0111111 0.436787
0 0.527083 0.816204 0.00833333 0.012037 0.438063
0 0.446094 0.191204 0.00677083 0.0101852 0.450648
0 0.503646 0.211111 0.00729167 0.0111111 0.468435
0 0.688802 0.680556 0.00677083 0.0111111 0.470844
0 0.63099 0.830093 0.00677083 0.0101852 0.485151
0 0.677604 0.846296 0.00729167 0.0111111 0.494664
0 0.545573 0.5375 0.00677083 0.012037 0.496717
0 0.552865 0.333796 0.00677083 0.012037 0.515269
0 0.695833 0.599537 0.00729167 0.012037 0.524373
0 0.64974 0.578241 0.00677083 0.012037 0.537455
0 0.590104 0.726852 0.00729167 0.012963 0.554276
0 0.658073 0.489352 0.00677083 0.012037 0.565731
0 0.599479 0.559259 0.00729167 0.012963 0.571719
0 0.423177 0.489352 0.00677083 0.012037 0.573161
0 0.604948 0.465278 0.00677083 0.012037 0.574113
0 0.532552 0.719907 0.0078125 0.012037 0.582443
0 0.560156 0.235648 0.00677083 0.012037 0.584027
0 0.582292 0.813426 0.00729167 0.012037 0.599034
0 0.741406 0.615278 0.0078125 0.012037 0.614224
0 0.495313 0.308796 0.00729167 0.012037 0.620355
0 0.684375 0.764352 0.00729167 0.012037 0.628466
0 0.416146 0.591204 0.00625 0.012037 0.636211
0 0.66875 0.386574 0.00729167 0.012037 0.644181
0 0.43724 0.285185 0.00677083 0.0111111 0.660256
0 0.728906 0.780093 0.0078125 0.012037 0.669936
0 0.6125 0.360648 0.00729167 0.012037 0.674294
0 0.722656 0.412037 0.0078125 0.012963 0.676679
0 0.429688 0.3875 0.00729167 0.012037 0.687356
0 0.469531 0.715278 0.00989583 0.012037 0.693529
0 0.723177 0.866667 0.0078125 0.012963 0.695117
0 0.734115 0.69537 0.0078125 0.012963 0.701027
0 0.675 0.291667 0.00833333 0.0111111 0.702579
0 0.728385 0.31713 0.0078125 0.012037 0.70378
0 0.410937 0.691204 0.00833333 0.012037 0.70897
0 0.780469 0.343056 0.0078125 0.012037 0.730412
0 0.619531 0.263889 0.00885417 0.012963 0.731032
0 0.709375 0.512037 0.00833333 0.012963 0.737711
0 0.758854 0.534259 0.00729167 0.012963 0.774881
0 0.77526 0.436574 0.00885417 0.0138889 0.780279
