0 0.622656 0.403241 0.0078125 0.012037 0.253096
0 0.567969 0.74537 0.00677083 0.012963 0.261334
0 0.710417 0.740278 0.00625 0.0101852 0.274036
0 0.714844 0.571759 0.00677083 0.012037 0.285875
0 0.517448 0.914815 0.00572917 0.0111111 0.290704
0 0.463802 0.572685 0.00677083 0.012037 0.293943
0 0.670313 0.400463 0.00729167 0.012037 0.301879
0 0.755729 0.911111 0.00625 0.0111111 0.308263
0 0.472396 0.915278 0.00625 0.012037 0.311126
0 0.707552 0.9125 0.00572917 0.0101852 0.311495
0 0.759375 0.827315 0.00729167 0.012037 0.33204
0 0.709375 0.825926 0.00625 0.0111111 0.33254
0 0.51276 0.372685 0.00677083 0.012037 0.337432
0 0.473177 0.831481 0.00572917 0.0111111 0.345138
0 0.713542 0.653704 0.00729167 0.0111111 0.346183
0 0.764323 0.57037 0.00677083 0.0111111 0.348521
0 0.475 0.748611 0.00625 0.012037 0.349439
0 0.766406 0.482407 0.00677083 0.0111111 0.361573
0 0.455469 0.472222 0.00885417 0.012963 0.368016
0 0.720312 0.397685 0.00833333 0.0138889 0.387761
0 0.76224 0.652778 0.0078125 0.012963 0.39118
0 0.760156 0.739352 0.00677083 0.012037 0.402492
0 0.457812 0.375463 0.00729167 0.0138889 0.412797
0 0.768229 0.395833 0.00833333 0.0138889 0.430243
