0 0.397135 0.408796 0.00677083 0.012037 0.42558
0 0.321354 0.230093 0.00833333 0.0138889 0.507722
0 0.582552 0.625 0.0078125 0.0111111 0.509291
0 0.535677 0.703704 0.00677083 0.0111111 0.540467
0 0.581771 0.70463 0.00729167 0.0111111 0.54556
0 0.486979 0.624074 0.00833333 0.0111111 0.559467
0 0.377344 0.232407 0.0078125 0.0148148 0.559902
0 0.649479 0.248148 0.00833333 0.0166667 0.565336
0 0.340104 0.628704 0.00833333 0.0111111 0.572725
0 0.390104 0.62963 0.00833333 0.0111111 0.573858
0 0.436458 0.545833 0.00833333 0.012037 0.576737
0 0.535677 0.623148 0.0078125 0.0111111 0.577696
0 0.390365 0.547685 0.0078125 0.012037 0.586156
0 0.434115 0.459722 0.00572917 0.012037 0.590619
0 0.534115 0.783333 0.00677083 0.0111111 0.593695
0 0.486979 0.782407 0.00729167 0.0111111 0.602664
0 0.628385 0.704167 0.0078125 0.012037 0.615552
0 0.540625 0.362963 0.00833333 0.0185185 0.639206
0 0.582031 0.55 0.0078125 0.0111111 0.648238
0 0.378646 0.451389 0.00729167 0.012037 0.64908
0 0.340885 0.70463 0.0078125 0.012963 0.649145
0 0.589063 0.462037 0.00729167 0.0111111 0.649321
0 0.439063 0.703704 0.00833333 0.012963 0.652296
0 0.436719 0.783796 0.00677083 0.012037 0.653614
0 0.340365 0.782407 0.00885417 0.0111111 0.653944
0 0.627865 0.782407 0.0078125 0.0111111 0.666219
0 0.339583 0.550926 0.00833333 0.012963 0.6668
0 0.430208 0.2375 0.00833333 0.0157407 0.67137
0 0.484115 0.237963 0.00989583 0.0185185 0.67244
0 0.579687 0.783333 0.00729167 0.0111111 0.673539
0 0.432031 0.350926 0.0130208 0.0185185 0.673802
0 0.48776 0.703704 0.0078125 0.0111111 0.674797
0 0.485677 0.543519 0.0078125 0.012963 0.69272
0 0.535417 0.546759 0.0104167 0.0138889 0.699226
0 0.629167 0.630093 0.00833333 0.012037 0.699778
0 0.390885 0.70463 0.0078125 0.012963 0.702674
0 0.596354 0.24213 0.00833333 0.0157407 0.71147
0 0.538802 0.461574 0.0078125 0.012037 0.721633
0 0.388802 0.781482 0.0078125 0.012963 0.723389
0 0.486719 0.462037 0.0078125 0.012963 0.736181
0 0.486198 0.354167 0.00885417 0.0138889 0.741779
0 0.542188 0.240741 0.00833333 0.0148148 0.743143
0 0.628385 0.558796 0.00885417 0.0138889 0.75805
0 0.316406 0.336574 0.0109375 0.0194444 0.769351
0 0.636719 0.469907 0.0078125 0.0138889 0.774182
0 0.328646 0.452778 0.0104167 0.0185185 0.810052
0 0.648958 0.357407 0.009375 0.0185185 0.815242
0 0.596615 0.35463 0.0130208 0.0240741 0.855172
