0 0.644530 0.177957 0.006240 0.010268
0 0.649759 0.273168 0.005314 0.011912
0 0.645093 0.382627 0.007284 0.012124
0 0.639585 0.489101 0.007807 0.013054
0 0.645381 0.586447 0.005747 0.010214
0 0.650917 0.683383 0.007225 0.010374
0 0.655646 0.785677 0.007776 0.012177
0 0.588493 0.180050 0.006702 0.009445
0 0.591797 0.276786 0.008702 0.010533
0 0.590961 0.389786 0.006329 0.012894
0 0.586422 0.495715 0.005717 0.009339
0 0.589897 0.590238 0.005224 0.009286
0 0.596478 0.688818 0.003687 0.007375
0 0.600699 0.790727 0.006240 0.010268
0 0.531128 0.186679 0.006180 0.008516
0 0.535202 0.284210 0.006702 0.009445
0 0.535671 0.399266 0.006882 0.014698
0 0.532811 0.503698 0.006732 0.010321
0 0.537211 0.596362 0.006299 0.012018
0 0.541672 0.690777 0.007717 0.010427
0 0.545380 0.799332 0.006732 0.010321
0 0.472317 0.194343 0.005717 0.009339
0 0.475158 0.292008 0.005807 0.011965
0 0.478970 0.403627 0.005717 0.009339
0 0.480349 0.501890 0.007746 0.011302
0 0.482048 0.602314 0.007105 0.006872
0 0.486830 0.698892 0.005284 0.011037
0 0.488941 0.804105 0.004180 0.007428
0 0.413862 0.198014 0.007195 0.009499
0 0.416255 0.297045 0.005224 0.009286
0 0.423561 0.409606 0.006209 0.009392
0 0.426753 0.510308 0.003687 0.007375
0 0.429609 0.608412 0.004672 0.007481
0 0.430481 0.706291 0.004701 0.008357
0 0.435270 0.810335 0.003164 0.006447
0 0.356542 0.205956 0.005717 0.009339
0 0.357757 0.299404 0.007776 0.012177
0 0.368240 0.418212 0.006882 0.014698
0 0.375082 0.517202 0.003837 0.011753
0 0.374953 0.614749 0.006852 0.013823
0 0.376548 0.712109 0.010419 0.017697
0 0.379107 0.815956 0.006269 0.011143
0 0.300117 0.211166 0.008239 0.011355
0 0.298355 0.311524 0.012911 0.018838
0 0.311772 0.422108 0.004270 0.010055
0 0.322351 0.522013 0.006732 0.010321
0 0.323901 0.618061 0.007254 0.011249
0 0.321788 0.715382 0.006240 0.010268
0 0.322466 0.822068 0.005343 0.012787
