0 0.501562 0.65787 0.00625 0.012037 0.25238
0 0.779948 0.650463 0.00572917 0.012037 0.253911
0 0.727344 0.965278 0.0078125 0.0138889 0.258235
0 0.554948 0.756481 0.00677083 0.012963 0.260479
0 0.433594 0.974074 0.00677083 0.012963 0.269754
0 0.494792 0.546296 0.00625 0.0111111 0.276576
0 0.724219 0.650926 0.00677083 0.012963 0.279652
0 0.730469 0.542593 0.00677083 0.012963 0.281054
0 0.676823 0.424537 0.0078125 0.012037 0.285121
0 0.614844 0.427315 0.00677083 0.012037 0.287933
0 0.785156 0.964815 0.0078125 0.012963 0.290862
0 0.436719 0.864352 0.00677083 0.0138889 0.292841
0 0.444271 0.659259 0.00625 0.012963 0.296698
0 0.726823 0.85463 0.00989583 0.0166667 0.296706
0 0.551302 0.428241 0.00677083 0.012037 0.297314
0 0.725781 0.752778 0.0078125 0.012963 0.298153
0 0.441406 0.761574 0.00677083 0.0138889 0.299535
0 0.78099 0.749074 0.00885417 0.012963 0.300455
0 0.676823 0.320833 0.0078125 0.012037 0.303287
0 0.493229 0.325 0.00625 0.0111111 0.307611
0 0.790365 0.541204 0.00677083 0.012037 0.314775
0 0.738281 0.418981 0.00885417 0.0138889 0.323447
0 0.490104 0.427315 0.00625 0.012037 0.326003
0 0.615365 0.322222 0.00677083 0.0111111 0.33755
0 0.738021 0.317593 0.00729167 0.012963 0.377856
0 0.429948 0.431019 0.00677083 0.012037 0.38263
0 0.435937 0.547222 0.00625 0.012963 0.390025
0 0.798437 0.317593 0.00833333 0.012963 0.42265
0 0.801562 0.422222 0.0135417 0.0203704 0.430705
0 0.434635 0.330556 0.0078125 0.012963 0.436181
