0 0.480469 0.699537 0.00677083 0.0101852 0.273015
0 0.477344 0.599537 0.00572917 0.0101852 0.290263
0 0.538802 0.584259 0.00572917 0.0111111 0.348669
0 0.534375 0.487037 0.00625 0.0111111 0.367586
0 0.692708 0.637963 0.00625 0.0111111 0.383727
0 0.699479 0.806481 0.00729167 0.0111111 0.406579
0 0.429948 0.91713 0.0078125 0.012037 0.411527
0 0.643229 0.562037 0.00625 0.0111111 0.41546
0 0.463281 0.293056 0.00677083 0.012037 0.422107
0 0.602083 0.74213 0.00729167 0.012037 0.454032
0 0.648698 0.73287 0.00677083 0.012037 0.463822
0 0.653125 0.818981 0.00729167 0.012037 0.477766
0 0.742708 0.711574 0.00833333 0.012037 0.494669
0 0.472656 0.493519 0.00677083 0.0111111 0.495781
0 0.466406 0.391667 0.00677083 0.0111111 0.497512
0 0.40651 0.306944 0.0078125 0.012037 0.522748
0 0.641406 0.47037 0.00677083 0.0111111 0.523996
0 0.416927 0.611111 0.00572917 0.0111111 0.529278
0 0.690885 0.55463 0.00677083 0.0111111 0.531062
0 0.691927 0.259259 0.00677083 0.0111111 0.540187
0 0.546875 0.77037 0.00729167 0.0111111 0.552798
0 0.697396 0.722685 0.00729167 0.012037 0.556075
0 0.636979 0.266667 0.00729167 0.0111111 0.565321
0 0.588542 0.477315 0.00729167 0.012037 0.576703
0 0.641146 0.3625 0.00729167 0.012037 0.579987
0 0.59375 0.572222 0.00729167 0.012963 0.58064
0 0.521615 0.27963 0.00677083 0.0111111 0.580742
0 0.52474 0.381019 0.0078125 0.012037 0.596892
0 0.551302 0.868519 0.00677083 0.012963 0.599329
0 0.69375 0.461111 0.00729167 0.0111111 0.60422
0 0.408594 0.402315 0.00677083 0.012037 0.606447
0 0.41224 0.506481 0.00677083 0.0111111 0.608242
0 0.426302 0.815278 0.0078125 0.012037 0.615876
0 0.604688 0.831944 0.00729167 0.012037 0.616517
0 0.484635 0.805093 0.00885417 0.012037 0.641985
0 0.744531 0.253704 0.0078125 0.0111111 0.646583
0 0.738021 0.628704 0.00729167 0.012963 0.648323
0 0.420833 0.714352 0.00729167 0.012037 0.658339
0 0.580729 0.272222 0.00833333 0.012963 0.65992
0 0.745833 0.798148 0.00833333 0.012963 0.669617
0 0.736458 0.543981 0.00729167 0.012037 0.675774
0 0.696615 0.355556 0.0078125 0.0111111 0.676628
0 0.74401 0.452778 0.0078125 0.012963 0.70523
0 0.584115 0.371296 0.00885417 0.012963 0.735497
0 0.74974 0.347685 0.00885417 0.012037 0.746359
