0 0.417448 0.548611 0.00572917 0.0101852 0.289157
0 0.692448 0.660648 0.00572917 0.0101852 0.289205
0 0.6 0.734722 0.00625 0.012037 0.3259
0 0.413542 0.243981 0.00625 0.0101852 0.334618
0 0.73776 0.581481 0.00677083 0.0111111 0.334972
0 0.695573 0.827778 0.00677083 0.0111111 0.352315
0 0.529167 0.253241 0.00625 0.0101852 0.354667
0 0.694792 0.74537 0.00729167 0.0111111 0.368751
0 0.645573 0.274537 0.0078125 0.0101852 0.373055
0 0.413542 0.339815 0.00625 0.0111111 0.376117
0 0.701563 0.381944 0.00729167 0.0101852 0.38167
0 0.69974 0.285185 0.0078125 0.0111111 0.386579
0 0.415104 0.443981 0.00625 0.0101852 0.390404
0 0.590365 0.362037 0.00677083 0.0111111 0.392125
0 0.740104 0.749537 0.00729167 0.012037 0.39364
0 0.646615 0.740741 0.00677083 0.0111111 0.404486
0 0.696875 0.485648 0.00729167 0.0101852 0.404727
0 0.647396 0.372222 0.00729167 0.0111111 0.412011
0 0.73776 0.663889 0.00677083 0.0111111 0.415809
0 0.546094 0.84537 0.00677083 0.0111111 0.426473
0 0.752083 0.296296 0.00625 0.0111111 0.430325
0 0.421615 0.755556 0.00677083 0.0111111 0.436288
0 0.649479 0.826852 0.00729167 0.0111111 0.465986
0 0.41901 0.652315 0.00677083 0.0101852 0.47257
0 0.470573 0.247222 0.00677083 0.0111111 0.474159
0 0.600521 0.825 0.00729167 0.0111111 0.49728
0 0.741667 0.834722 0.00833333 0.012037 0.523676
0 0.481771 0.761111 0.00833333 0.0111111 0.531798
0 0.589063 0.263426 0.00833333 0.012037 0.535035
0 0.754948 0.390741 0.00677083 0.0111111 0.569654
0 0.747396 0.493519 0.00729167 0.0111111 0.57624
