0 0.763542 0.675463 0.00729167 0.0138889 0.349481
0 0.671354 0.73287 0.00625 0.0101852 0.376759
0 0.44349 0.925 0.0078125 0.012963 0.473909
0 0.519271 0.634259 0.00729167 0.012963 0.533013
0 0.458854 0.630556 0.00833333 0.012963 0.574966
0 0.578906 0.440278 0.00677083 0.012037 0.579273
0 0.715885 0.663426 0.00677083 0.012037 0.60197
0 0.635156 0.443981 0.00677083 0.012037 0.606132
0 0.752344 0.884722 0.0078125 0.0138889 0.635018
0 0.66875 0.810648 0.00625 0.012037 0.635803
0 0.713542 0.739815 0.00833333 0.012963 0.637223
0 0.445833 0.833333 0.0114583 0.0148148 0.653268
0 0.727604 0.587963 0.00625 0.0111111 0.655245
0 0.736458 0.459722 0.00625 0.0138889 0.683993
0 0.453125 0.730093 0.0125 0.0157407 0.684757
0 0.583073 0.557407 0.00677083 0.0111111 0.687398
0 0.526563 0.325 0.00729167 0.012963 0.699346
0 0.629167 0.572685 0.00625 0.012037 0.707041
0 0.75625 0.8125 0.00833333 0.0138889 0.708661
0 0.516146 0.725926 0.00833333 0.0148148 0.712213
0 0.778906 0.600926 0.00677083 0.012963 0.714113
0 0.711458 0.810185 0.00833333 0.0166667 0.736026
0 0.465625 0.326389 0.00833333 0.0138889 0.741976
0 0.58776 0.65 0.0078125 0.012963 0.746518
0 0.522917 0.431944 0.00833333 0.0157407 0.747705
0 0.788021 0.484722 0.009375 0.0157407 0.747978
0 0.588802 0.736574 0.00989583 0.0138889 0.75069
0 0.664583 0.889352 0.00729167 0.0157407 0.753025
0 0.788802 0.350926 0.0078125 0.0166667 0.756422
0 0.460417 0.531018 0.00729167 0.0138889 0.765118
0 0.678646 0.573611 0.00729167 0.0138889 0.770368
0 0.576563 0.822222 0.00729167 0.0148148 0.772322
0 0.510156 0.928241 0.0109375 0.0157407 0.778049
0 0.513281 0.828704 0.00989583 0.0166667 0.784539
0 0.521615 0.533333 0.00989583 0.0185185 0.801467
0 0.627083 0.806944 0.009375 0.0175926 0.803427
0 0.573438 0.908796 0.00729167 0.0194444 0.814605
0 0.686979 0.459259 0.00729167 0.0185185 0.816262
0 0.633854 0.665741 0.0114583 0.0185185 0.816288
0 0.622396 0.898611 0.009375 0.0194444 0.821383
0 0.46224 0.426852 0.00885417 0.0185185 0.821464
0 0.709115 0.882407 0.00885417 0.0185185 0.821671
0 0.584375 0.331944 0.00833333 0.0157407 0.826396
0 0.639323 0.335185 0.0078125 0.0148148 0.829245
0 0.761198 0.742593 0.0140625 0.0203704 0.830263
0 0.692969 0.339352 0.00885417 0.0194444 0.830887
0 0.672656 0.656482 0.00989583 0.0185185 0.839862
