0 0.434375 0.386574 0.00625 0.0101852 0.257824
0 0.59375 0.5625 0.00625 0.012037 0.279564
0 0.640365 0.386574 0.00572917 0.0101852 0.289842
0 0.586719 0.206944 0.00572917 0.0101852 0.312602
0 0.589844 0.384259 0.00572917 0.00925926 0.322845
0 0.540365 0.295833 0.00572917 0.012037 0.326833
0 0.37526 0.702778 0.00677083 0.00925926 0.327134
0 0.371875 0.0814815 0.00625 0.00925926 0.374904
0 0.589583 0.293981 0.00625 0.012037 0.380386
0 0.635156 0.119907 0.00677083 0.0101852 0.438833
0 0.644531 0.560648 0.00677083 0.0101852 0.439503
0 0.311458 0.0884259 0.00625 0.0101852 0.493186
0 0.3125 0.189815 0.00625 0.0111111 0.501123
0 0.64349 0.467593 0.0078125 0.0111111 0.512907
0 0.374479 0.600926 0.00625 0.0111111 0.532281
0 0.59401 0.651389 0.00572917 0.012037 0.53725
0 0.438281 0.67963 0.00677083 0.0111111 0.545837
0 0.645052 0.650463 0.00677083 0.012037 0.548003
0 0.636719 0.208333 0.00677083 0.0111111 0.551018
0 0.638802 0.29537 0.00677083 0.0111111 0.56269
0 0.3125 0.290741 0.00625 0.0111111 0.569756
0 0.435937 0.484722 0.00729167 0.0101852 0.576216
0 0.43724 0.583333 0.00677083 0.0111111 0.593977
0 0.319271 0.706019 0.00833333 0.0101852 0.611399
0 0.314583 0.496296 0.00625 0.0111111 0.615812
0 0.316406 0.602778 0.00572917 0.0111111 0.627217
0 0.31276 0.395833 0.00677083 0.012037 0.679025
