0 0.320780 0.774667 0.005699 0.012695
0 0.380865 0.780342 0.006180 0.011840
0 0.343262 0.370969 0.012529 0.015440
0 0.349012 0.178603 0.006660 0.010986
0 0.344969 0.274630 0.010893 0.013386
0 0.417265 0.182579 0.013243 0.020126
0 0.412403 0.279426 0.010568 0.017934
0 0.478072 0.208313 0.006413 0.017381
0 0.526525 0.223582 0.008762 0.024120
0 0.567744 0.236960 0.005218 0.013549
0 0.612398 0.249402 0.010049 0.017865
0 0.654981 0.249034 0.008373 0.014887
0 0.473879 0.295500 0.005102 0.010779
0 0.523215 0.314601 0.010568 0.017934
0 0.565219 0.315548 0.006777 0.013756
0 0.607568 0.320719 0.008451 0.016734
0 0.653429 0.323109 0.007258 0.012902
0 0.520708 0.392727 0.005466 0.007154
0 0.561511 0.391193 0.005582 0.009924
0 0.604314 0.391783 0.008893 0.014956
0 0.652051 0.393028 0.014801 0.020334
0 0.555590 0.469793 0.010088 0.018788
0 0.600587 0.467889 0.009893 0.014171
0 0.648434 0.460329 0.005738 0.013618
0 0.517025 0.455376 0.012165 0.019065
0 0.479949 0.380802 0.009854 0.013248
0 0.469861 0.465348 0.007219 0.011979
0 0.404172 0.381860 0.007855 0.014818
0 0.401180 0.471528 0.008373 0.014887
0 0.339004 0.472075 0.007296 0.013825
0 0.334104 0.569846 0.005660 0.011771
0 0.394489 0.574632 0.010088 0.018788
0 0.323959 0.674346 0.010126 0.019712
0 0.386874 0.674827 0.008451 0.016734
0 0.646051 0.783600 0.007413 0.016596
0 0.603760 0.777043 0.009126 0.020496
0 0.548363 0.784063 0.011606 0.018072
0 0.494835 0.783903 0.007855 0.014818
0 0.440125 0.780800 0.008932 0.015880
0 0.443337 0.673520 0.005063 0.009855
0 0.500021 0.673171 0.006738 0.012833
0 0.553619 0.665447 0.008010 0.018512
0 0.603220 0.672048 0.007335 0.014749
0 0.656843 0.651330 0.009412 0.015025
0 0.457682 0.556114 0.005179 0.012625
0 0.505568 0.547631 0.007180 0.011055
0 0.555285 0.551462 0.006816 0.014680
0 0.605229 0.543717 0.005660 0.011771
0 0.658010 0.536813 0.006257 0.013687
