0 0.755208 0.471296 0.00729167 0.0111111 0.273604
0 0.699219 0.83287 0.00885417 0.0157407 0.319367
0 0.661979 0.55787 0.00625 0.0101852 0.325785
0 0.628125 0.271296 0.00729167 0.0111111 0.354669
0 0.75 0.558796 0.00625 0.0101852 0.409955
0 0.808854 0.293056 0.00625 0.0101852 0.490158
0 0.667448 0.383333 0.00677083 0.0111111 0.494563
0 0.804948 0.381481 0.00572917 0.00925926 0.497914
0 0.678646 0.292593 0.00625 0.0111111 0.529484
0 0.704427 0.65 0.00677083 0.0111111 0.531184
0 0.746094 0.739352 0.0078125 0.012037 0.539692
0 0.742188 0.828704 0.00729167 0.012963 0.583655
0 0.80026 0.557407 0.0078125 0.0111111 0.59991
0 0.476042 0.659259 0.009375 0.012963 0.608858
0 0.700781 0.739352 0.00885417 0.0157407 0.610952
0 0.750521 0.645833 0.00729167 0.012037 0.614522
0 0.615885 0.359722 0.00885417 0.0138889 0.643486
0 0.797135 0.647685 0.00885417 0.012037 0.652315
0 0.660156 0.648148 0.00677083 0.012963 0.657945
0 0.804167 0.471759 0.009375 0.0138889 0.65807
0 0.554688 0.456481 0.00729167 0.012963 0.667691
0 0.495573 0.258333 0.00885417 0.0148148 0.670429
0 0.789844 0.833333 0.00989583 0.0166667 0.674268
0 0.550521 0.65787 0.0114583 0.0138889 0.675788
0 0.610417 0.462037 0.00833333 0.012963 0.689345
0 0.608333 0.561111 0.00833333 0.012963 0.693437
0 0.491927 0.354167 0.00989583 0.0138889 0.700979
0 0.566667 0.253241 0.00729167 0.012037 0.704589
0 0.473177 0.763889 0.00885417 0.012963 0.706173
0 0.795833 0.742593 0.0114583 0.0166667 0.710626
0 0.485938 0.459722 0.00833333 0.012037 0.715276
0 0.480208 0.561111 0.0104167 0.012963 0.718705
0 0.558333 0.357407 0.009375 0.012963 0.72356
0 0.609635 0.653704 0.00885417 0.0148148 0.726725
0 0.659375 0.827315 0.00833333 0.0157407 0.735152
0 0.615365 0.843056 0.0078125 0.0138889 0.749926
0 0.471354 0.863426 0.0114583 0.0157407 0.760858
0 0.548437 0.760648 0.00729167 0.012037 0.760968
0 0.60625 0.751852 0.009375 0.0148148 0.7698
0 0.658594 0.738426 0.00989583 0.0175926 0.770431
0 0.551823 0.561111 0.00989583 0.0166667 0.781461
0 0.545833 0.862037 0.0114583 0.0148148 0.824384
