0 0.614844 0.748148 0.0130208 0.0166667 0.250781
0 0.715104 0.887963 0.00729167 0.0111111 0.251301
0 0.760156 0.449537 0.00989583 0.0231481 0.25767
0 0.472396 0.85 0.00833333 0.0148148 0.26314
0 0.703385 0.656018 0.0078125 0.0138889 0.264925
0 0.496094 0.490278 0.0213542 0.0287037 0.267751
0 0.661458 0.737963 0.009375 0.0166667 0.273385
0 0.763021 0.878704 0.009375 0.0148148 0.277153
0 0.753646 0.343056 0.009375 0.0194444 0.281233
0 0.708854 0.731481 0.00729167 0.012963 0.281736
0 0.657031 0.660185 0.0119792 0.0166667 0.28764
0 0.751302 0.658333 0.00885417 0.0166667 0.293291
