0 0.66849 0.767593 0.00677083 0.0111111 0.266879
0 0.667188 0.980556 0.00625 0.0111111 0.333854
0 0.611719 0.75 0.00677083 0.0111111 0.417562
0 0.617708 0.321759 0.00833333 0.0101852 0.519325
0 0.489583 0.927315 0.00729167 0.0101852 0.528497
0 0.609896 0.851852 0.00625 0.0111111 0.529062
0 0.66901 0.668519 0.00677083 0.012963 0.542026
0 0.679688 0.340278 0.00729167 0.0101852 0.545978
0 0.547396 0.945833 0.00729167 0.0101852 0.547659
0 0.49375 0.819907 0.00729167 0.012037 0.547892
0 0.740365 0.358796 0.0078125 0.0101852 0.605763
0 0.498437 0.720833 0.00625 0.012037 0.622973
0 0.667708 0.872222 0.00729167 0.012963 0.630922
0 0.614583 0.544907 0.00729167 0.0138889 0.634997
0 0.672135 0.561111 0.0078125 0.012963 0.638711
0 0.724479 0.993056 0.009375 0.0138889 0.641655
0 0.780729 0.699537 0.00729167 0.012037 0.642878
0 0.6125 0.648611 0.00833333 0.0138889 0.643143
0 0.430208 0.911574 0.00833333 0.012037 0.647683
0 0.55599 0.305556 0.00677083 0.0111111 0.653692
0 0.55625 0.635185 0.00729167 0.0148148 0.658818
0 0.550781 0.836111 0.0078125 0.012963 0.664257
0 0.782552 0.902778 0.0078125 0.012963 0.66582
0 0.554688 0.528704 0.00729167 0.012963 0.67299
0 0.494792 0.506481 0.00729167 0.012963 0.678987
0 0.495573 0.287037 0.0078125 0.0111111 0.682772
0 0.678385 0.444907 0.0078125 0.0138889 0.688245
0 0.552344 0.409259 0.0078125 0.012963 0.690603
0 0.724219 0.684722 0.00677083 0.0138889 0.695001
0 0.791667 0.595833 0.00729167 0.012037 0.699107
0 0.616146 0.428241 0.00729167 0.0138889 0.699573
0 0.500781 0.62037 0.0078125 0.012963 0.703609
0 0.780729 0.799074 0.009375 0.012963 0.713734
0 0.439583 0.70463 0.00729167 0.012963 0.716598
0 0.800781 0.374537 0.00885417 0.012037 0.726221
0 0.73151 0.580556 0.0078125 0.0166667 0.730451
0 0.491146 0.388426 0.00833333 0.012037 0.732548
0 0.725521 0.785648 0.00833333 0.0157407 0.737333
0 0.434375 0.805556 0.00833333 0.012963 0.742135
0 0.553906 0.735185 0.0078125 0.0148148 0.746106
0 0.44349 0.60463 0.00885417 0.0148148 0.746203
0 0.434375 0.275463 0.00833333 0.012037 0.748168
0 0.740625 0.459722 0.009375 0.0157407 0.763862
0 0.72526 0.887963 0.00989583 0.0185185 0.782849
0 0.436198 0.489815 0.0078125 0.0148148 0.78662
0 0.430729 0.372685 0.00833333 0.0138889 0.786685
0 0.803906 0.481019 0.0151042 0.0231481 0.828823
