0 0.5875 0.66713 0.00729167 0.012037 0.256619
0 0.732292 0.737963 0.00625 0.0111111 0.267004
0 0.466927 0.474537 0.0119792 0.0212963 0.267407
0 0.580729 0.375926 0.0104167 0.0185185 0.286
0 0.727344 0.56713 0.0078125 0.012037 0.303734
0 0.728906 0.648611 0.00677083 0.0101852 0.325573
0 0.722917 0.477315 0.00729167 0.012037 0.367367
0 0.679948 0.569907 0.00677083 0.0101852 0.376134
0 0.578125 0.475 0.00833333 0.0148148 0.436531
0 0.786198 0.906018 0.0078125 0.012037 0.452708
0 0.633854 0.572685 0.00625 0.0101852 0.454555
0 0.638021 0.654167 0.00833333 0.012037 0.45507
0 0.678906 0.483796 0.00677083 0.012037 0.469045
0 0.740885 0.90787 0.00677083 0.012037 0.498529
0 0.774219 0.56713 0.00885417 0.012037 0.515642
0 0.736198 0.823148 0.00677083 0.0111111 0.523948
0 0.591406 0.747685 0.0078125 0.012037 0.534186
0 0.578385 0.569444 0.00677083 0.012963 0.543701
0 0.495573 0.748611 0.0078125 0.0138889 0.54825
0 0.772135 0.477315 0.00677083 0.012037 0.551854
0 0.630729 0.486574 0.00625 0.012037 0.555588
0 0.777604 0.650463 0.00833333 0.012037 0.55816
0 0.684635 0.652315 0.0078125 0.012037 0.56869
0 0.498177 0.821759 0.00677083 0.0138889 0.581625
0 0.785677 0.835185 0.0078125 0.012963 0.586554
0 0.686979 0.739352 0.00833333 0.012037 0.586635
0 0.638542 0.743519 0.00833333 0.012963 0.599191
0 0.69349 0.90787 0.0078125 0.0138889 0.602653
0 0.542708 0.743981 0.00729167 0.012037 0.603
0 0.521615 0.363889 0.00989583 0.0185185 0.614697
0 0.720573 0.388889 0.00677083 0.012963 0.621397
0 0.642969 0.823148 0.0078125 0.012963 0.622558
0 0.690625 0.821296 0.00833333 0.012963 0.635778
0 0.597135 0.908796 0.0078125 0.0138889 0.63954
0 0.595833 0.828704 0.00833333 0.012963 0.651925
0 0.544271 0.821296 0.00729167 0.012963 0.669453
0 0.49974 0.894907 0.0078125 0.0138889 0.674052
0 0.647396 0.906482 0.00729167 0.0148148 0.675609
0 0.766927 0.393981 0.0078125 0.0157407 0.677097
0 0.519531 0.468981 0.00989583 0.0175926 0.688764
0 0.547135 0.902778 0.0078125 0.012963 0.694239
0 0.78099 0.741667 0.00989583 0.0148148 0.704662
0 0.536979 0.666204 0.00833333 0.0157407 0.722157
0 0.629427 0.394907 0.0078125 0.0175926 0.742038
0 0.674219 0.386574 0.0078125 0.0157407 0.766042
