0 0.294598 0.083186 0.004902 0.007839
0 0.294108 0.177696 0.003922 0.012195
0 0.293373 0.273076 0.004411 0.011324
0 0.294598 0.372812 0.004902 0.012195
0 0.296804 0.467757 0.004411 0.008710
0 0.297539 0.566622 0.003922 0.007839
0 0.301706 0.663745 0.005392 0.008710
0 0.349498 0.075782 0.004902 0.008710
0 0.348518 0.175082 0.004902 0.006968
0 0.349498 0.270027 0.001960 0.008710
0 0.350969 0.370199 0.002941 0.006968
0 0.350969 0.464273 0.002941 0.005227
0 0.352930 0.565751 0.003922 0.007839
0 0.353665 0.660696 0.006372 0.006097
0 0.406114 0.097559 0.004411 0.005227
0 0.406604 0.185099 0.004411 0.006097
0 0.408320 0.274383 0.002941 0.008710
0 0.408075 0.365844 0.003431 0.008710
0 0.411261 0.457740 0.003922 0.007839
0 0.411996 0.549636 0.004411 0.006968
0 0.412977 0.637613 0.003431 0.008710
0 0.458564 0.114544 0.005392 0.004356
0 0.504885 0.117157 0.004902 0.009581
0 0.550963 0.114108 0.005882 0.010453
0 0.598020 0.114108 0.003922 0.008710
0 0.461259 0.198601 0.004902 0.010453
0 0.506601 0.198165 0.004411 0.006097
0 0.551698 0.197294 0.004411 0.009581
0 0.599980 0.195987 0.003922 0.008710
0 0.461994 0.281787 0.002451 0.006097
0 0.464691 0.449901 0.001960 0.007839
0 0.466161 0.533522 0.001960 0.006097
0 0.466406 0.619756 0.003431 0.007839
0 0.507582 0.280480 0.009314 0.013937
0 0.508562 0.365408 0.003431 0.007839
0 0.554639 0.277431 0.006372 0.011324
0 0.599980 0.278302 0.004902 0.009581
0 0.554639 0.361924 0.003431 0.009581
0 0.601941 0.361924 0.002941 0.007839
0 0.509788 0.447287 0.004902 0.006097
0 0.556599 0.444238 0.005392 0.008710
0 0.605128 0.440755 0.006373 0.010453
0 0.510523 0.531344 0.002451 0.006968
0 0.510278 0.615402 0.004901 0.009581
0 0.558070 0.528731 0.004411 0.008710
0 0.558805 0.612353 0.003922 0.010453
0 0.607578 0.528296 0.003431 0.009581
0 0.607088 0.612353 0.004411 0.006968
