0 0.569792 0.239815 0.00833333 0.0203704 0.252208
0 0.559115 0.369907 0.00885417 0.0194444 0.345727
0 0.542708 0.362963 0.0104167 0.0203704 0.398515
0 0.438802 0.624537 0.0078125 0.0101852 0.485466
0 0.340625 0.784259 0.00833333 0.0111111 0.557
0 0.376823 0.34537 0.0161458 0.0222222 0.562095
0 0.649479 0.247685 0.00729167 0.0138889 0.575306
0 0.389583 0.633796 0.00833333 0.0138889 0.591848
0 0.488021 0.544907 0.0104167 0.0138889 0.603666
0 0.439063 0.706481 0.00833333 0.012963 0.614432
0 0.379167 0.452315 0.00729167 0.012037 0.663869
0 0.580208 0.785648 0.00729167 0.012037 0.675914
0 0.340365 0.631019 0.00885417 0.0138889 0.679879
0 0.340885 0.707407 0.0078125 0.012963 0.679994
0 0.339844 0.552778 0.0078125 0.012963 0.684519
0 0.436719 0.785648 0.0078125 0.0138889 0.686781
0 0.582552 0.706481 0.00677083 0.0111111 0.689694
0 0.433854 0.460648 0.00729167 0.012037 0.707473
0 0.488542 0.627778 0.0104167 0.012963 0.708515
0 0.378385 0.23287 0.0078125 0.0138889 0.712434
0 0.438281 0.549074 0.00885417 0.012963 0.713205
0 0.628906 0.707407 0.0078125 0.012963 0.718712
0 0.583594 0.628704 0.00677083 0.0111111 0.727111
0 0.389844 0.55 0.00885417 0.0148148 0.727791
0 0.4875 0.784722 0.00729167 0.0138889 0.734833
0 0.391146 0.707407 0.00833333 0.0166667 0.742588
0 0.534635 0.784722 0.0078125 0.0138889 0.744013
0 0.628646 0.784722 0.00833333 0.0138889 0.744235
0 0.388802 0.783796 0.00885417 0.0157407 0.744317
0 0.489844 0.706019 0.00989583 0.0138889 0.744543
0 0.589583 0.464815 0.00729167 0.012963 0.749009
0 0.5375 0.705556 0.00833333 0.0148148 0.757101
0 0.582812 0.551852 0.00729167 0.012963 0.762216
0 0.320833 0.23287 0.00833333 0.0157407 0.766091
0 0.539583 0.4625 0.00833333 0.0138889 0.775521
0 0.629427 0.631481 0.00885417 0.0166667 0.775821
0 0.318229 0.337963 0.0125 0.0222222 0.776464
0 0.65 0.35463 0.009375 0.0185185 0.783137
0 0.432031 0.237963 0.00885417 0.0166667 0.785425
0 0.432813 0.353241 0.0135417 0.0194444 0.788309
0 0.63776 0.473148 0.00677083 0.0148148 0.790404
0 0.629167 0.561574 0.00833333 0.0157407 0.793077
0 0.536719 0.549074 0.0119792 0.0148148 0.794404
0 0.485677 0.240278 0.0109375 0.0212963 0.797601
0 0.536979 0.626852 0.0104167 0.0148148 0.801673
0 0.328906 0.45463 0.0119792 0.0203704 0.80637
0 0.541927 0.244444 0.0078125 0.0185185 0.808867
0 0.597917 0.246296 0.00833333 0.0185185 0.809016
0 0.48776 0.463426 0.00885417 0.0157407 0.813695
0 0.486979 0.355556 0.0104167 0.0166667 0.818582
0 0.597656 0.355556 0.0119792 0.0240741 0.846127
