0 0.522135 0.646759 0.00885417 0.0157407 0.358472
0 0.685938 0.722222 0.00625 0.0111111 0.447798
0 0.770573 0.644444 0.0078125 0.012963 0.581985
0 0.728646 0.717593 0.00833333 0.0148148 0.593806
0 0.57474 0.566667 0.00677083 0.012963 0.610071
0 0.554948 0.450463 0.0078125 0.0138889 0.614503
0 0.780729 0.780556 0.00729167 0.012963 0.6289
0 0.776563 0.56713 0.00729167 0.0138889 0.631443
0 0.69974 0.874074 0.00677083 0.0148148 0.634155
0 0.693229 0.797685 0.00625 0.0138889 0.646318
0 0.61276 0.446296 0.0078125 0.012963 0.654848
0 0.483073 0.956481 0.00885417 0.012963 0.655135
0 0.591146 0.656482 0.00833333 0.012963 0.662399
0 0.460677 0.661574 0.00885417 0.0138889 0.668993
0 0.450521 0.565741 0.00729167 0.012963 0.671849
0 0.603125 0.827315 0.00729167 0.0138889 0.672346
0 0.723177 0.644444 0.00885417 0.0148148 0.672535
0 0.47474 0.861574 0.0119792 0.0138889 0.675277
0 0.735937 0.787963 0.00833333 0.0166667 0.685206
0 0.723177 0.564352 0.00677083 0.012037 0.690409
0 0.715365 0.4375 0.0078125 0.0157407 0.691227
0 0.605469 0.739815 0.00989583 0.0148148 0.695466
0 0.76875 0.453241 0.0104167 0.0175926 0.695732
0 0.623438 0.570833 0.00729167 0.0138889 0.702255
0 0.610937 0.9125 0.00729167 0.0175926 0.71017
0 0.530208 0.743056 0.009375 0.0157407 0.710513
0 0.488281 0.350926 0.00677083 0.012963 0.711953
0 0.786719 0.853241 0.00989583 0.0175926 0.712232
0 0.74401 0.858333 0.00989583 0.0203704 0.723801
0 0.46849 0.763426 0.0130208 0.0157407 0.734806
0 0.547396 0.343519 0.009375 0.0166667 0.742805
0 0.429167 0.3625 0.00729167 0.0138889 0.743329
0 0.602865 0.336574 0.00885417 0.0157407 0.746725
0 0.498177 0.453704 0.00885417 0.0166667 0.748151
0 0.658854 0.892593 0.009375 0.0222222 0.749543
0 0.753646 0.321296 0.009375 0.0185185 0.750632
0 0.673177 0.562037 0.0078125 0.0148148 0.756284
0 0.551302 0.946759 0.0119792 0.0175926 0.758083
0 0.651823 0.802778 0.00989583 0.0185185 0.76688
0 0.665625 0.448611 0.009375 0.0194444 0.771717
0 0.540885 0.846296 0.0119792 0.0166667 0.772319
0 0.639844 0.660185 0.0130208 0.0203704 0.783654
0 0.776042 0.712037 0.0145833 0.0203704 0.79429
0 0.710938 0.331019 0.0114583 0.0231481 0.796065
0 0.676823 0.644444 0.00989583 0.0203704 0.797245
0 0.510938 0.555093 0.0104167 0.0194444 0.801354
0 0.654688 0.330093 0.0114583 0.0212963 0.803581
0 0.436458 0.461111 0.0104167 0.0203704 0.834018
