0 0.635938 0.969444 0.00729167 0.0111111 0.254017
0 0.514323 0.858333 0.00677083 0.0111111 0.280006
0 0.694531 0.968982 0.00677083 0.0101852 0.348105
0 0.686198 0.859259 0.00677083 0.0111111 0.355601
0 0.628385 0.857407 0.00677083 0.0111111 0.365623
0 0.54974 0.545833 0.0078125 0.0101852 0.407537
0 0.666927 0.547222 0.0078125 0.0111111 0.424463
0 0.571094 0.856019 0.0078125 0.012037 0.439468
0 0.560156 0.65463 0.00677083 0.0111111 0.462078
0 0.608333 0.548148 0.00729167 0.0111111 0.463269
0 0.510156 0.756481 0.00677083 0.0111111 0.469522
0 0.752083 0.970833 0.00729167 0.012037 0.470238
0 0.810938 0.971296 0.00729167 0.012963 0.526623
0 0.724479 0.549074 0.00833333 0.0148148 0.531834
0 0.671875 0.656018 0.00729167 0.012037 0.532742
0 0.655469 0.322222 0.0078125 0.0111111 0.54146
0 0.490104 0.543519 0.00833333 0.0111111 0.543172
0 0.504687 0.655556 0.00729167 0.0111111 0.545342
0 0.615104 0.651852 0.00833333 0.012963 0.550617
0 0.459896 0.971296 0.00729167 0.0111111 0.551706
0 0.72474 0.422685 0.00885417 0.012037 0.551758
0 0.565885 0.755556 0.00677083 0.0111111 0.551888
0 0.472917 0.320833 0.00729167 0.0101852 0.554747
0 0.532812 0.322222 0.00729167 0.0111111 0.560066
0 0.716146 0.321759 0.00833333 0.012037 0.560891
0 0.790365 0.755556 0.00885417 0.012963 0.56448
0 0.784896 0.548611 0.00729167 0.012037 0.566789
0 0.726823 0.65787 0.00677083 0.012037 0.578545
0 0.735156 0.756944 0.00677083 0.012037 0.578644
0 0.66276 0.426389 0.00885417 0.012037 0.580188
0 0.5375 0.427778 0.009375 0.0111111 0.580446
0 0.776042 0.322222 0.00833333 0.012963 0.584613
0 0.451823 0.756481 0.0078125 0.012963 0.588605
0 0.782292 0.657407 0.00729167 0.0111111 0.58987
0 0.800781 0.858333 0.0078125 0.0111111 0.592745
0 0.454688 0.859722 0.00729167 0.012037 0.616281
0 0.594531 0.323148 0.0078125 0.0111111 0.620044
0 0.74375 0.859259 0.009375 0.0148148 0.634482
0 0.476823 0.425 0.00885417 0.0111111 0.636886
0 0.6 0.427778 0.00833333 0.012963 0.647205
0 0.786979 0.426389 0.0125 0.0175926 0.676368
0 0.43151 0.542593 0.00677083 0.012963 0.679038
0 0.447917 0.655093 0.00729167 0.0138889 0.68623
0 0.416667 0.426852 0.00729167 0.012963 0.694177
0 0.413281 0.325926 0.0078125 0.0111111 0.717871
