0 0.745573 0.855556 0.00885417 0.0148148 0.251119
0 0.492969 0.235185 0.0078125 0.0148148 0.259879
0 0.473958 0.836574 0.00833333 0.0138889 0.266379
0 0.55 0.750926 0.00833333 0.012963 0.284073
0 0.551302 0.549074 0.00885417 0.0148148 0.284306
0 0.611198 0.654167 0.00989583 0.0157407 0.288226
0 0.70599 0.668981 0.00885417 0.0138889 0.291706
0 0.796875 0.782407 0.0104167 0.0148148 0.304945
0 0.553906 0.445833 0.00989583 0.0138889 0.308371
0 0.608333 0.461111 0.009375 0.0148148 0.311223
0 0.608333 0.753704 0.009375 0.0148148 0.326594
0 0.617708 0.844444 0.00833333 0.0148148 0.328154
0 0.608594 0.560185 0.00989583 0.0148148 0.330497
0 0.752604 0.675 0.00729167 0.0148148 0.330519
0 0.792969 0.869444 0.00885417 0.0148148 0.338547
0 0.55 0.846759 0.0125 0.0175926 0.351479
0 0.800521 0.594444 0.00729167 0.012963 0.372294
0 0.797656 0.684259 0.0078125 0.012963 0.390516
