0 0.445573 0.877778 0.0078125 0.012963 0.376977
0 0.780469 0.387963 0.00885417 0.0148148 0.379014
0 0.776302 0.493056 0.00885417 0.0194444 0.40765
0 0.552604 0.73287 0.00729167 0.012037 0.419986
0 0.452865 0.725463 0.0078125 0.0138889 0.426027
0 0.446354 0.431481 0.0135417 0.0240741 0.429159
0 0.456771 0.646296 0.00729167 0.012963 0.431229
0 0.669531 0.486574 0.00885417 0.0175926 0.434143
0 0.723698 0.4875 0.0140625 0.0268519 0.435387
0 0.45 0.800463 0.00833333 0.0157407 0.437608
0 0.453646 0.323611 0.00833333 0.0138889 0.441041
0 0.549479 0.813889 0.009375 0.012963 0.44236
0 0.503906 0.732407 0.0078125 0.012963 0.44689
0 0.61276 0.472222 0.0109375 0.0185185 0.450564
0 0.61875 0.35463 0.0114583 0.0222222 0.460461
0 0.494271 0.884259 0.00833333 0.0148148 0.471
0 0.729167 0.378241 0.0104167 0.0212963 0.472671
0 0.563281 0.347685 0.00885417 0.0157407 0.474157
0 0.507292 0.648611 0.00729167 0.012037 0.478829
0 0.502083 0.806481 0.0114583 0.0166667 0.482338
0 0.758594 0.610648 0.0078125 0.0157407 0.492036
0 0.557813 0.460648 0.0145833 0.0231481 0.493824
0 0.54349 0.893056 0.00885417 0.0138889 0.498865
0 0.55599 0.567593 0.00677083 0.012963 0.502194
0 0.55599 0.656018 0.00989583 0.0157407 0.50331
0 0.501562 0.552778 0.00729167 0.012963 0.510573
0 0.503125 0.444444 0.0177083 0.0259259 0.514587
0 0.604167 0.661111 0.009375 0.0148148 0.521666
0 0.674479 0.369907 0.009375 0.0231481 0.529636
0 0.59349 0.898611 0.0078125 0.012037 0.550666
0 0.511198 0.331019 0.00885417 0.0138889 0.55454
0 0.451042 0.547685 0.0125 0.0212963 0.555138
0 0.601302 0.74213 0.0119792 0.0157407 0.578782
0 0.710677 0.594907 0.0078125 0.0138889 0.591486
0 0.648958 0.749074 0.009375 0.0148148 0.593458
0 0.609375 0.578241 0.00833333 0.0175926 0.596638
0 0.640365 0.906018 0.00885417 0.012037 0.597103
0 0.598177 0.82037 0.00885417 0.012963 0.59831
0 0.691146 0.834259 0.00833333 0.012963 0.603838
0 0.645312 0.825926 0.00833333 0.012963 0.604996
0 0.695833 0.756944 0.00729167 0.012037 0.606451
0 0.659896 0.585648 0.00833333 0.0138889 0.613766
0 0.685938 0.912037 0.00833333 0.0111111 0.615185
0 0.734375 0.919444 0.00833333 0.012963 0.636849
0 0.73776 0.843056 0.0078125 0.0138889 0.640972
0 0.698958 0.681019 0.00833333 0.0157407 0.646251
0 0.652604 0.670833 0.0104167 0.0157407 0.646902
0 0.742188 0.768056 0.00833333 0.0138889 0.658398
0 0.745052 0.697685 0.00885417 0.0175926 0.710239
