0 0.727344 0.576389 0.0078125 0.012037 0.250086
0 0.728906 0.746296 0.00677083 0.0111111 0.254497
0 0.732031 0.916204 0.00677083 0.012037 0.256456
0 0.536719 0.656944 0.0078125 0.0138889 0.25883
0 0.636979 0.823611 0.00729167 0.012037 0.260527
0 0.638021 0.906018 0.00729167 0.012037 0.26418
0 0.680469 0.4875 0.00677083 0.012037 0.265317
0 0.633594 0.573148 0.0078125 0.012963 0.272197
0 0.589063 0.905093 0.00833333 0.0157407 0.272902
0 0.58776 0.741204 0.00885417 0.0138889 0.277541
0 0.685938 0.912037 0.00729167 0.012963 0.282218
0 0.490365 0.735648 0.00885417 0.0157407 0.289985
0 0.589323 0.824074 0.00885417 0.012963 0.290938
0 0.527604 0.562037 0.00833333 0.0148148 0.293207
0 0.776042 0.581481 0.00833333 0.012963 0.304058
0 0.539583 0.734259 0.00833333 0.0148148 0.307878
0 0.491927 0.809259 0.0078125 0.012963 0.308542
0 0.582031 0.471296 0.0078125 0.0148148 0.311876
0 0.775781 0.49213 0.0078125 0.012037 0.321673
0 0.539844 0.813889 0.00885417 0.012963 0.32241
0 0.633594 0.4875 0.0078125 0.0138889 0.326632
0 0.634896 0.743056 0.0104167 0.0157407 0.32864
0 0.778385 0.919444 0.0078125 0.012963 0.333289
0 0.586719 0.375463 0.00885417 0.0175926 0.33458
0 0.779167 0.847222 0.00833333 0.012963 0.335114
0 0.491927 0.883333 0.00677083 0.012963 0.341247
0 0.540104 0.893981 0.00833333 0.0138889 0.345211
0 0.726042 0.400463 0.00729167 0.0138889 0.372571
0 0.777604 0.664352 0.00833333 0.0138889 0.378977
0 0.773698 0.409259 0.0078125 0.0148148 0.397654
0 0.680469 0.394907 0.0078125 0.0175926 0.403501
0 0.635677 0.398148 0.00885417 0.0185185 0.409456
0 0.777865 0.755093 0.00989583 0.0138889 0.410006
