0 0.589844 0.383796 0.00572917 0.0101852 0.266479
0 0.645052 0.560648 0.00572917 0.0101852 0.308835
0 0.370313 0.184722 0.00729167 0.0101852 0.320797
0 0.436198 0.484722 0.00677083 0.0101852 0.328669
0 0.372135 0.0800926 0.00677083 0.0101852 0.33606
0 0.3125 0.291204 0.00625 0.0101852 0.351232
0 0.591406 0.471296 0.00677083 0.0111111 0.359684
0 0.310677 0.0884259 0.00677083 0.0101852 0.362109
0 0.643229 0.467593 0.00729167 0.0111111 0.37172
0 0.438542 0.678241 0.00520833 0.0101852 0.372301
0 0.438021 0.58287 0.00625 0.0101852 0.377497
0 0.645052 0.650463 0.00572917 0.0101852 0.378038
0 0.638542 0.294907 0.00729167 0.012037 0.415285
0 0.635156 0.118056 0.00677083 0.0101852 0.417384
0 0.311979 0.189352 0.00625 0.0101852 0.439766
0 0.59401 0.650926 0.00572917 0.0111111 0.444458
0 0.316406 0.602315 0.00572917 0.0101852 0.457821
0 0.63724 0.20787 0.00677083 0.012037 0.465929
0 0.320312 0.705556 0.00833333 0.0111111 0.479707
0 0.314323 0.496296 0.00572917 0.0111111 0.481157
0 0.313021 0.39537 0.00625 0.0111111 0.529515
