0 0.763281 0.517593 0.00572917 0.0111111 0.269165
0 0.76901 0.253241 0.00677083 0.0101852 0.269408
0 0.558073 0.500463 0.00572917 0.0101852 0.278753
0 0.432031 0.808333 0.00677083 0.00925926 0.293026
0 0.66875 0.333333 0.00625 0.0111111 0.303388
0 0.491406 0.708333 0.00572917 0.00925926 0.370249
0 0.50026 0.293056 0.00677083 0.0101852 0.379767
0 0.551302 0.792593 0.00572917 0.00925926 0.39374
0 0.71276 0.598148 0.0078125 0.0111111 0.406056
0 0.620573 0.329167 0.00677083 0.012037 0.416965
0 0.716406 0.423148 0.00677083 0.0111111 0.417125
0 0.710156 0.689352 0.00677083 0.0101852 0.420431
0 0.765104 0.428241 0.00625 0.0101852 0.462854
0 0.670313 0.246759 0.00625 0.0101852 0.462944
0 0.761719 0.693519 0.00572917 0.0111111 0.47397
0 0.767708 0.340741 0.00729167 0.0111111 0.476183
0 0.447917 0.188889 0.00625 0.0111111 0.497017
0 0.666927 0.419907 0.0078125 0.0138889 0.51422
0 0.708073 0.779167 0.00572917 0.0101852 0.522023
0 0.434896 0.598611 0.00625 0.0101852 0.527266
0 0.717188 0.337037 0.00729167 0.0111111 0.530383
0 0.71901 0.249074 0.00677083 0.0111111 0.548024
0 0.7625 0.600926 0.00729167 0.0111111 0.549826
0 0.759115 0.783333 0.00572917 0.0111111 0.55231
0 0.436979 0.498611 0.00625 0.012037 0.558828
0 0.440365 0.39213 0.00572917 0.012037 0.586438
0 0.444271 0.290741 0.00625 0.0111111 0.598587
0 0.432552 0.704167 0.00572917 0.0101852 0.603307
