0 0.41849 0.700463 0.00677083 0.012037 0.25683
0 0.416146 0.49213 0.00625 0.012037 0.261566
0 0.702344 0.264815 0.0078125 0.012963 0.280981
0 0.532812 0.375463 0.00729167 0.012037 0.28307
0 0.417448 0.29213 0.00677083 0.012037 0.285124
0 0.648438 0.364352 0.00729167 0.012037 0.297514
0 0.473958 0.281944 0.00625 0.012037 0.299741
0 0.590885 0.368519 0.0078125 0.012963 0.306276
0 0.416146 0.387963 0.00625 0.0111111 0.311584
0 0.647396 0.268056 0.009375 0.0138889 0.364946
0 0.758333 0.356481 0.009375 0.012963 0.370685
0 0.755469 0.2625 0.00885417 0.012037 0.376445
0 0.703385 0.360648 0.00885417 0.0138889 0.390686
0 0.591927 0.271296 0.00885417 0.0148148 0.40166
0 0.531771 0.274537 0.00729167 0.012037 0.403134
