0 0.720052 0.737963 0.00677083 0.0111111 0.25723
0 0.726823 0.5875 0.00677083 0.012037 0.266755
0 0.595052 0.736111 0.0078125 0.012963 0.296399
0 0.734115 0.350926 0.00885417 0.0185185 0.297023
0 0.569792 0.439352 0.00625 0.0101852 0.300532
0 0.767187 0.812963 0.0104167 0.0148148 0.303235
0 0.71901 0.662037 0.00677083 0.0111111 0.313664
0 0.578906 0.55787 0.00572917 0.012037 0.319176
0 0.677865 0.810185 0.00572917 0.012963 0.319619
0 0.627344 0.571759 0.00677083 0.012037 0.328313
0 0.766406 0.885648 0.00885417 0.0157407 0.343849
0 0.721094 0.809259 0.0078125 0.0148148 0.344197
0 0.585677 0.821296 0.00677083 0.012963 0.353912
0 0.627083 0.443519 0.00729167 0.012963 0.358901
0 0.520573 0.727315 0.0078125 0.012037 0.360949
0 0.728906 0.458796 0.00677083 0.0157407 0.3635
0 0.779427 0.6 0.00677083 0.012963 0.380371
0 0.588542 0.65 0.00729167 0.012963 0.380376
0 0.676823 0.573611 0.00677083 0.0138889 0.402801
0 0.776302 0.35 0.0078125 0.0166667 0.410828
0 0.721615 0.881481 0.0078125 0.0166667 0.411908
0 0.625 0.334259 0.00729167 0.0148148 0.417049
0 0.78099 0.484259 0.00989583 0.0166667 0.424445
0 0.519792 0.636574 0.00729167 0.012037 0.427392
0 0.635938 0.806944 0.00833333 0.0157407 0.428183
0 0.45651 0.925 0.0078125 0.012963 0.432285
0 0.678906 0.339352 0.0109375 0.0194444 0.433561
0 0.767448 0.741667 0.0140625 0.0185185 0.433592
0 0.677865 0.889815 0.00677083 0.0148148 0.435374
0 0.458594 0.628704 0.0078125 0.012963 0.447724
0 0.58724 0.908796 0.00677083 0.0175926 0.450948
0 0.45651 0.83287 0.0109375 0.0138889 0.453621
0 0.455729 0.531482 0.00625 0.012963 0.4804
0 0.511979 0.43287 0.00729167 0.0138889 0.485
0 0.569271 0.330556 0.00833333 0.0166667 0.49938
0 0.522656 0.829167 0.00885417 0.0138889 0.501883
0 0.634896 0.897685 0.009375 0.0212963 0.503378
0 0.511198 0.326389 0.00677083 0.012037 0.51843
0 0.678906 0.458796 0.00885417 0.0175926 0.518648
0 0.450781 0.325463 0.00677083 0.0138889 0.54873
0 0.516667 0.533333 0.009375 0.0166667 0.556397
0 0.673437 0.656018 0.009375 0.0175926 0.565186
0 0.458073 0.733333 0.0119792 0.0148148 0.580093
0 0.634896 0.664352 0.0125 0.0175926 0.582852
0 0.451302 0.426389 0.00885417 0.0175926 0.60035
0 0.524219 0.927315 0.0119792 0.0175926 0.606476
