0 0.438021 0.876389 0.00833333 0.012037 0.316379
0 0.670573 0.748148 0.00677083 0.0111111 0.523873
0 0.57474 0.810648 0.00677083 0.0138889 0.62961
0 0.445312 0.7875 0.0114583 0.0138889 0.631111
0 0.636719 0.445833 0.00677083 0.0138889 0.631951
0 0.459375 0.589352 0.00833333 0.0138889 0.634893
0 0.580469 0.428704 0.00677083 0.0111111 0.649768
0 0.528385 0.301852 0.0078125 0.0148148 0.651533
0 0.75026 0.921759 0.0078125 0.0138889 0.657232
0 0.748698 0.383796 0.00989583 0.0212963 0.685716
0 0.666406 0.824074 0.00677083 0.012963 0.69138
0 0.519271 0.60787 0.00833333 0.0138889 0.693602
0 0.583073 0.549537 0.00677083 0.012037 0.697573
0 0.754948 0.848611 0.0078125 0.012037 0.699704
0 0.468229 0.284722 0.00729167 0.0138889 0.701197
0 0.6625 0.900926 0.00729167 0.0148148 0.709846
0 0.5875 0.322222 0.009375 0.0185185 0.714049
0 0.728646 0.613889 0.00729167 0.012963 0.72282
0 0.778906 0.640278 0.00677083 0.0138889 0.731644
0 0.715365 0.688426 0.00989583 0.0138889 0.733666
0 0.71224 0.763889 0.00885417 0.012963 0.737346
0 0.76224 0.712037 0.00677083 0.012963 0.74243
0 0.516406 0.700926 0.00885417 0.0148148 0.748749
0 0.58724 0.64213 0.0078125 0.012037 0.750059
0 0.629427 0.575 0.00677083 0.012963 0.7536
0 0.461979 0.491667 0.00729167 0.0148148 0.753811
0 0.738281 0.488889 0.00677083 0.0148148 0.755112
0 0.453385 0.689815 0.0130208 0.0166667 0.75527
0 0.788542 0.528241 0.0104167 0.0157407 0.768004
0 0.678906 0.588426 0.0078125 0.0157407 0.772816
0 0.626042 0.809722 0.009375 0.0175926 0.77507
0 0.511979 0.801389 0.009375 0.0175926 0.785385
0 0.709375 0.834259 0.00833333 0.0148148 0.793287
0 0.588802 0.72963 0.0109375 0.0148148 0.794098
0 0.523698 0.408796 0.00885417 0.0175926 0.796593
0 0.790365 0.392593 0.00885417 0.0185185 0.800818
0 0.570833 0.897685 0.00729167 0.0175926 0.810023
0 0.522135 0.508333 0.00989583 0.0185185 0.811294
0 0.632812 0.67037 0.0125 0.0203704 0.812283
0 0.641927 0.339352 0.00885417 0.0157407 0.820004
0 0.620052 0.898611 0.00885417 0.0194444 0.821578
0 0.70625 0.904167 0.009375 0.0194444 0.830678
0 0.672396 0.667593 0.0104167 0.0185185 0.838604
0 0.688281 0.475926 0.00885417 0.0203704 0.839051
0 0.507812 0.901852 0.0125 0.0203704 0.843077
0 0.464063 0.385648 0.0104167 0.0212963 0.848454
0 0.759896 0.779167 0.0145833 0.0212963 0.85861
0 0.694531 0.358333 0.0109375 0.0203704 0.876806
