0 0.613021 0.827778 0.00625 0.0111111 0.2637
0 0.661198 0.838426 0.00572917 0.012037 0.272274
0 0.665625 0.668056 0.00625 0.012037 0.276628
0 0.666927 0.585185 0.00572917 0.0111111 0.289318
0 0.66901 0.5 0.00677083 0.0111111 0.30031
0 0.658854 0.919907 0.00625 0.0101852 0.348518
0 0.476562 0.636574 0.00625 0.012037 0.360937
0 0.517448 0.808796 0.00572917 0.0101852 0.366312
0 0.563802 0.903704 0.00572917 0.0111111 0.370657
0 0.611979 0.913426 0.00520833 0.0101852 0.372482
0 0.708333 0.933333 0.00625 0.0111111 0.377938
0 0.568229 0.463889 0.00625 0.0111111 0.390171
0 0.565365 0.818056 0.00677083 0.012037 0.390751
0 0.564844 0.556481 0.00677083 0.0111111 0.391811
0 0.717708 0.506481 0.00625 0.0111111 0.39434
0 0.521354 0.725 0.00729167 0.0111111 0.397063
0 0.571615 0.375926 0.00677083 0.0111111 0.398127
0 0.471094 0.88287 0.00572917 0.0101852 0.410125
0 0.622656 0.40463 0.00885417 0.012963 0.421819
0 0.513021 0.548148 0.00625 0.0111111 0.422231
0 0.756771 0.94213 0.00729167 0.012037 0.435879
0 0.522396 0.641204 0.00625 0.012037 0.436514
0 0.56875 0.652315 0.00729167 0.0138889 0.449165
0 0.710156 0.847222 0.00572917 0.0111111 0.456687
0 0.475 0.717593 0.00729167 0.012963 0.45834
0 0.670833 0.4125 0.00833333 0.012037 0.467981
0 0.516927 0.893056 0.00677083 0.012037 0.475045
0 0.714844 0.593518 0.00677083 0.012963 0.477678
0 0.472396 0.797685 0.00729167 0.012037 0.483996
0 0.759635 0.859259 0.00677083 0.0111111 0.488087
0 0.508073 0.441667 0.00677083 0.0111111 0.494353
0 0.567187 0.733333 0.00729167 0.012963 0.495049
0 0.463802 0.538889 0.00677083 0.0111111 0.516568
0 0.714323 0.676389 0.0078125 0.012037 0.52692
0 0.764844 0.603704 0.00677083 0.0111111 0.532308
0 0.766406 0.51713 0.00677083 0.012037 0.536195
0 0.720052 0.420833 0.0078125 0.0138889 0.538026
0 0.760938 0.771759 0.00729167 0.012037 0.562382
0 0.711198 0.761574 0.0078125 0.012037 0.563391
0 0.763021 0.685185 0.00833333 0.012963 0.567356
0 0.454167 0.435185 0.00833333 0.012963 0.569831
0 0.456771 0.339815 0.00729167 0.012963 0.598706
0 0.510677 0.349537 0.0078125 0.012037 0.613821
0 0.769271 0.42963 0.009375 0.0148148 0.663471
