0 0.780469 0.281944 0.00677083 0.0101852 0.308053
0 0.689062 0.286111 0.00729167 0.00925926 0.314688
0 0.535677 0.260185 0.0078125 0.012963 0.32705
0 0.784896 0.37037 0.00625 0.00925926 0.374479
0 0.647396 0.380556 0.00729167 0.0111111 0.386807
0 0.745313 0.549537 0.00625 0.0101852 0.436466
0 0.470573 0.468519 0.00885417 0.012963 0.52784
0 0.663281 0.64537 0.00572917 0.0111111 0.528625
0 0.753906 0.637037 0.00677083 0.0111111 0.537677
0 0.65 0.289815 0.00729167 0.0111111 0.540474
0 0.791406 0.460185 0.0078125 0.0111111 0.545632
0 0.46901 0.364352 0.0109375 0.0138889 0.55663
0 0.795573 0.545833 0.0078125 0.012037 0.55672
0 0.598698 0.272685 0.0078125 0.012037 0.571783
0 0.602344 0.560185 0.0078125 0.0111111 0.588701
0 0.756771 0.730556 0.00729167 0.0111111 0.592732
0 0.711979 0.73287 0.00833333 0.0138889 0.597877
0 0.467187 0.268519 0.00833333 0.0148148 0.600127
0 0.595312 0.360648 0.00833333 0.0138889 0.606619
0 0.707292 0.64213 0.00729167 0.012037 0.61268
0 0.596094 0.4625 0.00885417 0.012037 0.615976
0 0.79974 0.636574 0.00885417 0.012037 0.631642
0 0.677604 0.824537 0.009375 0.0157407 0.634264
0 0.760417 0.819444 0.00833333 0.0148148 0.660968
0 0.540885 0.459259 0.00885417 0.012963 0.676593
0 0.473437 0.569907 0.0104167 0.0138889 0.685342
0 0.718229 0.826852 0.009375 0.0166667 0.685456
0 0.485938 0.770833 0.00729167 0.012037 0.688235
0 0.809375 0.822685 0.00833333 0.0138889 0.690786
0 0.560417 0.765278 0.00833333 0.012037 0.697208
0 0.613021 0.653241 0.00833333 0.0138889 0.698672
0 0.535677 0.361574 0.00885417 0.012037 0.700614
0 0.617708 0.752315 0.00833333 0.0138889 0.702575
0 0.479948 0.666667 0.00885417 0.012963 0.704935
0 0.635417 0.84213 0.00729167 0.0138889 0.708005
0 0.553646 0.661574 0.0114583 0.0138889 0.723328
0 0.669792 0.735185 0.009375 0.0166667 0.725975
0 0.807031 0.730093 0.0109375 0.0138889 0.727167
0 0.546094 0.566204 0.0078125 0.0138889 0.743117
0 0.567187 0.864815 0.0114583 0.0148148 0.767296
0 0.492448 0.870833 0.0119792 0.0157407 0.788835
