0 0.53776 0.6625 0.00885417 0.0157407 0.250239
0 0.633594 0.571759 0.00677083 0.012037 0.250305
0 0.733073 0.825463 0.00677083 0.012037 0.253353
0 0.690885 0.908333 0.0078125 0.012963 0.254445
0 0.527604 0.569444 0.00833333 0.0148148 0.258699
0 0.682813 0.653241 0.009375 0.0138889 0.262982
0 0.726302 0.568981 0.0078125 0.012037 0.264201
0 0.736979 0.909722 0.00729167 0.012037 0.264547
0 0.727604 0.650463 0.00625 0.012037 0.266523
0 0.541667 0.740741 0.00833333 0.012963 0.268989
0 0.595052 0.90787 0.0078125 0.0138889 0.276745
0 0.496615 0.819907 0.0078125 0.0138889 0.280709
0 0.544271 0.820833 0.009375 0.0138889 0.283281
0 0.67526 0.388889 0.0078125 0.0166667 0.284843
0 0.578385 0.473148 0.00885417 0.0148148 0.285669
0 0.546094 0.902778 0.0078125 0.012963 0.286659
0 0.678385 0.481944 0.00677083 0.012037 0.296524
0 0.630729 0.486111 0.00729167 0.012963 0.298266
0 0.638021 0.743056 0.0114583 0.0157407 0.30128
0 0.772396 0.480093 0.00729167 0.012037 0.307057
0 0.497917 0.893519 0.00729167 0.012963 0.307841
0 0.721094 0.392593 0.00677083 0.012963 0.31189
0 0.783073 0.836574 0.00885417 0.0138889 0.324526
0 0.76875 0.397222 0.00833333 0.0148148 0.343882
0 0.630729 0.396296 0.00833333 0.0166667 0.348314
0 0.783854 0.909259 0.00833333 0.012963 0.349707
0 0.77474 0.568981 0.00885417 0.0138889 0.351507
0 0.777083 0.652778 0.00833333 0.012963 0.381387
0 0.779688 0.743056 0.0114583 0.0157407 0.38581
