0 0.397135 0.409259 0.0078125 0.012963 0.322746
0 0.438281 0.624074 0.00677083 0.00925926 0.406186
0 0.375781 0.342593 0.0161458 0.0203704 0.513144
0 0.649479 0.248148 0.00833333 0.0166667 0.589967
0 0.48724 0.783333 0.00677083 0.0111111 0.594363
0 0.536198 0.703241 0.0078125 0.012037 0.610028
0 0.534115 0.783333 0.00677083 0.0111111 0.613875
0 0.436979 0.54537 0.009375 0.012963 0.62005
0 0.340104 0.782407 0.00833333 0.0111111 0.627921
0 0.434115 0.459722 0.00572917 0.012037 0.633248
0 0.582031 0.703704 0.0078125 0.0111111 0.640359
0 0.377865 0.23287 0.0078125 0.0138889 0.644623
0 0.582292 0.625463 0.00729167 0.0101852 0.651725
0 0.390104 0.546759 0.00833333 0.012037 0.656393
0 0.390365 0.630093 0.0078125 0.012037 0.674315
0 0.439844 0.703704 0.0078125 0.012963 0.676827
0 0.540885 0.362963 0.00885417 0.0185185 0.677215
0 0.340104 0.628704 0.00833333 0.012963 0.680005
0 0.48776 0.625 0.00885417 0.0111111 0.682002
0 0.378906 0.451389 0.0078125 0.012037 0.690746
0 0.43724 0.784259 0.0078125 0.012963 0.691566
0 0.339583 0.551389 0.00833333 0.012037 0.701667
0 0.628385 0.704167 0.0078125 0.012037 0.704607
0 0.320833 0.22963 0.00833333 0.0148148 0.705961
0 0.486458 0.542593 0.009375 0.012963 0.70796
0 0.340625 0.70463 0.00833333 0.012963 0.716516
0 0.579948 0.783796 0.0078125 0.012037 0.723811
0 0.588802 0.4625 0.0078125 0.012037 0.727401
0 0.582031 0.55 0.0078125 0.0111111 0.727836
0 0.536198 0.624537 0.00885417 0.012037 0.730465
0 0.488281 0.705556 0.0078125 0.012963 0.731255
0 0.628125 0.78287 0.00833333 0.012037 0.735134
0 0.388542 0.781944 0.00833333 0.0138889 0.737114
0 0.391146 0.70463 0.00833333 0.0148148 0.744393
0 0.484635 0.237963 0.00989583 0.0203704 0.754748
0 0.430469 0.238426 0.00885417 0.0175926 0.756981
0 0.629167 0.630093 0.00833333 0.012037 0.767739
0 0.535937 0.546296 0.0114583 0.0148148 0.76787
0 0.431771 0.350463 0.0135417 0.0194444 0.769961
0 0.538802 0.461111 0.00885417 0.012963 0.778735
0 0.486458 0.353704 0.009375 0.0148148 0.78378
0 0.628385 0.558796 0.00885417 0.0157407 0.79032
0 0.48724 0.4625 0.00885417 0.0138889 0.794234
0 0.636979 0.469907 0.00729167 0.0138889 0.796972
0 0.316927 0.336574 0.0119792 0.0212963 0.813606
0 0.596875 0.243056 0.00833333 0.0175926 0.813908
0 0.649479 0.356944 0.009375 0.0194444 0.82005
0 0.328646 0.452315 0.0104167 0.0194444 0.830687
0 0.541927 0.242593 0.0078125 0.0166667 0.831047
0 0.596615 0.354167 0.0119792 0.0231481 0.858503
