0 0.659115 0.408796 0.00677083 0.012037 0.265245
0 0.488021 0.328704 0.00625 0.0111111 0.289297
0 0.658854 0.324074 0.00625 0.0111111 0.315771
0 0.557552 0.806481 0.00572917 0.00925926 0.353734
0 0.440365 0.856019 0.00677083 0.012037 0.392543
0 0.430208 0.443519 0.00625 0.0111111 0.395473
0 0.66224 0.762963 0.00572917 0.0111111 0.439294
0 0.713542 0.663426 0.00625 0.012037 0.456976
0 0.655469 0.237963 0.0078125 0.012963 0.477299
0 0.489583 0.225463 0.00729167 0.012037 0.516795
0 0.760938 0.476389 0.00625 0.012037 0.53668
0 0.707292 0.313426 0.00729167 0.012037 0.53817
0 0.431771 0.549074 0.00625 0.0111111 0.548892
0 0.435677 0.75463 0.00677083 0.0111111 0.554779
0 0.434375 0.649074 0.00625 0.0111111 0.557687
0 0.754687 0.218519 0.00729167 0.012963 0.561554
0 0.709635 0.486574 0.00677083 0.012037 0.56375
0 0.714323 0.752315 0.00677083 0.012037 0.572833
0 0.430729 0.343056 0.00625 0.012037 0.573428
0 0.430729 0.242593 0.00729167 0.0111111 0.585966
0 0.709375 0.399537 0.00729167 0.012037 0.588301
0 0.765625 0.652778 0.00729167 0.0111111 0.594723
0 0.704948 0.226852 0.0078125 0.012963 0.600846
0 0.71224 0.574537 0.0078125 0.012037 0.601445
0 0.765625 0.740741 0.00729167 0.012963 0.601497
0 0.759635 0.390278 0.00677083 0.012037 0.626835
0 0.763802 0.560648 0.00885417 0.0138889 0.645521
0 0.757552 0.304167 0.0078125 0.0138889 0.649201
