0 0.770573 0.649537 0.0078125 0.0138889 0.449137
0 0.521354 0.648611 0.00833333 0.0138889 0.482153
0 0.553906 0.447222 0.00677083 0.0111111 0.555346
0 0.688281 0.725926 0.00677083 0.0111111 0.593557
0 0.461458 0.654167 0.00833333 0.0138889 0.625796
0 0.485938 0.344444 0.00729167 0.012963 0.629038
0 0.486198 0.950463 0.00885417 0.0138889 0.630353
0 0.478125 0.853704 0.0114583 0.0148148 0.658153
0 0.610937 0.44537 0.00729167 0.012963 0.674221
0 0.766927 0.461111 0.0109375 0.0166667 0.689371
0 0.573698 0.563889 0.00677083 0.012963 0.693942
0 0.790104 0.858333 0.009375 0.0166667 0.694962
0 0.591667 0.654167 0.00729167 0.012037 0.702652
0 0.545833 0.845833 0.0114583 0.0175926 0.7068
0 0.532031 0.736574 0.00989583 0.0157407 0.708384
0 0.729688 0.724074 0.00833333 0.0148148 0.709422
0 0.783594 0.789352 0.0078125 0.012037 0.711199
0 0.722135 0.570833 0.00677083 0.012037 0.720121
0 0.497917 0.450463 0.00833333 0.0157407 0.729808
0 0.702604 0.878241 0.00729167 0.0138889 0.732325
0 0.77526 0.576389 0.0078125 0.0138889 0.732479
0 0.723437 0.649537 0.009375 0.0157407 0.732961
0 0.60651 0.739352 0.00989583 0.0138889 0.749048
0 0.622917 0.570833 0.00729167 0.0138889 0.751334
0 0.426302 0.352778 0.0078125 0.0148148 0.759375
0 0.60625 0.825 0.00729167 0.012963 0.760822
0 0.470052 0.756019 0.0130208 0.0157407 0.7611
0 0.45 0.557407 0.00833333 0.0148148 0.765718
0 0.696094 0.800926 0.00677083 0.0148148 0.768236
0 0.750781 0.328704 0.0078125 0.0166667 0.781663
0 0.671875 0.564352 0.00833333 0.0157407 0.792599
0 0.544271 0.339815 0.00833333 0.0166667 0.795443
0 0.73776 0.794444 0.0078125 0.0166667 0.799834
0 0.555469 0.941667 0.0109375 0.0185185 0.803456
0 0.713542 0.444907 0.00833333 0.0175926 0.805472
0 0.70625 0.336111 0.0114583 0.0222222 0.812334
0 0.510156 0.549537 0.00989583 0.0194444 0.812635
0 0.639063 0.661111 0.0125 0.0203704 0.817134
0 0.60026 0.336111 0.0078125 0.0166667 0.823195
0 0.663542 0.452778 0.00833333 0.0185185 0.825865
0 0.434635 0.451852 0.00989583 0.0203704 0.830079
0 0.677083 0.647685 0.0104167 0.0194444 0.834404
0 0.614323 0.911574 0.0078125 0.0194444 0.839951
0 0.746354 0.864815 0.0104167 0.0222222 0.849059
0 0.652604 0.333796 0.0104167 0.0212963 0.853775
0 0.653646 0.804167 0.009375 0.0194444 0.855455
0 0.777344 0.719444 0.0140625 0.0203704 0.871592
0 0.661458 0.893519 0.009375 0.0222222 0.872713
