0 0.552865 0.849537 0.00572917 0.0101852 0.262315
0 0.495833 0.850926 0.00520833 0.00925926 0.268906
0 0.550521 0.427315 0.00625 0.012037 0.273471
0 0.495052 0.738426 0.00572917 0.0101852 0.286148
0 0.552604 0.740278 0.00520833 0.0101852 0.30069
0 0.492969 0.531482 0.0078125 0.012963 0.307922
0 0.436979 0.535648 0.00625 0.012037 0.362899
0 0.492188 0.427315 0.00625 0.012037 0.397403
0 0.668229 0.739352 0.00625 0.0101852 0.410271
0 0.38151 0.637963 0.00677083 0.0111111 0.428608
0 0.377083 0.849074 0.00625 0.0111111 0.430869
0 0.433073 0.427778 0.00677083 0.0111111 0.435135
0 0.609635 0.428704 0.00677083 0.012963 0.441317
0 0.61276 0.202778 0.00677083 0.0111111 0.442612
0 0.615365 0.305093 0.0078125 0.012037 0.446301
0 0.669531 0.427315 0.00677083 0.0101852 0.468651
0 0.61224 0.849537 0.00677083 0.012037 0.471253
0 0.660677 0.535648 0.00677083 0.012037 0.484178
0 0.604688 0.536111 0.00625 0.012963 0.485632
0 0.435677 0.850463 0.00677083 0.0101852 0.486343
0 0.663021 0.635185 0.00833333 0.012963 0.489684
0 0.552344 0.203704 0.00677083 0.0111111 0.498386
0 0.554167 0.306944 0.00729167 0.012037 0.501972
0 0.43724 0.636574 0.00677083 0.012037 0.506204
0 0.436198 0.737037 0.0078125 0.012963 0.512735
0 0.670313 0.849074 0.00729167 0.012963 0.514651
0 0.608854 0.637037 0.00729167 0.012963 0.532043
0 0.491146 0.20463 0.00729167 0.0111111 0.53875
0 0.429427 0.204167 0.00677083 0.0101852 0.544171
0 0.36901 0.20463 0.0078125 0.0111111 0.55684
0 0.381771 0.536111 0.00729167 0.012963 0.558544
0 0.673177 0.204167 0.0078125 0.012037 0.56638
0 0.491927 0.308796 0.00677083 0.012037 0.567728
0 0.373177 0.425 0.0078125 0.012963 0.583406
0 0.610677 0.738426 0.0109375 0.0175926 0.59957
0 0.322656 0.637963 0.00677083 0.0111111 0.600784
0 0.428646 0.30787 0.00833333 0.012037 0.603453
0 0.324479 0.536574 0.00833333 0.0138889 0.615625
0 0.367448 0.306481 0.0078125 0.0111111 0.621255
0 0.319531 0.850463 0.0078125 0.012037 0.62204
0 0.314583 0.424537 0.00729167 0.012037 0.631683
0 0.320312 0.740741 0.00833333 0.012963 0.635144
0 0.308073 0.209722 0.0078125 0.012037 0.650356
0 0.678125 0.308796 0.0145833 0.0194444 0.651123
0 0.306771 0.308333 0.00729167 0.012963 0.706259
