0 0.658333 0.484259 0.00833333 0.0148148 0.255246
0 0.660937 0.37037 0.009375 0.0166667 0.263348
0 0.399479 0.514352 0.00833333 0.0138889 0.266476
0 0.611719 0.235185 0.00989583 0.0203704 0.267754
0 0.553125 0.538889 0.009375 0.0166667 0.268674
0 0.335677 0.703241 0.0130208 0.0138889 0.270948
0 0.514063 0.778241 0.00833333 0.0194444 0.276461
0 0.465625 0.7875 0.00625 0.0157407 0.2878
0 0.559635 0.222685 0.0109375 0.0194444 0.308191
0 0.401042 0.706481 0.0104167 0.0166667 0.340724
0 0.339583 0.608796 0.0125 0.0157407 0.340768
0 0.336458 0.40787 0.00729167 0.0138889 0.343311
0 0.332812 0.202315 0.00625 0.012037 0.350312
0 0.393229 0.310185 0.00729167 0.0148148 0.35671
0 0.392448 0.203704 0.00677083 0.012963 0.35782
0 0.397396 0.411111 0.0104167 0.0185185 0.393539
0 0.402865 0.804167 0.0130208 0.0194444 0.405728
0 0.332292 0.302778 0.009375 0.0185185 0.415384
