0 0.551302 0.636111 0.00572917 0.0111111 0.299506
0 0.495052 0.634259 0.00677083 0.0111111 0.378035
0 0.378906 0.739352 0.00677083 0.0101852 0.482682
0 0.553385 0.849537 0.00572917 0.0101852 0.529187
0 0.495833 0.850463 0.00625 0.0101852 0.533725
0 0.495833 0.738889 0.00729167 0.0111111 0.56162
0 0.552865 0.203241 0.00677083 0.0101852 0.572166
0 0.382031 0.6375 0.00677083 0.012037 0.581009
0 0.54974 0.534722 0.00677083 0.012037 0.583
0 0.553385 0.739815 0.00677083 0.0111111 0.584431
0 0.491406 0.203241 0.0078125 0.0101852 0.593327
0 0.369531 0.203241 0.00677083 0.0101852 0.596544
0 0.433854 0.426389 0.00729167 0.012037 0.60179
0 0.429688 0.203241 0.00729167 0.0101852 0.602577
0 0.43776 0.534722 0.00677083 0.012037 0.608045
0 0.377604 0.848148 0.00729167 0.0111111 0.608913
0 0.613542 0.203704 0.00729167 0.0111111 0.622539
0 0.373177 0.422685 0.00677083 0.012037 0.624238
0 0.492708 0.425926 0.00729167 0.012963 0.624336
0 0.367708 0.305093 0.00729167 0.0101852 0.642809
0 0.438021 0.634722 0.00729167 0.012037 0.6464
0 0.551042 0.426852 0.00729167 0.012963 0.646475
0 0.493229 0.531482 0.00729167 0.012963 0.64981
0 0.554167 0.306944 0.00729167 0.012037 0.671872
0 0.322917 0.637037 0.00625 0.0111111 0.674461
0 0.382552 0.535648 0.00677083 0.012037 0.675974
0 0.670052 0.426852 0.00677083 0.0111111 0.685579
0 0.492708 0.306944 0.00729167 0.012037 0.688061
0 0.436458 0.737037 0.00833333 0.012963 0.6909
0 0.428385 0.306944 0.0078125 0.012037 0.700076
0 0.315104 0.423611 0.00729167 0.012037 0.709793
0 0.605208 0.535648 0.00625 0.012037 0.712472
0 0.616146 0.30463 0.009375 0.012963 0.718265
0 0.609896 0.427778 0.00729167 0.012963 0.721382
0 0.436198 0.850463 0.0078125 0.012037 0.724844
0 0.661198 0.534722 0.00677083 0.012037 0.727536
0 0.66901 0.737963 0.0078125 0.012963 0.729132
0 0.609375 0.635648 0.00729167 0.0138889 0.730024
0 0.664323 0.633796 0.00885417 0.0138889 0.741912
0 0.32526 0.536574 0.0078125 0.0138889 0.748074
0 0.673177 0.203241 0.0078125 0.012037 0.750261
0 0.308594 0.208333 0.0078125 0.0111111 0.754972
0 0.61276 0.848611 0.0078125 0.0138889 0.755564
0 0.320052 0.85 0.0078125 0.012963 0.764554
0 0.321615 0.739815 0.00885417 0.012963 0.772584
0 0.307292 0.306944 0.00729167 0.0138889 0.780904
0 0.671094 0.849074 0.0078125 0.012963 0.782164
0 0.611979 0.737963 0.0114583 0.0185185 0.852886
0 0.678125 0.308333 0.0135417 0.0185185 0.856296
