0 0.636782 0.146125 0.007179 0.014679
0 0.577525 0.170795 0.007538 0.014040
0 0.679046 0.549361 0.014191 0.020114
0 0.704006 0.739014 0.007899 0.013402
0 0.692685 0.643752 0.012333 0.017452
0 0.637086 0.769436 0.015486 0.024972
0 0.626431 0.672966 0.012597 0.021754
0 0.573943 0.774993 0.008473 0.019537
0 0.524459 0.784505 0.011625 0.027057
0 0.482302 0.792220 0.006819 0.015318
0 0.436957 0.802570 0.012082 0.021477
0 0.395659 0.824315 0.010068 0.017897
0 0.564171 0.688238 0.006351 0.012570
0 0.513222 0.694475 0.012597 0.021754
0 0.472276 0.714653 0.008365 0.016149
0 0.430324 0.730903 0.010379 0.019729
0 0.385404 0.751618 0.008726 0.015511
0 0.503252 0.617363 0.006244 0.009183
0 0.463866 0.639349 0.006712 0.011931
0 0.422202 0.660275 0.010583 0.018174
0 0.375641 0.683042 0.017032 0.025804
0 0.457137 0.560062 0.012237 0.022393
0 0.413737 0.584512 0.011459 0.017813
0 0.368467 0.615884 0.007335 0.015596
0 0.496881 0.554690 0.014299 0.023502
0 0.544731 0.608469 0.011303 0.016897
0 0.541104 0.521319 0.008570 0.014595
0 0.618160 0.569380 0.009552 0.017621
0 0.606828 0.480821 0.010068 0.017898
0 0.667128 0.449060 0.008882 0.016427
0 0.656362 0.351675 0.007023 0.013763
0 0.596956 0.377359 0.012237 0.022393
0 0.649623 0.245122 0.012393 0.023309
0 0.588442 0.276256 0.010379 0.019729
0 0.319452 0.300830 0.009349 0.019175
0 0.361567 0.285954 0.011518 0.023670
0 0.414255 0.251314 0.013627 0.022308
0 0.466268 0.224583 0.009552 0.017621
0 0.519897 0.200115 0.010738 0.019090
0 0.533812 0.305884 0.006196 0.011654
0 0.478815 0.334696 0.008210 0.015234
0 0.427984 0.369116 0.010176 0.021285
0 0.378764 0.387620 0.009037 0.017344
0 0.329972 0.434669 0.011099 0.018452
0 0.538521 0.427077 0.006664 0.014402
0 0.493361 0.459366 0.008414 0.013679
0 0.444466 0.480619 0.008522 0.017066
0 0.397188 0.513223 0.007023 0.013763
0 0.347023 0.546437 0.007850 0.015873
