0 0.517187 0.715741 0.00625 0.0111111 0.272762
0 0.521615 0.634722 0.00677083 0.012037 0.296836
0 0.67474 0.503704 0.00677083 0.0111111 0.306636
0 0.603906 0.826389 0.00572917 0.012037 0.323515
0 0.567708 0.650463 0.00729167 0.0138889 0.33909
0 0.475781 0.623148 0.00677083 0.012963 0.340129
0 0.616146 0.661111 0.00625 0.012963 0.344702
0 0.551042 0.897685 0.00625 0.012037 0.369215
0 0.56276 0.729167 0.00677083 0.012037 0.380327
0 0.722656 0.515741 0.00677083 0.0111111 0.381048
0 0.575521 0.459722 0.00625 0.012037 0.386263
0 0.66875 0.590741 0.00625 0.0111111 0.392771
0 0.694792 0.939815 0.00625 0.0111111 0.397134
0 0.698958 0.855556 0.00625 0.0111111 0.400072
0 0.741927 0.955556 0.00677083 0.0111111 0.424968
0 0.505469 0.881944 0.00677083 0.012037 0.43477
0 0.471354 0.703704 0.00729167 0.012963 0.434856
0 0.567969 0.551852 0.00677083 0.012963 0.447345
0 0.508854 0.798148 0.00625 0.0111111 0.456887
0 0.597917 0.911574 0.00625 0.012037 0.475358
0 0.646094 0.924074 0.00677083 0.0111111 0.49619
0 0.459896 0.867593 0.00625 0.0111111 0.500266
0 0.704948 0.770833 0.0078125 0.012037 0.536894
0 0.633594 0.403241 0.0078125 0.012037 0.536983
0 0.748177 0.870833 0.00677083 0.012037 0.560084
0 0.716146 0.601389 0.00729167 0.012037 0.588495
0 0.771354 0.529167 0.00729167 0.012037 0.588542
0 0.464844 0.784259 0.00677083 0.012963 0.591044
0 0.753385 0.784259 0.0078125 0.0111111 0.621865
0 0.467969 0.524074 0.00677083 0.0111111 0.623669
0 0.515625 0.538889 0.00729167 0.012963 0.629498
0 0.516406 0.43287 0.00677083 0.012037 0.64223
0 0.759635 0.699074 0.0078125 0.012963 0.64705
0 0.765625 0.61713 0.00729167 0.012037 0.657207
0 0.679948 0.417593 0.0078125 0.012963 0.667815
0 0.710938 0.684259 0.00833333 0.012963 0.668248
0 0.582031 0.371759 0.0078125 0.0138889 0.679452
0 0.463802 0.420833 0.0078125 0.012037 0.683973
0 0.729427 0.430556 0.00885417 0.0148148 0.714223
0 0.524219 0.339815 0.0078125 0.012963 0.723702
0 0.776302 0.443981 0.00885417 0.0138889 0.744648
0 0.469792 0.325463 0.00729167 0.0157407 0.758241
