0 0.481771 0.950463 0.00833333 0.0157407 0.256526
0 0.751562 0.637037 0.0104167 0.0203704 0.27221
0 0.550781 0.599537 0.0078125 0.0157407 0.276785
0 0.753125 0.546296 0.00833333 0.0185185 0.281369
0 0.476302 0.872685 0.00885417 0.0157407 0.300397
0 0.603646 0.584722 0.009375 0.0175926 0.308956
0 0.470052 0.798148 0.0078125 0.0148148 0.311441
0 0.4875 0.505093 0.0197917 0.0287037 0.31497
0 0.464063 0.721759 0.00729167 0.0138889 0.323436
0 0.496615 0.609259 0.0078125 0.0148148 0.34251
0 0.696875 0.335185 0.009375 0.0203704 0.354109
0 0.538542 0.49537 0.01875 0.0259259 0.356605
0 0.478125 0.392593 0.009375 0.0166667 0.359534
0 0.53151 0.381481 0.00885417 0.0166667 0.365462
0 0.585677 0.362037 0.0130208 0.0240741 0.372745
0 0.748698 0.318981 0.00885417 0.0175926 0.448196
0 0.421875 0.40787 0.009375 0.0175926 0.477583
0 0.426823 0.518056 0.0151042 0.0268519 0.483201
0 0.446615 0.627315 0.0130208 0.025 0.513013
