0 0.7125 0.372222 0.00729167 0.00925926 0.255264
0 0.596875 0.566204 0.00625 0.0101852 0.260503
0 0.703385 0.478704 0.00677083 0.00925926 0.262808
0 0.599479 0.472222 0.00729167 0.0111111 0.262944
0 0.477604 0.668981 0.00625 0.0101852 0.264021
0 0.430729 0.260648 0.00625 0.0101852 0.272938
0 0.484115 0.359259 0.00572917 0.0111111 0.282725
0 0.740104 0.569907 0.00625 0.0101852 0.285528
0 0.546354 0.259722 0.00729167 0.0101852 0.291172
0 0.767187 0.284259 0.00729167 0.0111111 0.29482
0 0.538281 0.752778 0.00677083 0.0111111 0.296889
0 0.542708 0.360185 0.00729167 0.00925926 0.322948
0 0.488021 0.258796 0.00625 0.0101852 0.330736
0 0.640885 0.739352 0.00572917 0.0101852 0.34274
0 0.420573 0.565278 0.00572917 0.0101852 0.366377
0 0.689323 0.739352 0.00677083 0.0101852 0.375481
0 0.605469 0.264815 0.0078125 0.0111111 0.398433
0 0.685677 0.821759 0.00677083 0.0101852 0.398953
0 0.736198 0.65463 0.00677083 0.0111111 0.413003
0 0.639323 0.825463 0.00677083 0.0101852 0.423637
0 0.594271 0.737963 0.00625 0.0111111 0.425955
0 0.753385 0.481019 0.00677083 0.0101852 0.431672
0 0.426042 0.356481 0.00625 0.0111111 0.447918
0 0.422396 0.461111 0.00625 0.0111111 0.457661
0 0.414844 0.773148 0.00572917 0.0111111 0.475356
0 0.734896 0.739352 0.00729167 0.0101852 0.489958
0 0.416406 0.669444 0.00677083 0.0111111 0.50541
0 0.601562 0.363426 0.00833333 0.012037 0.53046
0 0.766406 0.378704 0.00677083 0.0111111 0.533776
0 0.590885 0.828704 0.00677083 0.0111111 0.564767
0 0.535677 0.850926 0.00677083 0.0111111 0.579448
0 0.473958 0.773611 0.00729167 0.012037 0.59676
0 0.732552 0.825 0.0078125 0.012963 0.621488
