0 0.702865 0.555556 0.00572917 0.0111111 0.281461
0 0.734375 0.287037 0.00625 0.00925926 0.320577
0 0.78776 0.376852 0.00572917 0.00925926 0.335165
0 0.69349 0.288426 0.00677083 0.0101852 0.340971
0 0.784896 0.288426 0.00625 0.0101852 0.371891
0 0.650781 0.382407 0.00677083 0.0111111 0.402948
0 0.745833 0.554167 0.00625 0.0101852 0.438781
0 0.654948 0.291667 0.00677083 0.0111111 0.461663
0 0.793229 0.465741 0.00729167 0.0111111 0.516496
0 0.539844 0.256019 0.0078125 0.0138889 0.551299
0 0.706771 0.646759 0.00729167 0.012037 0.562391
0 0.66276 0.647685 0.00572917 0.012037 0.56464
0 0.472656 0.362963 0.00989583 0.012963 0.573142
0 0.754427 0.736111 0.0078125 0.0111111 0.580061
0 0.796354 0.550926 0.00833333 0.0111111 0.58697
0 0.710417 0.737037 0.00833333 0.012963 0.596092
0 0.752604 0.642593 0.00729167 0.0111111 0.596947
0 0.603906 0.560648 0.0078125 0.012037 0.600995
0 0.474219 0.4625 0.0078125 0.012037 0.619372
0 0.674219 0.825926 0.00885417 0.0148148 0.619469
0 0.542188 0.457407 0.00833333 0.0111111 0.623453
0 0.598177 0.4625 0.0078125 0.012037 0.624558
0 0.603646 0.270833 0.00833333 0.012037 0.632152
0 0.798698 0.643056 0.0078125 0.012037 0.636785
0 0.539844 0.360648 0.00885417 0.012037 0.637233
0 0.758073 0.825463 0.0078125 0.0138889 0.640997
0 0.80599 0.828704 0.00989583 0.0148148 0.646498
0 0.484115 0.766667 0.00677083 0.0111111 0.646553
0 0.6125 0.653241 0.00833333 0.0138889 0.648895
0 0.598177 0.362037 0.0078125 0.0148148 0.664125
0 0.47526 0.565741 0.00989583 0.012963 0.668428
0 0.469792 0.262037 0.00833333 0.012963 0.676141
0 0.616146 0.751852 0.009375 0.0148148 0.689336
0 0.804948 0.7375 0.0109375 0.0138889 0.690871
0 0.553125 0.659722 0.0114583 0.0138889 0.694739
0 0.715365 0.830093 0.00885417 0.0157407 0.697469
0 0.558594 0.763426 0.0078125 0.012037 0.702661
0 0.632031 0.841667 0.0078125 0.012963 0.70281
0 0.479948 0.662963 0.00885417 0.012963 0.707951
0 0.546875 0.5625 0.009375 0.0138889 0.720132
0 0.667448 0.737037 0.00989583 0.0166667 0.724626
0 0.564323 0.862037 0.0130208 0.0148148 0.749188
0 0.489583 0.86713 0.0125 0.0157407 0.783498
