0 0.499479 0.834259 0.00625 0.0111111 0.268645
0 0.758594 0.486111 0.00572917 0.0111111 0.290433
0 0.617969 0.775463 0.00572917 0.0101852 0.291014
0 0.655729 0.410648 0.0104167 0.0157407 0.303616
0 0.755729 0.399537 0.00729167 0.012037 0.312004
0 0.75026 0.226389 0.00677083 0.0138889 0.323059
0 0.752604 0.311574 0.00625 0.012037 0.327026
0 0.65026 0.238889 0.00677083 0.012963 0.331366
0 0.70599 0.40463 0.00677083 0.012963 0.333991
0 0.496875 0.73287 0.00625 0.0101852 0.337486
0 0.702083 0.318056 0.00625 0.012037 0.348796
0 0.484896 0.213889 0.00625 0.0111111 0.359499
0 0.699479 0.231944 0.00833333 0.0157407 0.363108
0 0.765885 0.663889 0.00677083 0.0111111 0.364491
0 0.763281 0.570833 0.00677083 0.012037 0.375392
0 0.665625 0.76713 0.00625 0.012037 0.378124
0 0.707812 0.493056 0.00625 0.012037 0.378736
0 0.714323 0.671296 0.00572917 0.0111111 0.381273
0 0.767448 0.751852 0.00572917 0.0111111 0.385257
0 0.435156 0.635648 0.00572917 0.0101852 0.38684
0 0.426302 0.228241 0.00677083 0.012037 0.387025
0 0.556771 0.612963 0.00625 0.0111111 0.407292
0 0.428906 0.430556 0.00572917 0.012963 0.409076
0 0.427604 0.327778 0.00625 0.012963 0.411507
0 0.432292 0.536111 0.00625 0.012963 0.417633
0 0.44375 0.843518 0.00625 0.012963 0.424341
0 0.5625 0.802778 0.00625 0.012963 0.429765
0 0.711719 0.580093 0.00677083 0.012037 0.43005
0 0.559896 0.708796 0.00625 0.012037 0.43213
0 0.438281 0.741204 0.00572917 0.012037 0.462499
0 0.716667 0.758796 0.00625 0.012037 0.488375
