0 0.667188 0.236111 0.00729167 0.012963 0.260362
0 0.676562 0.77037 0.00625 0.0111111 0.267994
0 0.404687 0.319444 0.00625 0.0111111 0.270672
0 0.76901 0.670833 0.00572917 0.0101852 0.28315
0 0.777604 0.760185 0.00625 0.0111111 0.286579
0 0.425521 0.526852 0.00520833 0.0111111 0.290326
0 0.448438 0.733333 0.00520833 0.0111111 0.309641
0 0.708073 0.585648 0.00677083 0.0101852 0.322383
0 0.727865 0.764815 0.00572917 0.0111111 0.341825
0 0.736719 0.405556 0.0078125 0.012963 0.351605
0 0.716667 0.231481 0.00625 0.0111111 0.35257
0 0.758333 0.579167 0.00729167 0.012037 0.358264
0 0.4625 0.836111 0.00729167 0.012963 0.380619
0 0.726302 0.317593 0.0078125 0.012963 0.388616
