0 0.46901 0.501389 0.0140625 0.0212963 0.275105
0 0.584115 0.381481 0.00885417 0.0166667 0.28642
0 0.528385 0.587037 0.00885417 0.0166667 0.319763
0 0.579427 0.481481 0.00989583 0.0185185 0.334367
0 0.58724 0.672685 0.00885417 0.0157407 0.341527
0 0.495833 0.844444 0.00833333 0.0148148 0.359004
0 0.542969 0.836111 0.00989583 0.0166667 0.360951
0 0.541406 0.756481 0.00885417 0.0148148 0.366671
0 0.49375 0.77037 0.009375 0.0148148 0.371306
0 0.53776 0.680556 0.00989583 0.0166667 0.379622
0 0.591406 0.750926 0.00885417 0.0148148 0.38325
0 0.686979 0.809722 0.00833333 0.0138889 0.388271
0 0.642708 0.901852 0.00729167 0.012963 0.400828
0 0.59375 0.914815 0.009375 0.0166667 0.40497
0 0.729948 0.718982 0.00677083 0.012037 0.407576
0 0.592969 0.833796 0.00989583 0.0157407 0.416688
0 0.689844 0.896296 0.0078125 0.012963 0.419115
0 0.579948 0.576389 0.00677083 0.0138889 0.429
0 0.496354 0.918056 0.00833333 0.0138889 0.431063
0 0.544271 0.915741 0.00833333 0.0148148 0.431256
0 0.728385 0.631481 0.00677083 0.0111111 0.441239
0 0.640625 0.820833 0.00833333 0.0138889 0.441415
0 0.640104 0.65463 0.0114583 0.0166667 0.459467
0 0.523698 0.38287 0.0109375 0.0175926 0.465086
0 0.685156 0.727778 0.00989583 0.0148148 0.468699
0 0.724479 0.459259 0.00729167 0.012963 0.471957
0 0.681771 0.559259 0.00833333 0.012963 0.473588
0 0.722656 0.372685 0.0078125 0.0138889 0.478867
0 0.679167 0.473148 0.00729167 0.012963 0.479743
0 0.634375 0.571296 0.00729167 0.0148148 0.4822
0 0.736458 0.8875 0.00729167 0.0138889 0.486181
0 0.727604 0.548148 0.00833333 0.012963 0.490196
0 0.732813 0.804167 0.00729167 0.012037 0.490398
0 0.632812 0.484259 0.00729167 0.0148148 0.496031
0 0.638021 0.740278 0.0114583 0.0175926 0.520961
0 0.773698 0.450926 0.0078125 0.012963 0.521062
0 0.782292 0.878241 0.00833333 0.0138889 0.530325
0 0.632812 0.394444 0.00833333 0.0185185 0.531871
0 0.770052 0.368981 0.00885417 0.0157407 0.542851
0 0.684115 0.643056 0.0119792 0.0157407 0.557663
0 0.781771 0.805093 0.009375 0.0138889 0.563393
0 0.676823 0.378704 0.00885417 0.0166667 0.564074
0 0.777344 0.623611 0.00885417 0.0138889 0.574603
0 0.77526 0.539815 0.00989583 0.0166667 0.581306
0 0.778906 0.713426 0.0119792 0.0175926 0.621567
