0 0.331771 0.798148 0.00833333 0.0111111 0.259768
0 0.335156 0.706019 0.0130208 0.0138889 0.29744
0 0.55651 0.615741 0.0078125 0.012963 0.298323
0 0.33724 0.506944 0.0078125 0.0138889 0.3361
0 0.468229 0.52963 0.00729167 0.012963 0.361996
0 0.459375 0.437037 0.00729167 0.012963 0.364306
0 0.507031 0.452778 0.0078125 0.012963 0.383208
0 0.556771 0.456019 0.00833333 0.0138889 0.386855
0 0.599219 0.548148 0.00989583 0.0148148 0.390779
0 0.55625 0.691667 0.00729167 0.0148148 0.403986
0 0.514844 0.687037 0.00989583 0.0185185 0.40538
0 0.473437 0.615278 0.009375 0.0157407 0.407118
0 0.555729 0.77037 0.00729167 0.0148148 0.409522
0 0.60599 0.468981 0.00677083 0.012037 0.420965
0 0.507031 0.327778 0.0078125 0.012963 0.42395
0 0.553385 0.536574 0.0109375 0.0194444 0.43536
0 0.399219 0.515278 0.00989583 0.0138889 0.438425
0 0.401302 0.70787 0.0109375 0.0175926 0.445385
0 0.515104 0.544444 0.0135417 0.0203704 0.447459
0 0.336458 0.406481 0.00729167 0.0148148 0.448624
0 0.465625 0.699074 0.00729167 0.0148148 0.450255
0 0.450781 0.318519 0.0078125 0.0148148 0.466529
0 0.6 0.764815 0.009375 0.0166667 0.474312
0 0.658333 0.48287 0.00833333 0.0138889 0.476498
0 0.599479 0.69213 0.00833333 0.0157407 0.478503
0 0.397396 0.410648 0.0104167 0.0175926 0.485554
0 0.465625 0.786574 0.00729167 0.0175926 0.486127
0 0.559375 0.340278 0.009375 0.0175926 0.496032
0 0.66224 0.373148 0.00989583 0.0148148 0.49808
0 0.331771 0.202315 0.00625 0.012037 0.501645
0 0.392448 0.30787 0.0078125 0.0138889 0.503296
0 0.598177 0.619907 0.00989583 0.0157407 0.508329
0 0.392969 0.204167 0.00677083 0.012037 0.515081
0 0.614062 0.235648 0.0104167 0.0212963 0.528329
0 0.451823 0.211574 0.00885417 0.0138889 0.536443
0 0.608854 0.340741 0.00833333 0.0148148 0.549121
0 0.404167 0.805093 0.0125 0.0212963 0.550837
0 0.657552 0.235185 0.0078125 0.0166667 0.564121
0 0.646354 0.625463 0.0135417 0.0212963 0.564292
0 0.33125 0.301389 0.009375 0.0194444 0.581502
0 0.514583 0.778704 0.0104167 0.0240741 0.595527
0 0.50625 0.216204 0.00833333 0.0157407 0.59653
0 0.559896 0.222685 0.0125 0.0212963 0.646468
