0 0.56875 0.75 0.00729167 0.0111111 0.373729
0 0.754948 0.451389 0.00989583 0.0212963 0.402291
0 0.746354 0.342593 0.009375 0.0166667 0.425396
0 0.521094 0.760185 0.0078125 0.012963 0.431058
0 0.763021 0.806944 0.00833333 0.0138889 0.441564
0 0.695312 0.348611 0.009375 0.0212963 0.456526
0 0.577083 0.828241 0.009375 0.012037 0.458491
0 0.514323 0.678241 0.00677083 0.012037 0.474727
0 0.757812 0.731481 0.00833333 0.0148148 0.478636
0 0.650521 0.476852 0.009375 0.0166667 0.481572
0 0.769792 0.884259 0.00833333 0.012963 0.483122
0 0.477083 0.360185 0.00729167 0.012963 0.492823
0 0.705729 0.57037 0.00729167 0.012963 0.495118
0 0.705729 0.45787 0.0135417 0.025 0.498819
0 0.655469 0.574074 0.00677083 0.012963 0.501603
0 0.610156 0.662963 0.0078125 0.012963 0.502124
0 0.717708 0.812037 0.00729167 0.0111111 0.502895
0 0.550781 0.584259 0.00677083 0.012963 0.518853
0 0.640365 0.35463 0.00885417 0.0203704 0.520513
0 0.561979 0.670833 0.00833333 0.0138889 0.52157
0 0.630469 0.902778 0.0078125 0.0111111 0.524646
0 0.580469 0.90787 0.0078125 0.012037 0.527509
0 0.705729 0.65787 0.00729167 0.012037 0.529209
0 0.478646 0.842593 0.00729167 0.012963 0.530016
0 0.495833 0.584722 0.00625 0.012037 0.533104
0 0.711979 0.733796 0.00729167 0.012037 0.538384
0 0.753646 0.572222 0.00833333 0.0166667 0.542411
0 0.672396 0.816204 0.00833333 0.012037 0.551226
0 0.484896 0.92037 0.00729167 0.012963 0.55409
0 0.466146 0.6875 0.00729167 0.012037 0.555711
0 0.62526 0.823148 0.00885417 0.0111111 0.560675
0 0.722656 0.891204 0.0078125 0.012037 0.561043
0 0.752604 0.661574 0.00833333 0.0157407 0.565986
0 0.676562 0.896296 0.00833333 0.012963 0.571248
0 0.604427 0.581019 0.0078125 0.0157407 0.579085
0 0.530729 0.835648 0.0114583 0.0175926 0.593083
0 0.539062 0.478704 0.0166667 0.0222222 0.594634
0 0.471094 0.766204 0.0078125 0.0138889 0.595854
0 0.59401 0.472222 0.0119792 0.0166667 0.609714
0 0.659375 0.661111 0.0125 0.0166667 0.610966
0 0.585677 0.355556 0.0109375 0.0203704 0.615323
0 0.665104 0.738889 0.0104167 0.0148148 0.615753
0 0.53099 0.3625 0.0078125 0.0138889 0.618048
0 0.61875 0.74537 0.0114583 0.0148148 0.628309
0 0.420573 0.369907 0.0078125 0.0138889 0.645706
0 0.447135 0.591667 0.00989583 0.0185185 0.646824
0 0.533594 0.913426 0.0078125 0.0157407 0.662875
0 0.485156 0.474537 0.0171875 0.025 0.687902
0 0.427344 0.478241 0.0119792 0.0212963 0.719134
