0 0.376042 0.34213 0.0145833 0.0194444 0.289233
0 0.438021 0.624537 0.00729167 0.0101852 0.40146
0 0.397135 0.408796 0.00677083 0.012037 0.432589
0 0.649219 0.247222 0.00885417 0.0166667 0.569277
0 0.377604 0.232407 0.00729167 0.0148148 0.609841
0 0.582292 0.625 0.00729167 0.0111111 0.615243
0 0.582292 0.703704 0.00729167 0.0111111 0.621794
0 0.540885 0.3625 0.00885417 0.0175926 0.628368
0 0.535937 0.703241 0.00729167 0.012037 0.632565
0 0.436719 0.546296 0.00885417 0.012963 0.63545
0 0.434115 0.459259 0.00572917 0.012963 0.638589
0 0.534375 0.783333 0.00729167 0.0111111 0.66839
0 0.340104 0.782407 0.00833333 0.0111111 0.672618
0 0.321094 0.22963 0.0078125 0.0148148 0.67295
0 0.486979 0.783333 0.00729167 0.0111111 0.677424
0 0.390104 0.547685 0.00833333 0.012037 0.679014
0 0.378906 0.451389 0.0078125 0.012037 0.682732
0 0.390104 0.630093 0.00833333 0.012037 0.685512
0 0.4875 0.625 0.00833333 0.0111111 0.687533
0 0.439583 0.704167 0.00833333 0.012037 0.691639
0 0.628385 0.704167 0.0078125 0.012037 0.692367
0 0.58151 0.550463 0.0078125 0.012037 0.696109
0 0.340365 0.629167 0.00885417 0.0138889 0.696525
0 0.339583 0.550926 0.00833333 0.012963 0.70255
0 0.485938 0.543519 0.009375 0.012963 0.704089
0 0.340885 0.70463 0.0078125 0.012963 0.705757
0 0.588802 0.462037 0.0078125 0.0111111 0.709624
0 0.436719 0.784259 0.0078125 0.0111111 0.710767
0 0.535937 0.624074 0.00833333 0.0111111 0.720119
0 0.580469 0.784259 0.0078125 0.0111111 0.721353
0 0.484375 0.2375 0.009375 0.0194444 0.721856
0 0.628125 0.78287 0.00833333 0.012037 0.725448
0 0.488021 0.705093 0.00729167 0.012037 0.736478
0 0.430469 0.237963 0.00885417 0.0166667 0.744521
0 0.535677 0.546759 0.0109375 0.0138889 0.749161
0 0.388802 0.781482 0.0078125 0.012963 0.751529
0 0.431771 0.350463 0.0135417 0.0194444 0.754192
0 0.391146 0.705093 0.00833333 0.0138889 0.754328
0 0.629167 0.630093 0.00833333 0.012037 0.764994
0 0.596354 0.24213 0.00833333 0.0175926 0.765156
0 0.486458 0.353704 0.009375 0.0148148 0.769548
0 0.538802 0.461111 0.00885417 0.012963 0.782773
0 0.486979 0.462037 0.00833333 0.012963 0.78521
0 0.636458 0.469907 0.00729167 0.0138889 0.79363
0 0.628385 0.559259 0.00885417 0.0148148 0.79678
0 0.316667 0.337037 0.0114583 0.0203704 0.798095
0 0.541927 0.24213 0.0078125 0.0157407 0.798393
0 0.649479 0.356944 0.009375 0.0194444 0.803158
0 0.328385 0.452315 0.0109375 0.0194444 0.828611
0 0.596354 0.35463 0.0125 0.0240741 0.860072
