0 0.708594 0.486111 0.00677083 0.0111111 0.251226
0 0.756771 0.4125 0.00625 0.0101852 0.286959
0 0.759896 0.324537 0.00729167 0.012037 0.335665
0 0.66276 0.565741 0.00677083 0.0111111 0.344247
0 0.70625 0.577315 0.00625 0.0101852 0.349747
0 0.664323 0.475926 0.00677083 0.0111111 0.391983
0 0.569271 0.238426 0.00729167 0.012037 0.429228
0 0.749219 0.589815 0.00572917 0.0111111 0.434382
0 0.659896 0.658796 0.00625 0.012037 0.439639
0 0.754948 0.500926 0.0078125 0.012963 0.463855
0 0.704427 0.668056 0.00677083 0.012037 0.506571
0 0.71276 0.402315 0.0078125 0.0138889 0.508383
0 0.810156 0.3375 0.00677083 0.012037 0.510426
0 0.749479 0.676389 0.00729167 0.012037 0.521383
0 0.805729 0.424537 0.00625 0.0101852 0.526825
0 0.80026 0.599537 0.00677083 0.012037 0.52917
0 0.667969 0.394907 0.00677083 0.012037 0.536266
0 0.497135 0.229167 0.00885417 0.0157407 0.554967
0 0.745573 0.768519 0.0078125 0.012963 0.564542
0 0.629948 0.270833 0.0078125 0.0138889 0.574432
0 0.741146 0.858333 0.00833333 0.0148148 0.574705
0 0.719792 0.312963 0.00833333 0.012963 0.592435
0 0.697917 0.850926 0.009375 0.0148148 0.600386
0 0.547656 0.746296 0.0078125 0.0111111 0.604266
0 0.610156 0.45787 0.0078125 0.0138889 0.605498
0 0.796094 0.689815 0.00885417 0.012963 0.612215
0 0.486198 0.425926 0.00885417 0.012963 0.623759
0 0.473437 0.727778 0.00729167 0.012963 0.627146
0 0.679948 0.306019 0.0078125 0.0138889 0.631715
0 0.659375 0.836111 0.009375 0.0166667 0.631726
0 0.795052 0.784722 0.0109375 0.0157407 0.632675
0 0.658854 0.746759 0.009375 0.0175926 0.633073
0 0.700781 0.75787 0.00989583 0.0157407 0.641851
0 0.614583 0.841204 0.00833333 0.0138889 0.643051
0 0.555208 0.438889 0.00833333 0.012963 0.646118
0 0.610156 0.651852 0.00885417 0.012963 0.647503
0 0.804948 0.514352 0.00989583 0.0157407 0.651239
0 0.790104 0.873148 0.0104167 0.0166667 0.665216
0 0.480208 0.526389 0.009375 0.0138889 0.667118
0 0.616667 0.358796 0.00833333 0.0157407 0.669787
0 0.60651 0.749537 0.00885417 0.0138889 0.670474
0 0.492448 0.325926 0.0119792 0.0166667 0.670894
0 0.55 0.64213 0.0114583 0.0138889 0.68375
0 0.475781 0.623611 0.00989583 0.0138889 0.69651
0 0.552344 0.543519 0.0109375 0.0148148 0.70774
0 0.559375 0.341667 0.0104167 0.0148148 0.708456
0 0.608333 0.556944 0.0104167 0.0157407 0.71997
0 0.546354 0.843056 0.0135417 0.0175926 0.750082
0 0.471094 0.827315 0.0130208 0.0175926 0.757268
