0 0.558073 0.753241 0.0078125 0.0101852 0.512992
0 0.511719 0.77037 0.00885417 0.012963 0.615881
0 0.561458 0.831944 0.009375 0.012037 0.641483
0 0.491927 0.373148 0.0078125 0.0148148 0.650603
0 0.508854 0.685648 0.00729167 0.012037 0.658358
0 0.553125 0.590278 0.00729167 0.012037 0.658407
0 0.497917 0.59213 0.00729167 0.012037 0.662037
0 0.606771 0.665278 0.00833333 0.012037 0.672673
0 0.752344 0.877315 0.0078125 0.012037 0.673577
0 0.46276 0.92963 0.0078125 0.012963 0.681881
0 0.703385 0.886574 0.0078125 0.012037 0.69668
0 0.460156 0.698611 0.0078125 0.012037 0.705576
0 0.436719 0.37963 0.0078125 0.0148148 0.710088
0 0.46224 0.852315 0.00885417 0.0138889 0.71016
0 0.749219 0.656944 0.0078125 0.0157407 0.711129
0 0.513021 0.840741 0.009375 0.0148148 0.719295
0 0.5125 0.92037 0.00833333 0.012963 0.726081
0 0.702604 0.653704 0.00729167 0.0111111 0.727429
0 0.657031 0.89537 0.0078125 0.012963 0.728133
0 0.703906 0.808333 0.0078125 0.0111111 0.728221
0 0.557292 0.675926 0.009375 0.0148148 0.730541
0 0.460677 0.776852 0.0078125 0.012963 0.733168
0 0.610937 0.824537 0.009375 0.012037 0.733289
0 0.610156 0.904167 0.0078125 0.012037 0.735059
0 0.660937 0.473611 0.00833333 0.0157407 0.738587
0 0.750521 0.800926 0.00729167 0.012963 0.739048
0 0.657552 0.814815 0.00885417 0.012963 0.739404
0 0.560156 0.9125 0.0078125 0.012037 0.745782
0 0.548437 0.48287 0.015625 0.0194444 0.748208
0 0.703385 0.731019 0.0078125 0.012037 0.750777
0 0.708854 0.565741 0.00729167 0.0111111 0.753238
0 0.658854 0.573611 0.00833333 0.0138889 0.758773
0 0.49401 0.485185 0.0182292 0.0259259 0.764214
0 0.548958 0.369907 0.00833333 0.0175926 0.766166
0 0.65651 0.659259 0.0109375 0.0148148 0.768537
0 0.448177 0.602778 0.0109375 0.0203704 0.771112
0 0.609635 0.748611 0.0109375 0.0138889 0.773705
0 0.765365 0.34213 0.00885417 0.0175926 0.776295
0 0.75599 0.566667 0.0078125 0.0148148 0.776307
0 0.750521 0.726389 0.00833333 0.0157407 0.776605
0 0.60625 0.58287 0.00833333 0.0157407 0.780553
0 0.657552 0.7375 0.0109375 0.0138889 0.793505
0 0.604167 0.476389 0.0104167 0.0157407 0.805269
0 0.659635 0.355093 0.0078125 0.0175926 0.812386
0 0.436458 0.491667 0.0125 0.0240741 0.823868
0 0.603906 0.359722 0.0109375 0.0231481 0.828901
0 0.714583 0.456944 0.0135417 0.025 0.838781
0 0.7125 0.349074 0.009375 0.0203704 0.846881
0 0.767187 0.448611 0.0104167 0.0212963 0.852311
