0 0.654948 0.55 0.00677083 0.0111111 0.302277
0 0.738802 0.44537 0.00677083 0.0111111 0.315312
0 0.771094 0.262037 0.00677083 0.0111111 0.344011
0 0.679948 0.276389 0.0078125 0.012037 0.374495
0 0.778125 0.351389 0.00625 0.0101852 0.38389
0 0.682292 0.818519 0.009375 0.0166667 0.389438
0 0.641667 0.377315 0.00729167 0.0101852 0.393419
0 0.699219 0.542593 0.00572917 0.0111111 0.410827
0 0.743229 0.536111 0.00625 0.0111111 0.416894
0 0.792708 0.524074 0.00729167 0.0111111 0.507418
0 0.642187 0.285648 0.00625 0.012037 0.518451
0 0.752865 0.622222 0.00677083 0.0111111 0.520651
0 0.714063 0.722222 0.009375 0.0148148 0.541676
0 0.765365 0.80463 0.00885417 0.0148148 0.554508
0 0.758073 0.715741 0.0078125 0.012963 0.567557
0 0.786719 0.439352 0.00885417 0.0138889 0.586356
0 0.591927 0.464815 0.0078125 0.0111111 0.589018
0 0.663802 0.641667 0.00677083 0.012963 0.589171
0 0.58776 0.362037 0.0078125 0.012963 0.597263
0 0.601562 0.563426 0.00833333 0.012037 0.598243
0 0.468229 0.482407 0.00833333 0.012963 0.611665
0 0.463542 0.381944 0.0104167 0.0138889 0.624816
0 0.798698 0.615278 0.00885417 0.012037 0.625872
0 0.708333 0.633333 0.00833333 0.012963 0.627278
0 0.590104 0.274537 0.00833333 0.012037 0.643362
0 0.813021 0.8 0.0104167 0.0185185 0.646497
0 0.614062 0.655093 0.00833333 0.0138889 0.653733
0 0.528385 0.268981 0.0078125 0.0138889 0.658004
0 0.565104 0.773611 0.00833333 0.012037 0.663571
0 0.45625 0.283796 0.00729167 0.0138889 0.664761
0 0.808333 0.709722 0.0104167 0.0138889 0.668256
0 0.722656 0.816204 0.00989583 0.0175926 0.674637
0 0.554167 0.669907 0.0104167 0.0157407 0.67473
0 0.491146 0.7875 0.00729167 0.012037 0.675894
0 0.671615 0.72963 0.00885417 0.0166667 0.677881
0 0.641406 0.841204 0.0078125 0.0138889 0.68091
0 0.528906 0.37037 0.00885417 0.012963 0.688408
0 0.482031 0.684259 0.00885417 0.012963 0.715479
0 0.472135 0.588426 0.00989583 0.012037 0.716672
0 0.535937 0.471296 0.00833333 0.012963 0.716959
0 0.621615 0.752778 0.00989583 0.0148148 0.730249
0 0.544792 0.574074 0.00833333 0.0148148 0.731414
0 0.49974 0.887037 0.0109375 0.0166667 0.796559
0 0.573698 0.870833 0.0109375 0.0157407 0.800602
