0 0.633073 0.741204 0.0078125 0.0138889 0.254289
0 0.459635 0.625926 0.00677083 0.012963 0.256582
0 0.596094 0.843982 0.00677083 0.012037 0.260846
0 0.654688 0.910648 0.00625 0.012037 0.264125
0 0.679688 0.726852 0.00833333 0.012963 0.265403
0 0.508333 0.607407 0.00729167 0.012963 0.273193
0 0.670833 0.641204 0.00729167 0.012037 0.274927
0 0.436979 0.531018 0.009375 0.0157407 0.275519
0 0.549479 0.859259 0.00625 0.0111111 0.277033
0 0.749219 0.875463 0.00677083 0.012037 0.27896
0 0.489062 0.506944 0.00833333 0.0138889 0.280059
0 0.541146 0.775463 0.00833333 0.0138889 0.285375
0 0.53099 0.69213 0.00677083 0.012037 0.289372
0 0.591146 0.406481 0.00833333 0.012963 0.289613
0 0.65026 0.474537 0.0078125 0.012037 0.292952
0 0.644271 0.825926 0.00729167 0.012963 0.294844
0 0.586979 0.758796 0.00833333 0.0138889 0.296683
0 0.638021 0.39213 0.00833333 0.0138889 0.298485
0 0.486719 0.711574 0.00885417 0.0138889 0.310056
0 0.548177 0.496296 0.0078125 0.012963 0.311514
0 0.796615 0.860648 0.00677083 0.012037 0.321094
0 0.738021 0.79213 0.00625 0.012037 0.327073
0 0.560938 0.941204 0.00625 0.012037 0.328472
0 0.42474 0.436574 0.00885417 0.0157407 0.331618
0 0.660937 0.559259 0.009375 0.0148148 0.334927
0 0.696875 0.456481 0.00729167 0.012963 0.347371
0 0.516667 0.956481 0.00625 0.0111111 0.348285
0 0.478385 0.416204 0.00885417 0.0157407 0.351743
0 0.775 0.692593 0.00625 0.0111111 0.355597
0 0.706771 0.541667 0.00833333 0.0148148 0.35968
0 0.744531 0.439815 0.00677083 0.0111111 0.364353
0 0.538802 0.408333 0.0078125 0.012963 0.367247
0 0.786979 0.777778 0.00833333 0.012963 0.373022
0 0.716927 0.625463 0.0078125 0.012037 0.383913
0 0.754687 0.524537 0.00729167 0.012037 0.384233
0 0.765104 0.60787 0.00729167 0.0138889 0.398469
0 0.68724 0.372685 0.00885417 0.0157407 0.408335
0 0.734375 0.355093 0.00833333 0.0157407 0.454867
