0 0.653125 0.248611 0.00833333 0.0157407 0.307195
0 0.397135 0.409259 0.0078125 0.012963 0.440209
0 0.376042 0.34213 0.015625 0.0194444 0.449529
0 0.4375 0.624074 0.00729167 0.0111111 0.517457
0 0.65 0.249074 0.00833333 0.0166667 0.597839
0 0.436979 0.544444 0.009375 0.012963 0.598717
0 0.486458 0.540741 0.009375 0.012963 0.620053
0 0.582031 0.703704 0.0078125 0.0111111 0.621144
0 0.535937 0.703704 0.00729167 0.0111111 0.640961
0 0.377865 0.233333 0.0078125 0.0148148 0.650918
0 0.340625 0.782407 0.00833333 0.0111111 0.663319
0 0.434115 0.458333 0.00677083 0.0111111 0.667711
0 0.541406 0.363889 0.0078125 0.0166667 0.670075
0 0.48724 0.783333 0.0078125 0.0111111 0.671686
0 0.582031 0.625463 0.0078125 0.0101852 0.671987
0 0.390104 0.630093 0.00833333 0.012037 0.672663
0 0.534375 0.783333 0.00729167 0.0111111 0.680189
0 0.436719 0.783796 0.0078125 0.012037 0.685662
0 0.340885 0.70463 0.0078125 0.012963 0.696003
0 0.339844 0.551389 0.0078125 0.012037 0.696786
0 0.439323 0.704167 0.0078125 0.012037 0.698088
0 0.378646 0.451389 0.00729167 0.012037 0.700384
0 0.389323 0.547222 0.00885417 0.012963 0.700612
0 0.320833 0.22963 0.00833333 0.0148148 0.702161
0 0.628385 0.704167 0.0078125 0.012037 0.704808
0 0.340365 0.62963 0.00885417 0.012963 0.708709
0 0.391146 0.70463 0.00833333 0.012963 0.712383
0 0.588802 0.462037 0.0078125 0.0111111 0.728716
0 0.48776 0.625463 0.00885417 0.012037 0.729686
0 0.48776 0.705093 0.0078125 0.012037 0.733566
0 0.58151 0.55 0.0078125 0.0111111 0.734408
0 0.535677 0.545833 0.0109375 0.0138889 0.7392
0 0.580208 0.783796 0.00833333 0.012037 0.739713
0 0.484375 0.238426 0.009375 0.0194444 0.742836
0 0.628385 0.782407 0.00885417 0.0111111 0.743503
0 0.388542 0.782407 0.00833333 0.012963 0.744599
0 0.431771 0.350926 0.0125 0.0185185 0.74949
0 0.536198 0.624537 0.00885417 0.012037 0.751167
0 0.430208 0.237963 0.00833333 0.0166667 0.756851
0 0.629167 0.630093 0.00833333 0.012037 0.769809
0 0.486458 0.353704 0.009375 0.0148148 0.774153
0 0.538542 0.461111 0.00833333 0.012963 0.776512
0 0.64974 0.357407 0.00885417 0.0185185 0.779661
0 0.636979 0.47037 0.00729167 0.012963 0.787974
0 0.48776 0.4625 0.00885417 0.0138889 0.800096
0 0.316667 0.337037 0.0114583 0.0203704 0.804589
0 0.597396 0.243519 0.00833333 0.0185185 0.811499
0 0.628125 0.559722 0.009375 0.0157407 0.811712
0 0.329167 0.452778 0.0114583 0.0185185 0.823862
0 0.542188 0.24213 0.00729167 0.0175926 0.835789
0 0.596354 0.355093 0.0114583 0.0231481 0.854318
