0 0.70625 0.641204 0.00729167 0.012037 0.255513
0 0.613021 0.655093 0.00833333 0.0138889 0.276679
0 0.798698 0.634722 0.00677083 0.012037 0.276817
0 0.561458 0.768056 0.00729167 0.012037 0.284678
0 0.79349 0.543056 0.00677083 0.012037 0.284813
0 0.756771 0.729167 0.00729167 0.012037 0.28669
0 0.710677 0.731944 0.00885417 0.0138889 0.29428
0 0.590104 0.362963 0.009375 0.0148148 0.300443
0 0.788542 0.458796 0.00833333 0.0138889 0.311833
0 0.594271 0.462037 0.00729167 0.012963 0.322669
0 0.761458 0.818056 0.00833333 0.0138889 0.324201
0 0.646875 0.289352 0.00729167 0.012037 0.32562
0 0.553385 0.662963 0.00885417 0.012963 0.326042
0 0.685938 0.283796 0.00729167 0.012037 0.332831
0 0.602083 0.560648 0.00833333 0.0138889 0.34302
0 0.806771 0.727315 0.0104167 0.0157407 0.346763
0 0.810156 0.819907 0.00885417 0.0157407 0.354599
0 0.488281 0.773611 0.00677083 0.0138889 0.358948
0 0.464323 0.268056 0.0078125 0.0138889 0.360847
0 0.569531 0.866204 0.0119792 0.0157407 0.362676
0 0.471615 0.469907 0.00885417 0.012037 0.370608
0 0.53151 0.258333 0.00677083 0.0111111 0.371273
0 0.717969 0.825926 0.00885417 0.0148148 0.373409
0 0.539062 0.460648 0.00729167 0.012037 0.375762
0 0.48125 0.669907 0.00833333 0.0138889 0.378626
0 0.595312 0.27037 0.00729167 0.012963 0.385902
0 0.46875 0.369444 0.0104167 0.0148148 0.393255
0 0.533594 0.364815 0.0078125 0.012963 0.393941
0 0.474219 0.572685 0.0078125 0.012037 0.419225
0 0.636979 0.84213 0.00833333 0.0138889 0.420091
0 0.545833 0.566667 0.00833333 0.012963 0.446463
0 0.495573 0.873611 0.00989583 0.0157407 0.447478
