0 0.670573 0.336574 0.00572917 0.0101852 0.261109
0 0.558073 0.497685 0.00572917 0.0101852 0.285523
0 0.508333 0.18287 0.00625 0.0101852 0.304916
0 0.621875 0.32963 0.00625 0.0111111 0.32086
0 0.491146 0.702315 0.00520833 0.0101852 0.323678
0 0.713542 0.515741 0.00625 0.0111111 0.341451
0 0.764844 0.522685 0.00572917 0.0101852 0.350097
0 0.502083 0.287037 0.00625 0.0111111 0.351859
0 0.654948 0.778241 0.00572917 0.0101852 0.359081
0 0.76224 0.699537 0.00677083 0.012037 0.363662
0 0.551042 0.7875 0.00520833 0.0101852 0.363755
0 0.709635 0.694444 0.00572917 0.0111111 0.374283
0 0.667708 0.421296 0.00729167 0.012963 0.377026
0 0.771094 0.260648 0.00677083 0.0101852 0.397246
0 0.43125 0.798611 0.00729167 0.0101852 0.411661
0 0.71849 0.339352 0.00677083 0.012037 0.413792
0 0.717448 0.426852 0.00677083 0.012963 0.435679
0 0.764063 0.608796 0.00729167 0.012037 0.455434
0 0.76901 0.347222 0.00677083 0.0111111 0.458422
0 0.758333 0.789815 0.00625 0.0111111 0.464765
0 0.765885 0.434259 0.00677083 0.0111111 0.471716
0 0.706771 0.78287 0.00625 0.012037 0.511271
0 0.672135 0.249074 0.00677083 0.0111111 0.529538
0 0.721094 0.252778 0.0078125 0.012963 0.553115
0 0.435417 0.589815 0.00625 0.0111111 0.554835
0 0.45026 0.181944 0.0078125 0.012037 0.569402
0 0.440625 0.384722 0.00625 0.0101852 0.59997
0 0.432552 0.696296 0.00572917 0.0111111 0.603683
0 0.43724 0.489352 0.00677083 0.012037 0.621351
0 0.445573 0.28287 0.00677083 0.012037 0.643945
