0 0.667969 0.366204 0.0109375 0.0212963 0.253769
0 0.555729 0.655556 0.0104167 0.0166667 0.257533
0 0.603646 0.660185 0.0104167 0.0166667 0.259947
0 0.503125 0.80787 0.0104167 0.0175926 0.263491
0 0.597135 0.898148 0.00885417 0.0148148 0.265676
0 0.721354 0.484722 0.0166667 0.0287037 0.265863
0 0.65026 0.748148 0.0109375 0.0166667 0.269852
0 0.504427 0.733333 0.0078125 0.0148148 0.272141
0 0.69349 0.83287 0.00885417 0.0138889 0.273569
0 0.46875 0.476389 0.0197917 0.0305556 0.276938
0 0.74375 0.765741 0.009375 0.0166667 0.282519
0 0.698438 0.67963 0.00833333 0.0166667 0.284831
0 0.449479 0.546296 0.0125 0.0240741 0.285233
0 0.602344 0.74213 0.0119792 0.0175926 0.292869
0 0.775781 0.385648 0.00885417 0.0175926 0.294775
0 0.600521 0.819907 0.009375 0.0138889 0.301277
0 0.647917 0.825463 0.00833333 0.0138889 0.304042
0 0.740625 0.840741 0.00833333 0.0148148 0.305494
0 0.696875 0.756019 0.00833333 0.0157407 0.306369
0 0.756771 0.607407 0.009375 0.0185185 0.309365
0 0.738542 0.916667 0.009375 0.0166667 0.321059
0 0.454167 0.727315 0.00729167 0.0138889 0.324239
0 0.745573 0.694907 0.00989583 0.0194444 0.325256
0 0.652344 0.668981 0.0109375 0.0175926 0.332362
0 0.452604 0.802778 0.009375 0.0166667 0.337961
0 0.658333 0.584259 0.00833333 0.0148148 0.346343
0 0.709115 0.593982 0.0078125 0.0157407 0.364507
