0 0.666927 0.417593 0.00677083 0.0111111 0.254962
0 0.549479 0.793981 0.00520833 0.0101852 0.302374
0 0.771615 0.247222 0.00572917 0.0111111 0.320625
0 0.71849 0.331019 0.00572917 0.0101852 0.327179
0 0.717969 0.418519 0.00677083 0.0111111 0.337918
0 0.76224 0.6875 0.00572917 0.0101852 0.345447
0 0.721094 0.245833 0.00572917 0.0101852 0.347382
0 0.766927 0.421759 0.00572917 0.0101852 0.379879
0 0.70651 0.774074 0.00572917 0.0111111 0.394432
0 0.758073 0.778241 0.00572917 0.0101852 0.419764
0 0.490104 0.713426 0.00520833 0.0101852 0.421858
0 0.449479 0.19537 0.00625 0.0111111 0.44606
0 0.770052 0.335185 0.00677083 0.0111111 0.453487
0 0.43099 0.711111 0.00572917 0.0111111 0.512813
0 0.764583 0.594444 0.00729167 0.012963 0.534768
0 0.43724 0.50463 0.00677083 0.0111111 0.549962
0 0.440365 0.399074 0.00572917 0.0111111 0.592913
0 0.434375 0.605556 0.00625 0.0111111 0.626141
0 0.445312 0.297685 0.00625 0.012037 0.676736
