0 0.534896 0.355093 0.0104167 0.0157407 0.255381
0 0.536458 0.65463 0.00729167 0.012963 0.255395
0 0.535677 0.892593 0.00677083 0.012963 0.257523
0 0.488281 0.732407 0.00885417 0.0148148 0.266427
0 0.730469 0.400463 0.00677083 0.0138889 0.276007
0 0.488281 0.881481 0.00677083 0.0111111 0.278924
0 0.528385 0.559722 0.0078125 0.0138889 0.286202
0 0.773958 0.919907 0.00729167 0.012037 0.286734
0 0.53776 0.732407 0.0078125 0.012963 0.2875
0 0.488802 0.806481 0.0078125 0.012963 0.293854
0 0.778646 0.493981 0.00729167 0.012037 0.293944
0 0.639323 0.396759 0.00885417 0.0175926 0.30072
0 0.633333 0.74213 0.009375 0.0138889 0.303275
0 0.684375 0.394907 0.00833333 0.0175926 0.326454
0 0.776302 0.849074 0.0078125 0.012963 0.339239
0 0.777083 0.582407 0.00833333 0.012963 0.344133
0 0.777344 0.410185 0.0078125 0.0148148 0.359335
0 0.777083 0.666667 0.00833333 0.012963 0.361451
0 0.776302 0.756481 0.00989583 0.0148148 0.406666
