0 0.503125 0.744444 0.00729167 0.0111111 0.592464
0 0.552083 0.738889 0.00729167 0.0111111 0.621508
0 0.501562 0.564352 0.00729167 0.012037 0.65332
0 0.549479 0.820833 0.009375 0.0138889 0.654846
0 0.555729 0.574074 0.00625 0.012963 0.666099
0 0.507031 0.662037 0.0078125 0.0111111 0.67839
0 0.453385 0.742593 0.0078125 0.012963 0.678924
0 0.670052 0.47963 0.0078125 0.0148148 0.6871
0 0.597396 0.822685 0.00833333 0.012037 0.695928
0 0.780208 0.372685 0.00833333 0.0157407 0.710888
0 0.457031 0.663889 0.0078125 0.012963 0.712172
0 0.446094 0.89537 0.00885417 0.012963 0.7129
0 0.555469 0.663889 0.00885417 0.012963 0.714309
0 0.685677 0.906018 0.0078125 0.012037 0.714952
0 0.501823 0.818981 0.0119792 0.0175926 0.716488
0 0.696094 0.75 0.0078125 0.012963 0.721889
0 0.593229 0.902315 0.00833333 0.0138889 0.723157
0 0.543229 0.9 0.00833333 0.0148148 0.723814
0 0.604688 0.662037 0.009375 0.012963 0.728333
0 0.690885 0.826389 0.0078125 0.012037 0.737146
0 0.49375 0.897222 0.00833333 0.0148148 0.739317
0 0.645312 0.823611 0.009375 0.012037 0.74105
0 0.639323 0.904167 0.00885417 0.012037 0.742258
0 0.733594 0.906482 0.00885417 0.012963 0.742621
0 0.454427 0.341667 0.0078125 0.0148148 0.745199
0 0.510677 0.343981 0.0078125 0.0138889 0.746997
0 0.601302 0.744444 0.0119792 0.0148148 0.747016
0 0.450521 0.818056 0.009375 0.0157407 0.749843
0 0.776823 0.476389 0.00885417 0.0194444 0.751702
0 0.649219 0.745833 0.0109375 0.0138889 0.751899
0 0.565104 0.354167 0.00833333 0.0157407 0.752465
0 0.711458 0.585185 0.00729167 0.012963 0.759403
0 0.699479 0.673611 0.00833333 0.0138889 0.770693
0 0.741927 0.755093 0.0078125 0.0138889 0.771507
0 0.7375 0.829167 0.00833333 0.0138889 0.7762
0 0.613802 0.472685 0.00989583 0.0157407 0.783418
0 0.503906 0.455556 0.0182292 0.0240741 0.785828
0 0.660417 0.581481 0.00833333 0.012963 0.786861
0 0.652865 0.668056 0.00989583 0.0157407 0.796262
0 0.620052 0.35463 0.00989583 0.0203704 0.796354
0 0.609896 0.579167 0.00833333 0.0157407 0.798776
0 0.758854 0.597685 0.00729167 0.0157407 0.79927
0 0.451302 0.563426 0.0119792 0.0212963 0.800983
0 0.559115 0.468056 0.0151042 0.0212963 0.803878
0 0.745052 0.685648 0.00885417 0.0175926 0.816367
0 0.729688 0.367593 0.009375 0.0203704 0.8224
0 0.67474 0.364352 0.00885417 0.0194444 0.832147
0 0.723958 0.475463 0.0135417 0.025 0.832832
0 0.446875 0.451389 0.0125 0.0231481 0.84122
