0 0.675728 0.170676 0.009170 0.015576
0 0.617206 0.196287 0.008764 0.016297
0 0.561997 0.227521 0.009704 0.015805
0 0.506288 0.250919 0.012749 0.023380
0 0.449003 0.283548 0.010608 0.022462
0 0.394023 0.308142 0.010608 0.022462
0 0.340446 0.332638 0.009429 0.017477
0 0.354765 0.442223 0.010203 0.023182
0 0.383530 0.560200 0.009023 0.018199
0 0.404831 0.646159 0.010221 0.019608
0 0.414508 0.719495 0.009170 0.015576
0 0.426049 0.794042 0.008376 0.013444
0 0.435091 0.875197 0.007970 0.014165
0 0.408462 0.420694 0.017270 0.030692
0 0.466006 0.404558 0.010221 0.019608
0 0.523559 0.371816 0.012897 0.020757
0 0.579211 0.345926 0.019299 0.027085
0 0.635501 0.312216 0.021549 0.032528
0 0.692370 0.282784 0.014335 0.027642
0 0.697824 0.404221 0.013285 0.023610
0 0.646000 0.424947 0.007564 0.014887
0 0.590458 0.455821 0.008099 0.015116
0 0.536733 0.483399 0.009281 0.020101
0 0.483239 0.504339 0.009298 0.016527
0 0.431194 0.529687 0.006900 0.013706
0 0.701146 0.509970 0.008376 0.013444
0 0.711323 0.591142 0.007288 0.016559
0 0.722384 0.668411 0.010627 0.018888
0 0.732698 0.748516 0.010368 0.016985
0 0.648548 0.524989 0.008229 0.016067
0 0.599176 0.549191 0.011697 0.019346
0 0.548634 0.566851 0.008764 0.016297
0 0.498654 0.592822 0.013707 0.019314
0 0.451895 0.615400 0.007970 0.014165
0 0.462283 0.693965 0.007564 0.014887
0 0.473003 0.772890 0.007048 0.011082
0 0.485781 0.854455 0.009317 0.012951
0 0.534478 0.831549 0.010110 0.015083
0 0.519551 0.752920 0.010775 0.016265
0 0.509578 0.671157 0.012232 0.019577
0 0.580951 0.813119 0.008376 0.013444
0 0.569706 0.732407 0.007582 0.011313
0 0.558322 0.652760 0.012638 0.018855
0 0.610441 0.625870 0.006919 0.010132
0 0.620137 0.709763 0.009187 0.012001
0 0.632647 0.791442 0.006900 0.013706
0 0.661371 0.611064 0.010110 0.015083
0 0.667939 0.692776 0.013026 0.021708
0 0.683079 0.768798 0.010350 0.020560
