0 0.677083 0.477315 0.00625 0.0101852 0.329724
0 0.721354 0.47037 0.00625 0.00925926 0.359028
0 0.527083 0.57963 0.009375 0.0148148 0.372929
0 0.504948 0.675463 0.0109375 0.0175926 0.401688
0 0.520573 0.475463 0.00989583 0.0175926 0.410444
0 0.588021 0.667593 0.00625 0.0111111 0.431556
0 0.726302 0.560185 0.00677083 0.0111111 0.446146
0 0.71875 0.383333 0.00625 0.0111111 0.447442
0 0.680729 0.565741 0.00729167 0.0111111 0.467565
0 0.579687 0.377778 0.00833333 0.0148148 0.472322
0 0.728906 0.642593 0.00677083 0.0111111 0.491788
0 0.732031 0.730093 0.00677083 0.0101852 0.494583
0 0.544271 0.749537 0.00729167 0.012037 0.510815
0 0.736719 0.816667 0.00677083 0.0111111 0.541545
0 0.639063 0.655093 0.00833333 0.012037 0.542237
0 0.546875 0.827315 0.00729167 0.012037 0.543284
0 0.496094 0.756944 0.0078125 0.0138889 0.552517
0 0.644792 0.823148 0.00729167 0.0111111 0.555271
0 0.597135 0.831019 0.0078125 0.012037 0.574292
0 0.629427 0.485648 0.00677083 0.012037 0.577404
0 0.691667 0.818056 0.00729167 0.012037 0.587207
0 0.770833 0.468519 0.00729167 0.0111111 0.587926
0 0.5 0.831019 0.00729167 0.0138889 0.588286
0 0.502344 0.904167 0.0078125 0.012037 0.607284
0 0.592448 0.748611 0.0078125 0.012037 0.609096
0 0.694531 0.905093 0.00677083 0.012037 0.610504
0 0.741927 0.901389 0.00677083 0.012037 0.616752
0 0.538542 0.67037 0.00833333 0.0148148 0.617132
0 0.633594 0.573148 0.00677083 0.0111111 0.619392
0 0.68724 0.735185 0.00885417 0.012963 0.63355
0 0.578125 0.571759 0.00729167 0.012037 0.636672
0 0.777083 0.641204 0.00833333 0.0138889 0.637046
0 0.786979 0.896296 0.00833333 0.012963 0.642926
0 0.765104 0.384722 0.00729167 0.0138889 0.645096
0 0.684635 0.649537 0.00885417 0.012037 0.647853
0 0.648698 0.905556 0.00677083 0.0111111 0.652203
0 0.773958 0.55787 0.0104167 0.0138889 0.656438
0 0.51849 0.371296 0.00885417 0.0166667 0.658903
0 0.599479 0.9125 0.00729167 0.012037 0.670758
0 0.672396 0.383333 0.00729167 0.012963 0.672246
0 0.577865 0.478241 0.0078125 0.0138889 0.678749
0 0.54974 0.908333 0.0078125 0.012963 0.678886
0 0.627604 0.394444 0.00833333 0.0148148 0.680423
0 0.786198 0.824537 0.00885417 0.0138889 0.716574
0 0.640104 0.74213 0.009375 0.0138889 0.730374
0 0.78125 0.731944 0.0114583 0.0157407 0.751675
