0 0.501302 0.698148 0.0109375 0.0203704 0.254906
0 0.526563 0.594444 0.009375 0.0203704 0.261186
0 0.466667 0.373148 0.009375 0.0185185 0.328583
0 0.579948 0.486111 0.00885417 0.0166667 0.358111
0 0.727604 0.622685 0.00729167 0.012037 0.462497
0 0.470833 0.511574 0.0135417 0.0212963 0.491193
0 0.494792 0.928241 0.00729167 0.012037 0.505841
0 0.586719 0.674074 0.00677083 0.012963 0.50842
0 0.72474 0.451389 0.0078125 0.012037 0.508428
0 0.521875 0.496296 0.0114583 0.0185185 0.516203
0 0.540625 0.842593 0.00833333 0.0148148 0.533604
0 0.729427 0.710185 0.0078125 0.0111111 0.537272
0 0.73125 0.795833 0.00729167 0.012037 0.539172
0 0.727344 0.539815 0.0078125 0.012963 0.543217
0 0.49401 0.853704 0.0078125 0.012963 0.545835
0 0.773698 0.438889 0.0078125 0.012963 0.553236
0 0.779948 0.864352 0.0078125 0.012037 0.553677
0 0.734635 0.879167 0.00677083 0.012037 0.573098
0 0.542188 0.923148 0.00729167 0.012963 0.573951
0 0.685938 0.805556 0.00729167 0.012963 0.578924
0 0.638802 0.819444 0.00677083 0.012963 0.58339
0 0.591927 0.916667 0.00677083 0.012963 0.592843
0 0.680729 0.554167 0.00729167 0.012037 0.597292
0 0.589323 0.754167 0.00885417 0.0138889 0.599072
0 0.779688 0.791667 0.00833333 0.012963 0.601959
0 0.679427 0.467593 0.00677083 0.012963 0.615034
0 0.641406 0.9 0.00677083 0.012963 0.618342
0 0.579427 0.580093 0.00677083 0.0138889 0.621785
0 0.723177 0.364352 0.0078125 0.0157407 0.625462
0 0.6375 0.651389 0.009375 0.0138889 0.628346
0 0.492188 0.780093 0.0104167 0.0175926 0.632209
0 0.634115 0.569444 0.00677083 0.012963 0.636482
0 0.68724 0.890278 0.00677083 0.0138889 0.637546
0 0.684115 0.722685 0.00989583 0.0138889 0.638632
0 0.540104 0.762963 0.00833333 0.0148148 0.648846
0 0.584115 0.383333 0.00885417 0.0185185 0.655152
0 0.591667 0.836111 0.00833333 0.0148148 0.655246
0 0.527344 0.387963 0.0109375 0.0185185 0.655324
0 0.775 0.527778 0.009375 0.0148148 0.657188
0 0.770312 0.356019 0.00833333 0.0157407 0.66482
0 0.683073 0.637037 0.00989583 0.0148148 0.665561
0 0.776823 0.610648 0.00885417 0.0138889 0.670578
0 0.53724 0.685185 0.00885417 0.0166667 0.679079
0 0.632812 0.483333 0.00729167 0.0148148 0.682631
0 0.636458 0.738426 0.009375 0.0138889 0.701446
0 0.677604 0.374074 0.0104167 0.0185185 0.708239
0 0.778385 0.7 0.0119792 0.0166667 0.712462
0 0.633594 0.393981 0.00885417 0.0194444 0.738946
