0 0.754687 0.472685 0.00729167 0.0138889 0.283569
0 0.566667 0.251852 0.00729167 0.012963 0.363366
0 0.486979 0.456944 0.00833333 0.012037 0.426496
0 0.760156 0.29537 0.00677083 0.0111111 0.432423
0 0.664583 0.468981 0.00729167 0.012037 0.448711
0 0.663021 0.559722 0.00625 0.012037 0.46861
0 0.706771 0.561111 0.00625 0.0111111 0.474065
0 0.628646 0.271759 0.00833333 0.0138889 0.474228
0 0.75026 0.562963 0.00677083 0.0111111 0.477868
0 0.756771 0.385185 0.00625 0.0111111 0.487922
0 0.719271 0.294444 0.00729167 0.012963 0.493541
0 0.616146 0.361111 0.00833333 0.0148148 0.508589
0 0.679167 0.294444 0.00729167 0.012963 0.516222
0 0.491927 0.350926 0.00989583 0.0148148 0.517865
0 0.809375 0.3 0.00833333 0.012963 0.519732
0 0.805729 0.387037 0.00625 0.0111111 0.527812
0 0.7125 0.384259 0.00833333 0.0148148 0.530347
0 0.479427 0.556019 0.00885417 0.0138889 0.531294
0 0.558073 0.357407 0.00885417 0.0148148 0.543539
0 0.610677 0.461111 0.00885417 0.0148148 0.548891
0 0.801302 0.5625 0.0078125 0.012037 0.551516
0 0.551562 0.658333 0.0125 0.0148148 0.554189
0 0.477344 0.655556 0.00885417 0.0148148 0.557303
0 0.474479 0.758796 0.00729167 0.012037 0.561762
0 0.555208 0.454167 0.00729167 0.0138889 0.564365
0 0.750521 0.649537 0.00833333 0.012037 0.568542
0 0.496094 0.258796 0.0078125 0.0138889 0.571959
0 0.745573 0.743981 0.0078125 0.012037 0.574645
0 0.668229 0.385185 0.00729167 0.012963 0.587549
0 0.659115 0.828241 0.00989583 0.0157407 0.587626
0 0.609896 0.653704 0.0104167 0.0166667 0.591808
0 0.609115 0.560648 0.00885417 0.0138889 0.598379
0 0.797396 0.653241 0.00833333 0.012037 0.608212
0 0.548177 0.761574 0.0078125 0.012037 0.609315
0 0.552083 0.558796 0.0104167 0.0157407 0.610321
0 0.660156 0.65 0.00677083 0.0148148 0.621597
0 0.705469 0.651389 0.0078125 0.0138889 0.625345
0 0.702083 0.740741 0.0104167 0.0185185 0.629505
0 0.805729 0.477315 0.0104167 0.0157407 0.632568
0 0.607031 0.751852 0.00989583 0.0166667 0.649358
0 0.699219 0.834722 0.00885417 0.0157407 0.651762
0 0.659375 0.738889 0.0104167 0.0185185 0.660178
0 0.616146 0.842593 0.00833333 0.0148148 0.664251
0 0.795313 0.749074 0.0104167 0.0148148 0.666091
0 0.742188 0.831944 0.00833333 0.0138889 0.673403
0 0.790625 0.838426 0.009375 0.0157407 0.682201
0 0.472656 0.858796 0.0130208 0.0194444 0.710292
0 0.547135 0.859722 0.0130208 0.0194444 0.71723
