0 0.646094 0.552778 0.00885417 0.0148148 0.334813
0 0.340365 0.603704 0.0130208 0.0148148 0.368495
0 0.64375 0.766204 0.009375 0.0175926 0.423288
0 0.335417 0.703704 0.0114583 0.012963 0.461186
0 0.338802 0.506481 0.0078125 0.012963 0.501807
0 0.645833 0.693519 0.00729167 0.012963 0.502135
0 0.334896 0.798148 0.00833333 0.0111111 0.518203
0 0.39974 0.513426 0.00885417 0.0138889 0.554071
0 0.557552 0.615278 0.00677083 0.012037 0.569986
0 0.401302 0.708333 0.00989583 0.0166667 0.605381
0 0.451302 0.31713 0.00677083 0.0138889 0.632203
0 0.336979 0.406944 0.00833333 0.0138889 0.634149
0 0.6 0.545833 0.009375 0.0138889 0.651087
0 0.657812 0.234259 0.00833333 0.0166667 0.653321
0 0.475 0.614815 0.009375 0.0148148 0.654141
0 0.394531 0.308333 0.00885417 0.0148148 0.654455
0 0.607552 0.468056 0.00677083 0.012037 0.659416
0 0.459896 0.435185 0.00729167 0.012963 0.659588
0 0.332292 0.2 0.00625 0.012963 0.659702
0 0.659375 0.48287 0.00833333 0.0138889 0.663619
0 0.55651 0.768981 0.00677083 0.0138889 0.67036
0 0.394531 0.203704 0.00677083 0.012963 0.6723
0 0.508073 0.326852 0.0078125 0.0148148 0.673231
0 0.468229 0.528241 0.00729167 0.012037 0.678255
0 0.66276 0.371759 0.0109375 0.0157407 0.682668
0 0.332292 0.301852 0.009375 0.0166667 0.691573
0 0.507812 0.451852 0.00729167 0.012963 0.694853
0 0.614062 0.234259 0.0104167 0.0222222 0.70429
0 0.465365 0.698148 0.00677083 0.0148148 0.704842
0 0.6 0.69213 0.00833333 0.0175926 0.713155
0 0.557552 0.690278 0.00677083 0.0138889 0.715953
0 0.557292 0.45463 0.00833333 0.0148148 0.717344
0 0.598698 0.619907 0.00885417 0.0157407 0.728522
0 0.609896 0.340741 0.00833333 0.0166667 0.7423
0 0.398438 0.409722 0.0114583 0.0194444 0.742814
0 0.452344 0.210648 0.00885417 0.0175926 0.750386
0 0.601302 0.763889 0.00989583 0.0185185 0.752955
0 0.553646 0.534722 0.0104167 0.0175926 0.75497
0 0.508073 0.216667 0.00885417 0.0166667 0.755754
0 0.465625 0.787037 0.00729167 0.0185185 0.768031
0 0.514844 0.54537 0.0140625 0.0203704 0.770077
0 0.404948 0.80463 0.0119792 0.0185185 0.770689
0 0.647396 0.624074 0.0135417 0.0203704 0.775482
0 0.560417 0.340278 0.009375 0.0194444 0.778692
0 0.561458 0.221759 0.0135417 0.0231481 0.790822
0 0.515625 0.6875 0.009375 0.0212963 0.799253
0 0.514583 0.777778 0.009375 0.0259259 0.821005
