0 0.766667 0.674537 0.00625 0.0138889 0.282223
0 0.676042 0.733333 0.00729167 0.0111111 0.379445
0 0.519271 0.637037 0.00729167 0.012963 0.515404
0 0.451823 0.923611 0.00885417 0.0138889 0.594173
0 0.572396 0.439815 0.00625 0.0111111 0.614049
0 0.627344 0.443981 0.00677083 0.0138889 0.62617
0 0.71849 0.737963 0.0078125 0.012963 0.640395
0 0.726823 0.586574 0.00677083 0.012037 0.648671
0 0.736198 0.35 0.00885417 0.0185185 0.657853
0 0.676042 0.809722 0.00625 0.0138889 0.675298
0 0.59349 0.736111 0.0078125 0.012963 0.68673
0 0.459115 0.631019 0.0078125 0.0138889 0.688309
0 0.717969 0.663426 0.00677083 0.012037 0.692504
0 0.455208 0.327315 0.00729167 0.0138889 0.696285
0 0.628125 0.572222 0.00625 0.012963 0.698422
0 0.579948 0.55787 0.00677083 0.012037 0.699494
0 0.517708 0.725926 0.00833333 0.0148148 0.701482
0 0.73151 0.45787 0.00677083 0.0138889 0.703087
0 0.456771 0.732407 0.0114583 0.0148148 0.705319
0 0.515885 0.326852 0.0078125 0.012963 0.718401
0 0.778906 0.6 0.00677083 0.012963 0.719123
0 0.783854 0.483333 0.009375 0.0166667 0.742912
0 0.588802 0.650926 0.0078125 0.012963 0.748338
0 0.778906 0.350463 0.0078125 0.0157407 0.74943
0 0.452865 0.830093 0.0109375 0.0157407 0.75285
0 0.677604 0.573611 0.00729167 0.0138889 0.76039
0 0.520833 0.929167 0.009375 0.0175926 0.76309
0 0.574219 0.332407 0.0078125 0.0148148 0.769463
0 0.515885 0.433333 0.0078125 0.0148148 0.769978
0 0.761719 0.885185 0.0078125 0.0148148 0.776486
0 0.674479 0.888426 0.00729167 0.0157407 0.777739
0 0.764323 0.811574 0.00885417 0.0157407 0.779152
0 0.583333 0.821759 0.00729167 0.0138889 0.781064
0 0.458594 0.532407 0.0078125 0.0148148 0.781851
0 0.719271 0.809259 0.00833333 0.0185185 0.789565
0 0.519531 0.829167 0.00989583 0.0175926 0.798628
0 0.71849 0.881481 0.00885417 0.0185185 0.803473
0 0.673698 0.656482 0.00989583 0.0185185 0.813809
0 0.454167 0.428704 0.009375 0.0185185 0.816886
0 0.629167 0.335648 0.00729167 0.0157407 0.818578
0 0.634896 0.665741 0.0125 0.0185185 0.821021
0 0.51849 0.534259 0.00885417 0.0185185 0.823266
0 0.680729 0.459722 0.00833333 0.0194444 0.824344
0 0.634896 0.807407 0.009375 0.0185185 0.830715
0 0.583854 0.908796 0.00729167 0.0194444 0.834884
0 0.63125 0.898148 0.009375 0.0222222 0.843701
0 0.765885 0.741667 0.0140625 0.0203704 0.856778
0 0.683073 0.339352 0.00989583 0.0212963 0.858105
