0 0.673437 0.737037 0.00625 0.0111111 0.42781
0 0.765104 0.684722 0.00833333 0.0138889 0.447216
0 0.574219 0.438426 0.00677083 0.012037 0.458247
0 0.459635 0.623611 0.0078125 0.012037 0.496466
0 0.45026 0.914815 0.00885417 0.012963 0.55106
0 0.727604 0.59213 0.00729167 0.012037 0.557098
0 0.716927 0.742593 0.0078125 0.012963 0.564587
0 0.71875 0.667593 0.00729167 0.012963 0.58044
0 0.785156 0.493981 0.00885417 0.0157407 0.58266
0 0.63099 0.44537 0.00677083 0.012963 0.584636
0 0.458854 0.523611 0.00625 0.012037 0.586644
0 0.592188 0.733796 0.00833333 0.0138889 0.58869
0 0.628906 0.573148 0.00677083 0.012963 0.596754
0 0.672917 0.812963 0.00625 0.012963 0.59771
0 0.758594 0.892593 0.00885417 0.0148148 0.602799
0 0.58125 0.556019 0.00625 0.012037 0.603785
0 0.51901 0.62963 0.0078125 0.012963 0.613836
0 0.733594 0.464815 0.00677083 0.0148148 0.61899
0 0.779167 0.60787 0.00729167 0.0138889 0.630651
0 0.588021 0.647222 0.00729167 0.012963 0.637376
0 0.516667 0.721296 0.00833333 0.0148148 0.641273
0 0.458333 0.318056 0.00729167 0.0138889 0.641769
0 0.670573 0.891204 0.00677083 0.0157407 0.642294
0 0.451562 0.819907 0.0114583 0.0138889 0.642537
0 0.519271 0.32037 0.00729167 0.012963 0.656528
0 0.678125 0.577315 0.00729167 0.0138889 0.65948
0 0.716406 0.816204 0.0078125 0.0175926 0.663236
0 0.760938 0.818519 0.00833333 0.0148148 0.664111
0 0.633073 0.335185 0.0078125 0.0148148 0.664585
0 0.455208 0.722222 0.0114583 0.0166667 0.672094
0 0.578125 0.327778 0.00833333 0.0148148 0.674438
0 0.517448 0.428241 0.0078125 0.0157407 0.679656
0 0.51875 0.823148 0.00833333 0.0148148 0.692915
0 0.742188 0.360185 0.009375 0.0203704 0.699438
0 0.516667 0.922685 0.0114583 0.0157407 0.701335
0 0.580729 0.818981 0.00729167 0.0157407 0.707583
0 0.714844 0.887037 0.00885417 0.0185185 0.709048
0 0.457031 0.419444 0.00989583 0.0185185 0.715573
0 0.520052 0.529167 0.00885417 0.0175926 0.716802
0 0.683073 0.461111 0.00885417 0.0185185 0.72005
0 0.578906 0.90787 0.00677083 0.0194444 0.721249
0 0.630729 0.806944 0.009375 0.0194444 0.727504
0 0.686719 0.342593 0.0109375 0.0203704 0.729366
0 0.783333 0.358333 0.00729167 0.0185185 0.732632
0 0.633594 0.664815 0.0130208 0.0185185 0.734435
0 0.628125 0.898148 0.00833333 0.0203704 0.738761
0 0.763542 0.749074 0.0135417 0.0203704 0.760628
0 0.673437 0.658333 0.009375 0.0185185 0.766881
