0 0.48125 0.409722 0.009375 0.0157407 0.274338
0 0.582812 0.664352 0.00625 0.012037 0.3376
0 0.53151 0.575463 0.00885417 0.0157407 0.397316
0 0.546875 0.365278 0.0104167 0.0175926 0.406708
0 0.736719 0.476389 0.00677083 0.012037 0.417321
0 0.73151 0.566204 0.00677083 0.0101852 0.421398
0 0.531771 0.469907 0.009375 0.0157407 0.4396
0 0.633854 0.656018 0.00729167 0.012037 0.484215
0 0.591927 0.475926 0.00989583 0.0166667 0.487967
0 0.691667 0.482407 0.00625 0.0111111 0.511817
0 0.720052 0.737037 0.0078125 0.0111111 0.52572
0 0.674219 0.739352 0.0078125 0.012037 0.539632
0 0.523958 0.821296 0.00729167 0.012963 0.542685
0 0.530729 0.743519 0.00729167 0.012963 0.545083
0 0.685417 0.569907 0.00729167 0.0101852 0.554596
0 0.72526 0.649074 0.0078125 0.0111111 0.556621
0 0.603906 0.376852 0.00885417 0.0166667 0.559875
0 0.63776 0.572685 0.00677083 0.012037 0.574787
0 0.711458 0.90787 0.00625 0.012037 0.579973
0 0.622135 0.823611 0.0078125 0.012037 0.584299
0 0.519792 0.903241 0.00729167 0.012037 0.589504
0 0.669531 0.821759 0.0078125 0.012037 0.598788
0 0.617969 0.906944 0.00677083 0.012037 0.604249
0 0.472396 0.896296 0.00833333 0.012963 0.611825
0 0.785156 0.476852 0.00677083 0.0111111 0.624981
0 0.64349 0.487037 0.0078125 0.012963 0.625212
0 0.715885 0.823611 0.0078125 0.012037 0.626581
0 0.578125 0.746296 0.00833333 0.012963 0.633125
0 0.757031 0.906018 0.0078125 0.012037 0.638517
0 0.742448 0.389815 0.00677083 0.012963 0.646966
0 0.575 0.829167 0.009375 0.0138889 0.651907
0 0.680469 0.654167 0.0078125 0.012037 0.653132
0 0.477083 0.822685 0.00833333 0.0138889 0.657074
0 0.583854 0.569444 0.00729167 0.012963 0.66077
0 0.763542 0.833333 0.00833333 0.012963 0.66324
0 0.663281 0.908333 0.00677083 0.012963 0.679089
0 0.773958 0.649537 0.00833333 0.0138889 0.681563
0 0.482292 0.749074 0.0104167 0.0166667 0.681643
0 0.626302 0.742593 0.00885417 0.0148148 0.697249
0 0.533854 0.664352 0.00833333 0.0157407 0.70663
0 0.56875 0.909722 0.00729167 0.0138889 0.716079
0 0.696875 0.386111 0.00729167 0.0148148 0.722747
0 0.651042 0.394907 0.00833333 0.0157407 0.730723
0 0.767969 0.740741 0.00989583 0.0148148 0.735715
0 0.789323 0.392593 0.0078125 0.0148148 0.738235
0 0.778125 0.565741 0.009375 0.0148148 0.741275
