0 0.649479 0.290741 0.00729167 0.0111111 0.280789
0 0.783854 0.368056 0.00625 0.0101852 0.285277
0 0.646615 0.380093 0.00677083 0.0101852 0.294554
0 0.535677 0.2625 0.0078125 0.012037 0.300647
0 0.707292 0.641204 0.00729167 0.0101852 0.32987
0 0.711979 0.731019 0.00833333 0.012037 0.38249
0 0.75651 0.728704 0.00677083 0.0111111 0.416324
0 0.798437 0.633796 0.00833333 0.012037 0.423905
0 0.760938 0.816204 0.00833333 0.0157407 0.428936
0 0.79401 0.541667 0.0078125 0.0111111 0.430167
0 0.753125 0.635185 0.00729167 0.0111111 0.442726
0 0.591406 0.359259 0.00885417 0.0148148 0.447062
0 0.602865 0.561111 0.0078125 0.0111111 0.490419
0 0.790365 0.456481 0.00885417 0.012963 0.501602
0 0.809115 0.818056 0.00885417 0.0157407 0.511451
0 0.613281 0.653241 0.0078125 0.012037 0.522847
0 0.596354 0.463889 0.00833333 0.0111111 0.54281
0 0.80625 0.728241 0.009375 0.0138889 0.554296
0 0.71875 0.825 0.00833333 0.0148148 0.561633
0 0.467708 0.36713 0.0104167 0.0138889 0.576034
0 0.618229 0.752778 0.00833333 0.012963 0.587992
0 0.670052 0.734722 0.00989583 0.0157407 0.620302
0 0.540625 0.462037 0.00833333 0.012963 0.626747
0 0.560938 0.766667 0.00833333 0.0111111 0.640021
0 0.553646 0.662963 0.0114583 0.012963 0.642666
0 0.636719 0.84213 0.0078125 0.0138889 0.649409
0 0.471354 0.47037 0.00833333 0.012963 0.65753
0 0.534115 0.363426 0.0078125 0.012037 0.664124
0 0.465625 0.272222 0.009375 0.0148148 0.686828
0 0.486719 0.775463 0.0078125 0.012037 0.694865
0 0.545833 0.568056 0.00833333 0.0138889 0.717473
0 0.473437 0.572685 0.009375 0.012037 0.730444
0 0.567969 0.866204 0.0109375 0.0138889 0.732807
0 0.480469 0.671296 0.00885417 0.012963 0.733774
0 0.493229 0.872222 0.0114583 0.0148148 0.736176
