0 0.399219 0.604167 0.0078125 0.012037 0.253648
0 0.646094 0.55787 0.00677083 0.012037 0.519138
0 0.451302 0.317593 0.00677083 0.0111111 0.528927
0 0.333594 0.800463 0.0078125 0.012037 0.581464
0 0.47474 0.61713 0.0078125 0.012037 0.59366
0 0.338281 0.507407 0.0078125 0.012963 0.602081
0 0.335938 0.706019 0.0114583 0.0138889 0.603547
0 0.39974 0.516204 0.0078125 0.0138889 0.607025
0 0.607292 0.469444 0.00625 0.0111111 0.608427
0 0.556771 0.769907 0.00625 0.0138889 0.623821
0 0.646875 0.696759 0.00729167 0.0138889 0.637907
0 0.558073 0.691204 0.00572917 0.012037 0.638007
0 0.598698 0.621296 0.0078125 0.012963 0.642345
0 0.393229 0.203241 0.00729167 0.012037 0.65518
0 0.332552 0.203241 0.00677083 0.012037 0.656643
0 0.460156 0.4375 0.00677083 0.012037 0.671026
0 0.6 0.547685 0.00729167 0.012037 0.671904
0 0.340885 0.609259 0.0130208 0.0148148 0.672591
0 0.507812 0.324537 0.00625 0.012037 0.679319
0 0.609635 0.343056 0.00677083 0.0157407 0.687237
0 0.39401 0.311111 0.00885417 0.0148148 0.691316
0 0.645312 0.769907 0.00833333 0.0138889 0.692005
0 0.336979 0.408333 0.00729167 0.0148148 0.692808
0 0.659375 0.484722 0.00729167 0.012037 0.698155
0 0.557552 0.456019 0.00677083 0.0138889 0.705008
0 0.6625 0.369444 0.009375 0.0148148 0.707521
0 0.46849 0.530556 0.0078125 0.012963 0.707759
0 0.508594 0.453704 0.00677083 0.012963 0.711481
0 0.6 0.693981 0.00729167 0.0157407 0.712204
0 0.452344 0.211574 0.0078125 0.0138889 0.717591
0 0.554167 0.5375 0.009375 0.0157407 0.723337
0 0.657812 0.235185 0.00729167 0.0166667 0.726121
0 0.465625 0.700463 0.00625 0.0138889 0.73489
0 0.614323 0.236111 0.00885417 0.0203704 0.738525
0 0.401563 0.707407 0.009375 0.0166667 0.747614
0 0.333594 0.304167 0.00989583 0.0194444 0.763218
0 0.560677 0.341204 0.0078125 0.0194444 0.764273
0 0.465885 0.788426 0.00677083 0.0175926 0.768278
0 0.397656 0.411574 0.00989583 0.0194444 0.790451
0 0.507292 0.215741 0.00729167 0.0148148 0.791578
0 0.601562 0.763426 0.0104167 0.0175926 0.792422
0 0.515104 0.54537 0.0125 0.0185185 0.800501
0 0.516146 0.689352 0.00833333 0.0175926 0.801761
0 0.560938 0.222685 0.0114583 0.0194444 0.815271
0 0.515625 0.77963 0.009375 0.0222222 0.832761
0 0.404687 0.806481 0.0114583 0.0185185 0.836624
0 0.647656 0.627315 0.0130208 0.0175926 0.840186
