0 0.43099 0.914352 0.0078125 0.012037 0.542529
0 0.666667 0.735648 0.00625 0.0101852 0.562887
0 0.641406 0.444444 0.0078125 0.012963 0.571799
0 0.759896 0.68287 0.00729167 0.0157407 0.572621
0 0.755729 0.358333 0.009375 0.0203704 0.583564
0 0.585156 0.437037 0.00677083 0.0111111 0.618886
0 0.519271 0.630093 0.00833333 0.0138889 0.623302
0 0.538281 0.321296 0.00677083 0.012963 0.634455
0 0.51224 0.724074 0.00885417 0.0148148 0.637099
0 0.714323 0.666667 0.0078125 0.012963 0.645029
0 0.453385 0.724074 0.0119792 0.0166667 0.660595
0 0.584635 0.556481 0.00677083 0.0111111 0.70114
0 0.440885 0.823611 0.0130208 0.0157407 0.702547
0 0.460417 0.622685 0.00833333 0.0138889 0.705879
0 0.466406 0.525 0.00677083 0.012963 0.710252
0 0.660677 0.813426 0.00677083 0.0138889 0.716485
0 0.778646 0.606944 0.00729167 0.0138889 0.719404
0 0.630729 0.572685 0.00625 0.012037 0.720754
0 0.728646 0.591204 0.00729167 0.012037 0.721117
0 0.740885 0.464352 0.00677083 0.0157407 0.728404
0 0.709635 0.743519 0.00885417 0.012963 0.729198
0 0.796354 0.35787 0.00833333 0.0157407 0.729853
0 0.790885 0.492593 0.00885417 0.0166667 0.735797
0 0.501302 0.924537 0.0119792 0.0194444 0.73906
0 0.477344 0.318519 0.00677083 0.0148148 0.741551
0 0.586979 0.648148 0.00729167 0.012963 0.750349
0 0.529688 0.429167 0.00833333 0.0157407 0.756199
0 0.741667 0.893519 0.00833333 0.0148148 0.756403
0 0.748958 0.818981 0.00833333 0.0157407 0.760548
0 0.679688 0.575926 0.00729167 0.012963 0.761882
0 0.594271 0.328241 0.00833333 0.0138889 0.774167
0 0.585417 0.735185 0.009375 0.0148148 0.775536
0 0.50651 0.826389 0.00989583 0.0157407 0.777859
0 0.654167 0.89213 0.00833333 0.0175926 0.777979
0 0.629948 0.666204 0.0109375 0.0175926 0.784021
0 0.703125 0.815278 0.00833333 0.0175926 0.788481
0 0.526563 0.528241 0.009375 0.0175926 0.79319
0 0.569792 0.820833 0.00729167 0.0157407 0.802149
0 0.64974 0.334259 0.0078125 0.0148148 0.80789
0 0.691927 0.460648 0.0078125 0.0175926 0.813702
0 0.611979 0.899537 0.009375 0.0212963 0.825166
0 0.469271 0.419907 0.009375 0.0194444 0.830782
0 0.563802 0.908796 0.0078125 0.0194444 0.834701
0 0.698698 0.8875 0.00885417 0.0194444 0.836604
0 0.702344 0.341667 0.0109375 0.0203704 0.839774
0 0.75651 0.749074 0.0140625 0.0203704 0.840832
0 0.621094 0.807407 0.00989583 0.0203704 0.840921
0 0.671615 0.65787 0.00989583 0.0194444 0.851528
