0 0.617448 0.659722 0.00572917 0.012037 0.254133
0 0.616146 0.741667 0.00625 0.0111111 0.273199
0 0.663802 0.841667 0.00572917 0.0111111 0.273699
0 0.615885 0.826852 0.00572917 0.0111111 0.304624
0 0.711979 0.939815 0.00520833 0.0111111 0.321769
0 0.568229 0.814352 0.00625 0.012037 0.368286
0 0.711719 0.855556 0.00572917 0.0111111 0.369291
0 0.666406 0.672685 0.00677083 0.012037 0.384979
0 0.663802 0.925 0.00572917 0.0111111 0.38535
0 0.667448 0.503704 0.00677083 0.0111111 0.386802
0 0.520312 0.798148 0.00625 0.0111111 0.391723
0 0.523438 0.715278 0.00729167 0.012037 0.396205
0 0.667188 0.589815 0.00625 0.0111111 0.402445
0 0.71276 0.77037 0.00572917 0.0111111 0.403386
0 0.564583 0.550463 0.00625 0.012037 0.419518
0 0.569531 0.647222 0.0078125 0.012963 0.430387
0 0.477083 0.705093 0.00625 0.012037 0.430481
0 0.615885 0.912037 0.00572917 0.0111111 0.433018
0 0.715625 0.516667 0.00625 0.0111111 0.441921
0 0.477865 0.622222 0.00677083 0.012963 0.458225
0 0.567187 0.459259 0.00625 0.0111111 0.468941
0 0.47474 0.867593 0.00677083 0.0111111 0.483601
0 0.567448 0.897685 0.00677083 0.012037 0.49463
0 0.759896 0.957407 0.00729167 0.0111111 0.494633
0 0.520833 0.882407 0.00729167 0.0111111 0.514998
0 0.620833 0.403704 0.00833333 0.012963 0.53109
0 0.476562 0.783796 0.00729167 0.012037 0.534172
0 0.714323 0.601389 0.00677083 0.012037 0.538719
0 0.761719 0.873148 0.00677083 0.0111111 0.539222
0 0.513281 0.538426 0.00677083 0.012037 0.548261
0 0.667969 0.417593 0.0078125 0.012963 0.549935
0 0.56849 0.370833 0.0078125 0.012037 0.551277
0 0.569792 0.72963 0.00833333 0.0148148 0.559915
0 0.765625 0.529167 0.00729167 0.012037 0.568798
0 0.76224 0.784722 0.00677083 0.012037 0.576853
0 0.50651 0.431019 0.00677083 0.012037 0.589853
0 0.714583 0.685648 0.00833333 0.012037 0.591602
0 0.463542 0.522685 0.00729167 0.012037 0.594376
0 0.764844 0.698611 0.0078125 0.0138889 0.604368
0 0.765104 0.616204 0.00729167 0.012037 0.60643
0 0.718229 0.430556 0.00833333 0.012963 0.620545
0 0.453906 0.419444 0.0078125 0.012963 0.680845
0 0.453646 0.324074 0.00833333 0.0148148 0.700511
0 0.509375 0.338426 0.00833333 0.012037 0.704273
0 0.765625 0.444444 0.009375 0.0148148 0.714185
