0 0.607552 0.443981 0.00572917 0.0101852 0.250748
0 0.36875 0.55 0.00833333 0.0148148 0.251908
0 0.353125 0.356944 0.0125 0.0212963 0.26057
0 0.56224 0.616667 0.0078125 0.0111111 0.277787
0 0.607292 0.527315 0.00625 0.0101852 0.29387
0 0.401563 0.353704 0.0104167 0.0166667 0.31921
0 0.607031 0.615278 0.00677083 0.0101852 0.321568
0 0.563021 0.361111 0.00625 0.0111111 0.324191
0 0.5625 0.449074 0.00625 0.0111111 0.329043
0 0.563021 0.700926 0.00729167 0.0111111 0.354892
0 0.657552 0.354167 0.00677083 0.0101852 0.372776
0 0.608073 0.701852 0.00677083 0.0111111 0.377322
0 0.657031 0.527778 0.0078125 0.0111111 0.382381
0 0.608073 0.268056 0.00677083 0.012037 0.38249
0 0.358594 0.456944 0.00989583 0.0157407 0.384204
0 0.353385 0.219444 0.00885417 0.0148148 0.388454
0 0.563281 0.531944 0.0078125 0.012037 0.417758
0 0.65599 0.443056 0.0078125 0.012037 0.421993
0 0.65651 0.710648 0.0078125 0.012037 0.428301
0 0.655469 0.271296 0.0078125 0.012963 0.428312
0 0.468229 0.627778 0.00729167 0.0111111 0.442414
0 0.65599 0.78287 0.0078125 0.012037 0.451278
0 0.515885 0.70463 0.00677083 0.0111111 0.478698
0 0.56224 0.26713 0.0078125 0.0157407 0.491416
0 0.56276 0.786111 0.00677083 0.012963 0.49854
0 0.609635 0.786111 0.00677083 0.0111111 0.500142
0 0.516927 0.785648 0.00677083 0.012037 0.506791
0 0.466406 0.546759 0.00677083 0.012037 0.511142
0 0.46849 0.709722 0.0078125 0.012037 0.518536
0 0.410156 0.247685 0.00989583 0.0157407 0.53125
0 0.451562 0.289815 0.0104167 0.0203704 0.532948
0 0.657031 0.618519 0.0109375 0.0148148 0.533693
0 0.460938 0.450463 0.00625 0.012037 0.534312
0 0.419271 0.705556 0.00729167 0.012963 0.539023
0 0.466927 0.790278 0.00677083 0.0138889 0.543156
0 0.463802 0.35787 0.00885417 0.0157407 0.545904
0 0.369792 0.778241 0.00729167 0.012037 0.546086
0 0.517187 0.537037 0.009375 0.012963 0.550755
0 0.514323 0.622685 0.00989583 0.0138889 0.552333
0 0.419271 0.625463 0.00729167 0.012037 0.56252
0 0.515885 0.365741 0.00677083 0.012963 0.565907
0 0.515365 0.452315 0.0078125 0.012037 0.566332
0 0.370833 0.705556 0.00729167 0.012963 0.584885
0 0.417188 0.546759 0.00729167 0.012037 0.595187
0 0.409115 0.455093 0.00885417 0.0138889 0.603648
0 0.417969 0.785648 0.0078125 0.0138889 0.651094
0 0.518229 0.275926 0.00833333 0.0166667 0.665705
0 0.370313 0.631019 0.009375 0.0157407 0.667422
