0 0.444792 0.949074 0.00833333 0.012963 0.419551
0 0.672396 0.726852 0.00625 0.0111111 0.452535
0 0.577344 0.448611 0.00677083 0.012037 0.466138
0 0.764844 0.65463 0.00677083 0.012963 0.544554
0 0.459375 0.655093 0.00729167 0.012037 0.552174
0 0.715365 0.724074 0.0078125 0.012963 0.556634
0 0.58776 0.655093 0.0078125 0.012037 0.567246
0 0.519271 0.650463 0.00729167 0.012037 0.570897
0 0.717448 0.648611 0.00885417 0.0138889 0.595166
0 0.517187 0.741204 0.00833333 0.0138889 0.60841
0 0.582552 0.564352 0.00677083 0.012037 0.612169
0 0.670573 0.801852 0.00677083 0.012963 0.618714
0 0.632812 0.445833 0.00625 0.012037 0.619017
0 0.754948 0.863426 0.00885417 0.0157407 0.622405
0 0.629167 0.571759 0.00625 0.012037 0.627582
0 0.590365 0.740741 0.00885417 0.012963 0.62788
0 0.666146 0.880556 0.00625 0.0148148 0.651645
0 0.758854 0.791667 0.00729167 0.012963 0.65394
0 0.728646 0.57037 0.00729167 0.012963 0.654503
0 0.459375 0.556019 0.00729167 0.012037 0.663346
0 0.578125 0.826852 0.00729167 0.0148148 0.664381
0 0.714323 0.79537 0.0078125 0.0166667 0.666577
0 0.513021 0.843982 0.00833333 0.0157407 0.666941
0 0.786979 0.460648 0.009375 0.0157407 0.668324
0 0.779948 0.577315 0.00677083 0.0138889 0.674753
0 0.735937 0.444444 0.00729167 0.0148148 0.68059
0 0.448438 0.850463 0.0104167 0.0138889 0.685929
0 0.522917 0.343519 0.00833333 0.012963 0.694892
0 0.513542 0.940741 0.0104167 0.0166667 0.698276
0 0.4625 0.350926 0.00729167 0.012963 0.701623
0 0.678646 0.565741 0.00729167 0.0148148 0.706769
0 0.520573 0.451389 0.00885417 0.0157407 0.713947
0 0.454948 0.755556 0.0130208 0.0166667 0.715324
0 0.575781 0.913426 0.0078125 0.0194444 0.71918
0 0.786979 0.328704 0.00729167 0.0166667 0.722316
0 0.582292 0.340741 0.00833333 0.0148148 0.723726
0 0.628125 0.80463 0.009375 0.0185185 0.736642
0 0.685417 0.450463 0.00833333 0.0194444 0.739587
0 0.742708 0.336574 0.009375 0.0194444 0.740323
0 0.636458 0.334722 0.00729167 0.0157407 0.746219
0 0.634375 0.662963 0.0125 0.0185185 0.754133
0 0.673437 0.647222 0.0104167 0.0185185 0.754229
0 0.625 0.89537 0.00833333 0.0203704 0.755389
0 0.520833 0.549537 0.009375 0.0194444 0.755601
0 0.459375 0.453241 0.0104167 0.0194444 0.768965
0 0.7125 0.867593 0.0104167 0.0203704 0.768995
0 0.690365 0.333333 0.0109375 0.0203704 0.777902
0 0.7625 0.72037 0.0135417 0.0203704 0.780326
