0 0.454688 0.361111 0.00833333 0.0148148 0.252877
0 0.461458 0.472222 0.0125 0.0203704 0.289528
0 0.45625 0.356944 0.009375 0.0175926 0.352679
0 0.733854 0.739352 0.00625 0.0101852 0.359473
0 0.720573 0.479167 0.00677083 0.012037 0.372422
0 0.726042 0.569907 0.00729167 0.0101852 0.414914
0 0.560677 0.406019 0.00989583 0.0194444 0.422111
0 0.728906 0.650926 0.00677083 0.0111111 0.426452
0 0.528906 0.483796 0.00989583 0.0157407 0.430659
0 0.679688 0.571759 0.00625 0.0101852 0.437649
0 0.628646 0.486574 0.00625 0.012037 0.441265
0 0.639323 0.656482 0.0078125 0.0111111 0.444677
0 0.790885 0.90787 0.0078125 0.012037 0.45629
0 0.675521 0.483333 0.00625 0.0111111 0.494841
0 0.740104 0.826389 0.00729167 0.012037 0.532239
0 0.769792 0.481019 0.00729167 0.012037 0.551043
0 0.633073 0.573148 0.00677083 0.0111111 0.552287
0 0.69375 0.821759 0.00729167 0.012037 0.557338
0 0.684635 0.65463 0.00677083 0.0111111 0.572882
0 0.688281 0.740278 0.0078125 0.012037 0.573687
0 0.646875 0.824074 0.00729167 0.0111111 0.575105
0 0.59349 0.745833 0.0078125 0.012037 0.577306
0 0.577344 0.568056 0.00677083 0.012037 0.579842
0 0.745313 0.909722 0.00625 0.012037 0.580245
0 0.548437 0.819907 0.00729167 0.012037 0.580281
0 0.698177 0.908796 0.00677083 0.012037 0.592851
0 0.497135 0.747222 0.0078125 0.012963 0.599122
0 0.777604 0.653704 0.009375 0.012963 0.610172
0 0.788281 0.837963 0.0078125 0.012963 0.636088
0 0.502344 0.818056 0.0078125 0.0138889 0.636608
0 0.545052 0.741667 0.0078125 0.012963 0.636912
0 0.553646 0.900926 0.00729167 0.012963 0.638075
0 0.652083 0.906944 0.00729167 0.012037 0.638645
0 0.715885 0.39213 0.00677083 0.0138889 0.643968
0 0.505729 0.891667 0.00833333 0.012963 0.656467
0 0.59974 0.827778 0.00885417 0.012963 0.656513
0 0.538542 0.6625 0.00833333 0.0157407 0.661395
0 0.773438 0.570833 0.009375 0.0138889 0.663363
0 0.782812 0.743981 0.0114583 0.0138889 0.687848
0 0.76276 0.396759 0.0078125 0.0138889 0.693014
0 0.603125 0.909259 0.00729167 0.0148148 0.705086
0 0.670052 0.388426 0.0078125 0.0157407 0.713927
0 0.516146 0.362037 0.00833333 0.0166667 0.728333
0 0.640885 0.743981 0.00885417 0.0138889 0.734149
0 0.625 0.395833 0.00833333 0.0157407 0.76169
