0 0.558073 0.616204 0.00677083 0.0101852 0.29707
0 0.398958 0.603704 0.00833333 0.0148148 0.318548
0 0.646354 0.557407 0.00729167 0.012963 0.545182
0 0.333854 0.799074 0.00833333 0.012963 0.587244
0 0.451823 0.317593 0.00677083 0.0111111 0.636285
0 0.40026 0.515278 0.0078125 0.0138889 0.654274
0 0.336198 0.708333 0.0109375 0.012963 0.660093
0 0.392448 0.310185 0.00885417 0.0166667 0.661109
0 0.647135 0.69537 0.0078125 0.0148148 0.687942
0 0.663021 0.369444 0.009375 0.0148148 0.692809
0 0.615365 0.235648 0.00885417 0.0194444 0.703079
0 0.338542 0.50787 0.00833333 0.0138889 0.71884
0 0.607292 0.468519 0.00625 0.0111111 0.726255
0 0.47474 0.61713 0.00885417 0.0138889 0.726891
0 0.341146 0.60787 0.0125 0.0157407 0.727348
0 0.598958 0.621759 0.00833333 0.012037 0.728253
0 0.333073 0.202778 0.0078125 0.012963 0.729393
0 0.508333 0.325926 0.00729167 0.012963 0.730519
0 0.393229 0.203704 0.00729167 0.0148148 0.746145
0 0.659896 0.484259 0.00729167 0.012963 0.750503
0 0.558594 0.691667 0.00677083 0.012963 0.762563
0 0.401042 0.70787 0.009375 0.0175926 0.766645
0 0.459896 0.438426 0.00729167 0.012037 0.769192
0 0.467708 0.531018 0.00729167 0.012037 0.770776
0 0.645052 0.769907 0.00885417 0.0157407 0.771931
0 0.3375 0.409259 0.00729167 0.0148148 0.779378
0 0.557292 0.77037 0.00729167 0.0148148 0.779383
0 0.452344 0.212037 0.0078125 0.0166667 0.783942
0 0.600521 0.547222 0.00833333 0.012963 0.784948
0 0.657552 0.235648 0.0078125 0.0157407 0.78881
0 0.508333 0.453704 0.00729167 0.012963 0.790522
0 0.557552 0.455093 0.00677083 0.0138889 0.793352
0 0.334375 0.306019 0.009375 0.0175926 0.800079
0 0.609896 0.343519 0.00729167 0.0148148 0.80156
0 0.515365 0.54537 0.0119792 0.0203704 0.804602
0 0.60026 0.693519 0.0078125 0.0166667 0.806163
0 0.465104 0.700463 0.00625 0.0157407 0.815587
0 0.397396 0.4125 0.009375 0.0194444 0.825727
0 0.553646 0.537037 0.009375 0.0148148 0.829888
0 0.507292 0.216204 0.00729167 0.0157407 0.830597
0 0.560938 0.340741 0.00833333 0.0185185 0.852993
0 0.404948 0.805093 0.00989583 0.0194444 0.857042
0 0.465625 0.787963 0.00729167 0.0203704 0.865945
0 0.560938 0.222222 0.0114583 0.0203704 0.866191
0 0.515885 0.688426 0.00885417 0.0194444 0.873442
0 0.601562 0.762963 0.0104167 0.0203704 0.885209
0 0.647396 0.626389 0.0135417 0.0194444 0.892418
0 0.515365 0.77963 0.00989583 0.0222222 0.895213
