0 0.546615 0.716667 0.0078125 0.0111111 0.548089
0 0.65026 0.678704 0.0119792 0.0166667 0.636308
0 0.498958 0.705093 0.00833333 0.0138889 0.641891
0 0.578125 0.891204 0.00729167 0.012037 0.655436
0 0.669531 0.926852 0.0078125 0.012963 0.65636
0 0.527604 0.307407 0.00833333 0.0148148 0.661175
0 0.540365 0.794907 0.00885417 0.0138889 0.667083
0 0.602344 0.655093 0.00885417 0.0138889 0.672089
0 0.447396 0.684722 0.00833333 0.0138889 0.673506
0 0.58776 0.813426 0.00885417 0.012037 0.675961
0 0.50599 0.622685 0.0078125 0.012037 0.683684
0 0.528646 0.872222 0.00833333 0.0148148 0.686327
0 0.505729 0.524537 0.00729167 0.0138889 0.690333
0 0.432552 0.836574 0.00885417 0.0157407 0.699193
0 0.679167 0.849537 0.00729167 0.012037 0.703639
0 0.470052 0.284259 0.00885417 0.0148148 0.705341
0 0.595052 0.736574 0.00989583 0.0138889 0.709639
0 0.62474 0.908333 0.0078125 0.012963 0.712436
0 0.455729 0.607407 0.00833333 0.0148148 0.712668
0 0.559635 0.553241 0.0078125 0.0138889 0.73471
0 0.554167 0.640741 0.0114583 0.0166667 0.735566
0 0.717708 0.943981 0.00833333 0.0138889 0.739021
0 0.6875 0.772222 0.00833333 0.012963 0.742505
0 0.634896 0.830556 0.009375 0.0148148 0.744871
0 0.711719 0.615278 0.00677083 0.0138889 0.747079
0 0.695573 0.697222 0.00885417 0.0148148 0.747166
0 0.677083 0.5 0.009375 0.0185185 0.74751
0 0.440104 0.760648 0.009375 0.0157407 0.751084
0 0.733854 0.794444 0.009375 0.0148148 0.75378
0 0.567187 0.448148 0.015625 0.0222222 0.759919
0 0.620313 0.468981 0.0125 0.0194444 0.760085
0 0.580729 0.3375 0.009375 0.0157407 0.762942
0 0.642448 0.75463 0.0109375 0.0148148 0.767074
0 0.611198 0.575926 0.0078125 0.0166667 0.775075
0 0.492188 0.777778 0.0114583 0.0185185 0.780012
0 0.48099 0.85463 0.00885417 0.0166667 0.782721
0 0.725521 0.868519 0.00833333 0.0148148 0.784234
0 0.66224 0.594444 0.00989583 0.0166667 0.798533
0 0.633073 0.358796 0.0109375 0.0231481 0.800941
0 0.457812 0.393981 0.0145833 0.025 0.80705
0 0.743229 0.406944 0.0104167 0.0231481 0.807263
0 0.759115 0.64213 0.0078125 0.0175926 0.809566
0 0.792708 0.426389 0.009375 0.0175926 0.813935
0 0.45651 0.508333 0.0119792 0.0203704 0.820419
0 0.730208 0.512037 0.0125 0.0240741 0.829272
0 0.514323 0.418056 0.0192708 0.0287037 0.832491
0 0.740625 0.725463 0.0104167 0.0194444 0.833071
0 0.783333 0.530093 0.0104167 0.0231481 0.834256
0 0.688281 0.384722 0.0109375 0.0231481 0.855592
