0 0.733073 0.727315 0.00677083 0.0101852 0.276838
0 0.538021 0.672222 0.00833333 0.0148148 0.345179
0 0.717188 0.381481 0.00625 0.0111111 0.357749
0 0.684896 0.646296 0.00729167 0.0111111 0.366088
0 0.526563 0.580556 0.0104167 0.0148148 0.371453
0 0.738281 0.815278 0.0078125 0.0101852 0.380793
0 0.594271 0.748611 0.00729167 0.0101852 0.385052
0 0.639844 0.653241 0.0078125 0.0101852 0.388988
0 0.628646 0.484722 0.00729167 0.012037 0.390601
0 0.632812 0.569907 0.00729167 0.0101852 0.395897
0 0.789583 0.893519 0.00833333 0.0111111 0.400556
0 0.68776 0.732407 0.0078125 0.0111111 0.40703
0 0.645833 0.821759 0.00729167 0.0101852 0.430626
0 0.692708 0.815741 0.00729167 0.0111111 0.44911
0 0.578906 0.570833 0.00677083 0.012037 0.465488
0 0.769792 0.463889 0.00625 0.0111111 0.472939
0 0.51901 0.472222 0.00989583 0.0166667 0.48106
0 0.74375 0.899074 0.00729167 0.0111111 0.497181
0 0.598698 0.82963 0.0078125 0.0111111 0.513773
0 0.778125 0.6375 0.00729167 0.012037 0.516546
0 0.497656 0.75787 0.0078125 0.0138889 0.521325
0 0.640625 0.740741 0.00833333 0.0111111 0.522772
0 0.764583 0.381481 0.00729167 0.012963 0.528905
0 0.501562 0.831481 0.00833333 0.012963 0.554337
0 0.774219 0.555093 0.00885417 0.012037 0.563697
0 0.650521 0.904167 0.00729167 0.012037 0.574463
0 0.788281 0.82037 0.0109375 0.0148148 0.58811
0 0.671354 0.38287 0.00833333 0.0138889 0.59527
0 0.697135 0.903241 0.00677083 0.012037 0.595965
0 0.552604 0.907407 0.00729167 0.012963 0.606037
0 0.547656 0.826852 0.0078125 0.012963 0.606611
0 0.51901 0.372685 0.00885417 0.0157407 0.618952
0 0.577865 0.37963 0.00885417 0.0166667 0.640635
0 0.504427 0.905556 0.0078125 0.012963 0.644941
0 0.600781 0.912037 0.0078125 0.012963 0.64571
0 0.627083 0.394444 0.00833333 0.0166667 0.655522
0 0.783333 0.728704 0.0104167 0.0148148 0.659499
