0 0.538281 0.209259 0.00572917 0.00925926 0.253677
0 0.433594 0.195833 0.00677083 0.0101852 0.254482
0 0.536458 0.122685 0.00625 0.0101852 0.268697
0 0.494271 0.657407 0.00625 0.0111111 0.292613
0 0.369531 0.185648 0.00572917 0.0101852 0.321466
0 0.584896 0.120833 0.00625 0.0101852 0.324024
0 0.434375 0.386574 0.00625 0.0101852 0.347107
0 0.490625 0.211574 0.00625 0.0101852 0.364589
0 0.37526 0.702778 0.00677083 0.00925926 0.379486
0 0.59349 0.562037 0.00677083 0.0111111 0.381153
0 0.589844 0.383796 0.00572917 0.0101852 0.399194
0 0.640104 0.386111 0.00625 0.0111111 0.400437
0 0.58724 0.207407 0.00572917 0.0111111 0.426579
0 0.371875 0.0810185 0.00625 0.0101852 0.437052
0 0.540104 0.29537 0.00625 0.0111111 0.44089
0 0.635156 0.119907 0.00677083 0.0101852 0.455496
0 0.589583 0.293519 0.00625 0.0111111 0.458671
0 0.644792 0.559722 0.00729167 0.0101852 0.481106
0 0.311198 0.0884259 0.00677083 0.0101852 0.486638
0 0.31224 0.189815 0.00572917 0.0111111 0.500265
0 0.591927 0.471759 0.0078125 0.012037 0.543088
0 0.374219 0.600926 0.00677083 0.0111111 0.569402
0 0.31276 0.290741 0.00677083 0.0111111 0.570988
0 0.594271 0.651389 0.00625 0.012037 0.573297
0 0.638802 0.29537 0.00677083 0.0111111 0.574405
0 0.636719 0.208333 0.00677083 0.0111111 0.5799
0 0.438542 0.67963 0.00729167 0.0111111 0.587851
0 0.645573 0.65 0.0078125 0.0111111 0.60004
0 0.642969 0.467593 0.0078125 0.0111111 0.602294
0 0.435937 0.484259 0.00729167 0.0111111 0.618613
0 0.319531 0.706019 0.0078125 0.0101852 0.623209
0 0.316667 0.602778 0.00625 0.0111111 0.624744
0 0.314583 0.496296 0.00625 0.0111111 0.639686
0 0.4375 0.58287 0.00729167 0.012037 0.643485
0 0.31276 0.39537 0.00677083 0.0111111 0.68177
