0 0.414323 0.256019 0.00572917 0.0101852 0.284618
0 0.654948 0.497685 0.00677083 0.012037 0.288196
0 0.645312 0.323611 0.00625 0.012037 0.293304
0 0.596875 0.336111 0.00729167 0.012963 0.30189
0 0.621875 0.776389 0.00625 0.012037 0.310589
0 0.471875 0.234259 0.00625 0.0111111 0.324907
0 0.715365 0.658333 0.00572917 0.0111111 0.326721
0 0.766667 0.644444 0.00625 0.0111111 0.327987
0 0.669792 0.760648 0.00625 0.012037 0.34475
0 0.499479 0.75 0.00625 0.0111111 0.347707
0 0.771354 0.733333 0.00625 0.0111111 0.35173
0 0.753906 0.470833 0.00572917 0.0101852 0.362868
0 0.692969 0.310185 0.00677083 0.012963 0.36586
0 0.418229 0.356019 0.00520833 0.012037 0.366893
0 0.555469 0.62037 0.00677083 0.0111111 0.375588
0 0.703646 0.483333 0.00625 0.0111111 0.378951
0 0.7 0.394907 0.00833333 0.0138889 0.381516
0 0.450521 0.866667 0.00729167 0.012963 0.385116
0 0.560938 0.71713 0.00625 0.012037 0.385656
0 0.567448 0.809722 0.00572917 0.012037 0.386887
0 0.429167 0.562037 0.00625 0.0148148 0.399169
0 0.422917 0.457407 0.00520833 0.012963 0.404497
0 0.738021 0.210185 0.00729167 0.012963 0.420488
0 0.441406 0.764815 0.00572917 0.0111111 0.423969
0 0.720833 0.744907 0.00625 0.012037 0.441259
0 0.760938 0.55463 0.00729167 0.012963 0.441529
0 0.748177 0.383333 0.0078125 0.012963 0.443296
0 0.435417 0.660185 0.00625 0.0111111 0.450296
0 0.65026 0.408333 0.0119792 0.0185185 0.451254
0 0.743229 0.296296 0.00729167 0.012963 0.457999
0 0.68776 0.223611 0.00885417 0.0157407 0.482631
0 0.710677 0.568056 0.00677083 0.012037 0.495673
