0 0.444531 0.448148 0.00572917 0.0111111 0.261032
0 0.594531 0.456019 0.00572917 0.0101852 0.264918
0 0.497656 0.368981 0.00677083 0.012037 0.26801
0 0.547135 0.456944 0.00572917 0.0101852 0.270298
0 0.40599 0.79213 0.00572917 0.0101852 0.304775
0 0.644271 0.626389 0.00625 0.0101852 0.312867
0 0.644792 0.713889 0.00625 0.0111111 0.353721
0 0.644531 0.540741 0.0078125 0.0111111 0.380061
0 0.546615 0.369444 0.00677083 0.0111111 0.383476
0 0.497135 0.282407 0.00677083 0.0111111 0.389001
0 0.595312 0.368056 0.00625 0.0101852 0.391565
0 0.359635 0.790741 0.00572917 0.0111111 0.392168
0 0.595833 0.538889 0.00729167 0.0111111 0.396319
0 0.643229 0.456944 0.00625 0.0101852 0.444084
0 0.358333 0.546296 0.00729167 0.0148148 0.454561
0 0.595833 0.796296 0.00729167 0.0111111 0.465282
0 0.64375 0.368981 0.00625 0.0101852 0.466094
0 0.392188 0.45 0.00625 0.0111111 0.478014
0 0.446094 0.264815 0.00677083 0.0111111 0.483635
0 0.358594 0.706944 0.00572917 0.0101852 0.492754
0 0.358594 0.625 0.00885417 0.012963 0.502397
0 0.342969 0.45 0.00572917 0.0111111 0.530093
0 0.384896 0.344444 0.00625 0.0111111 0.578278
0 0.546354 0.28287 0.00729167 0.012037 0.578479
0 0.332292 0.348148 0.00729167 0.012963 0.619038
0 0.595312 0.283333 0.00729167 0.012963 0.622475
0 0.33151 0.250463 0.00677083 0.012037 0.678237
0 0.643229 0.281481 0.00729167 0.012963 0.678536
0 0.385938 0.250463 0.00729167 0.012037 0.687269
