0 0.6875 0.824537 0.009375 0.0157407 0.264876
0 0.757812 0.275 0.00625 0.0111111 0.320677
0 0.668229 0.281944 0.00833333 0.012037 0.334808
0 0.733073 0.456019 0.0078125 0.012037 0.379623
0 0.739583 0.546296 0.00625 0.0111111 0.397239
0 0.717708 0.72963 0.00729167 0.012963 0.418293
0 0.696354 0.548611 0.00625 0.0101852 0.424901
0 0.577344 0.271759 0.00677083 0.012037 0.427088
0 0.454427 0.368981 0.0109375 0.0138889 0.478969
0 0.664844 0.644907 0.00677083 0.012037 0.485453
0 0.445312 0.275463 0.009375 0.0138889 0.49356
0 0.629948 0.288426 0.00677083 0.012037 0.495571
0 0.761979 0.725926 0.00729167 0.0111111 0.501885
0 0.819271 0.814352 0.00833333 0.0138889 0.504952
0 0.633073 0.380093 0.00677083 0.0101852 0.513676
0 0.771875 0.815278 0.00729167 0.0138889 0.52564
0 0.464844 0.472222 0.00885417 0.012963 0.546375
0 0.753125 0.632407 0.00833333 0.0111111 0.564131
0 0.708594 0.640741 0.0078125 0.0111111 0.572216
0 0.788021 0.538889 0.00833333 0.012963 0.574872
0 0.576563 0.362037 0.009375 0.0166667 0.581907
0 0.778906 0.453704 0.00885417 0.012963 0.590831
0 0.811719 0.723611 0.0109375 0.0138889 0.591682
0 0.599479 0.561574 0.00729167 0.012037 0.603507
0 0.626302 0.752778 0.0078125 0.012963 0.605253
0 0.797917 0.629167 0.00833333 0.012037 0.612381
0 0.586458 0.4625 0.00729167 0.012037 0.613384
0 0.614583 0.655093 0.00833333 0.012037 0.614182
0 0.472656 0.576852 0.00989583 0.0111111 0.635199
0 0.497135 0.778704 0.0078125 0.0111111 0.646662
0 0.570573 0.767593 0.0078125 0.0111111 0.646696
0 0.64974 0.842593 0.0078125 0.0148148 0.662994
0 0.676042 0.733796 0.0104167 0.0175926 0.678835
0 0.530208 0.462963 0.00833333 0.012963 0.679692
0 0.55599 0.664352 0.00989583 0.012037 0.681975
0 0.54349 0.569444 0.00885417 0.012963 0.698104
0 0.730208 0.823611 0.009375 0.0157407 0.701285
0 0.510156 0.875926 0.0119792 0.0166667 0.720652
0 0.485938 0.674537 0.009375 0.0138889 0.721307
0 0.583854 0.868056 0.0114583 0.0157407 0.804482
