0 0.483073 0.784722 0.00572917 0.00833333 0.269251
0 0.567448 0.393519 0.00572917 0.00925926 0.286582
0 0.572917 0.299537 0.00625 0.0101852 0.314112
0 0.505208 0.37037 0.00625 0.0111111 0.341102
0 0.5 0.476389 0.00625 0.0101852 0.341109
0 0.667969 0.518519 0.00572917 0.0111111 0.37649
0 0.632812 0.239815 0.00729167 0.0111111 0.385176
0 0.561719 0.488889 0.00572917 0.0111111 0.409643
0 0.519792 0.166667 0.00729167 0.0111111 0.420764
0 0.546354 0.777778 0.00520833 0.0111111 0.452786
0 0.628646 0.32963 0.00729167 0.012963 0.484086
0 0.715625 0.530556 0.00625 0.0111111 0.486504
0 0.651302 0.783333 0.00572917 0.0111111 0.490378
0 0.677865 0.343056 0.00677083 0.012037 0.493448
0 0.558333 0.587963 0.00625 0.0111111 0.495101
0 0.510938 0.270833 0.00625 0.0101852 0.495828
0 0.766146 0.543519 0.00625 0.0111111 0.509279
0 0.427865 0.771759 0.0078125 0.012037 0.515832
0 0.753646 0.808796 0.00625 0.012037 0.574872
0 0.702604 0.795833 0.00625 0.012037 0.577454
0 0.708073 0.706944 0.00677083 0.012037 0.579981
0 0.68125 0.256944 0.00729167 0.012037 0.596474
0 0.760417 0.719907 0.00729167 0.012037 0.603994
0 0.429948 0.669444 0.00572917 0.0111111 0.609137
0 0.77526 0.368056 0.0078125 0.012037 0.632805
0 0.725521 0.355556 0.00729167 0.012963 0.645091
0 0.441146 0.463426 0.00729167 0.012037 0.652229
0 0.779427 0.281019 0.00677083 0.012037 0.654274
0 0.770312 0.456019 0.00729167 0.012037 0.658658
0 0.460677 0.15787 0.0078125 0.0101852 0.672112
0 0.722135 0.44213 0.0078125 0.0157407 0.674738
0 0.729688 0.268056 0.00833333 0.0138889 0.686896
0 0.453906 0.258333 0.00677083 0.012963 0.690755
0 0.713021 0.615741 0.00833333 0.012963 0.692783
0 0.435677 0.562963 0.00677083 0.012963 0.702263
0 0.764063 0.628704 0.00833333 0.0148148 0.71007
0 0.447396 0.358796 0.00625 0.0138889 0.716349
0 0.672656 0.428241 0.0109375 0.0175926 0.728053
