0 0.665365 0.672685 0.00572917 0.012037 0.265481
0 0.565885 0.551389 0.00572917 0.012037 0.271666
0 0.56875 0.65 0.00729167 0.012963 0.29974
0 0.66901 0.504167 0.00677083 0.012037 0.303271
0 0.522917 0.63287 0.00625 0.012037 0.308992
0 0.611198 0.911111 0.00572917 0.0111111 0.340853
0 0.667188 0.590278 0.00625 0.012037 0.3426
0 0.658594 0.923148 0.00572917 0.0111111 0.345614
0 0.565365 0.813889 0.00572917 0.0111111 0.349706
0 0.717708 0.515741 0.00625 0.0111111 0.353886
0 0.563542 0.895833 0.00625 0.012037 0.375685
0 0.47474 0.702315 0.00677083 0.012037 0.37994
0 0.517187 0.798148 0.00625 0.0111111 0.383404
0 0.476823 0.621759 0.00677083 0.012037 0.396461
0 0.707812 0.939815 0.00625 0.0111111 0.404218
0 0.521094 0.714352 0.0078125 0.012037 0.415472
0 0.471094 0.867593 0.00677083 0.0111111 0.448783
0 0.569792 0.458796 0.00729167 0.012037 0.472306
0 0.76276 0.7 0.0078125 0.012963 0.472859
0 0.709115 0.85463 0.00677083 0.0111111 0.487224
0 0.75625 0.956019 0.00729167 0.012037 0.500849
0 0.472917 0.782407 0.00625 0.012963 0.52836
0 0.516667 0.880556 0.00729167 0.012963 0.530307
0 0.568229 0.72963 0.00833333 0.0148148 0.547141
0 0.713802 0.685185 0.0078125 0.012963 0.562243
0 0.513021 0.538426 0.00729167 0.012037 0.565714
0 0.766667 0.530556 0.00729167 0.0111111 0.569245
0 0.623177 0.403704 0.00885417 0.012963 0.576835
0 0.714844 0.602778 0.00677083 0.012963 0.580563
0 0.571615 0.371759 0.0078125 0.012037 0.585046
0 0.463281 0.522222 0.0078125 0.012963 0.609119
0 0.758854 0.872685 0.00729167 0.012037 0.610038
0 0.671094 0.417593 0.0078125 0.012963 0.619158
0 0.765365 0.61713 0.00677083 0.012037 0.623603
0 0.710938 0.770833 0.00729167 0.012037 0.639871
0 0.760417 0.784259 0.00729167 0.012963 0.643189
0 0.508594 0.431481 0.0078125 0.0111111 0.649129
0 0.720312 0.431019 0.00833333 0.0138889 0.677378
0 0.454427 0.419907 0.0078125 0.0138889 0.698508
0 0.5125 0.338426 0.00833333 0.012037 0.708906
0 0.457292 0.324074 0.00729167 0.012963 0.714882
0 0.76901 0.444907 0.00885417 0.0138889 0.735112
