0 0.317775 0.808608 0.006779 0.011213
0 0.312875 0.707991 0.005836 0.012889
0 0.318508 0.592535 0.007917 0.013236
0 0.325013 0.480248 0.008485 0.014247
0 0.319527 0.377365 0.006258 0.011126
0 0.314313 0.274921 0.007820 0.011386
0 0.309985 0.166836 0.008436 0.013322
0 0.376934 0.807547 0.007250 0.010375
0 0.374074 0.705359 0.009380 0.011646
0 0.375689 0.586087 0.006925 0.013987
0 0.381167 0.474354 0.006210 0.010201
0 0.378112 0.374501 0.005689 0.010115
0 0.371807 0.270299 0.004031 0.008005
0 0.368012 0.162632 0.006779 0.011213
0 0.437523 0.801725 0.006681 0.009363
0 0.433856 0.698681 0.007250 0.010375
0 0.434107 0.577212 0.007543 0.015924
0 0.437803 0.467027 0.007299 0.011300
0 0.433760 0.369115 0.006876 0.013062
0 0.429665 0.269354 0.008339 0.011472
0 0.426456 0.154681 0.007299 0.011300
0 0.499646 0.794840 0.006210 0.010201
0 0.497281 0.691681 0.006356 0.012976
0 0.493981 0.573771 0.006210 0.010201
0 0.493163 0.470011 0.008388 0.012398
0 0.492021 0.363963 0.007625 0.007686
0 0.487601 0.261912 0.005787 0.011964
0 0.486055 0.150800 0.004552 0.008092
0 0.561367 0.792162 0.007771 0.010461
0 0.559483 0.687570 0.005689 0.010115
0 0.552503 0.568595 0.006730 0.010288
0 0.549786 0.462222 0.004031 0.008004
0 0.547408 0.358600 0.005072 0.008178
0 0.547124 0.255257 0.005120 0.009103
0 0.542744 0.145323 0.003462 0.006994
0 0.621917 0.784952 0.006210 0.010201
0 0.621241 0.686279 0.008436 0.013323
0 0.610948 0.560644 0.007543 0.015924
0 0.604368 0.456004 0.004275 0.012629
0 0.605137 0.353031 0.007495 0.014999
0 0.604085 0.250219 0.011331 0.019305
0 0.602059 0.140540 0.006828 0.012138
0 0.681505 0.780610 0.008908 0.012484
0 0.684016 0.674701 0.013980 0.020664
0 0.670573 0.557688 0.004698 0.010866
0 0.660054 0.452006 0.007299 0.011300
0 0.659041 0.350582 0.007868 0.012311
0 0.661903 0.247887 0.006779 0.011213
0 0.661881 0.135250 0.005884 0.013814
