0 0.722135 0.679167 0.00885417 0.0157407 0.295113
0 0.764323 0.895833 0.0078125 0.0138889 0.302135
0 0.702865 0.765278 0.00989583 0.0157407 0.30944
0 0.775781 0.69213 0.00677083 0.012037 0.31962
0 0.610417 0.648148 0.00729167 0.012963 0.33325
0 0.515625 0.293056 0.00729167 0.0101852 0.341374
0 0.594792 0.854167 0.00833333 0.0138889 0.342508
0 0.469271 0.935648 0.00625 0.0101852 0.346944
0 0.79349 0.585648 0.0078125 0.012037 0.347057
0 0.618229 0.542593 0.00729167 0.012963 0.34922
0 0.676042 0.55787 0.00729167 0.0138889 0.349339
0 0.650521 0.869444 0.00729167 0.012963 0.361238
0 0.696615 0.337963 0.0078125 0.0111111 0.366568
0 0.526302 0.95 0.0078125 0.012963 0.401543
0 0.575781 0.30787 0.0078125 0.0101852 0.412315
0 0.689844 0.439815 0.00677083 0.0111111 0.41234
0 0.410937 0.920833 0.00833333 0.012037 0.420264
0 0.628385 0.427315 0.00677083 0.012037 0.427304
0 0.479167 0.826389 0.00729167 0.012037 0.436305
0 0.734115 0.573148 0.00885417 0.0185185 0.445955
0 0.554948 0.637963 0.0078125 0.0148148 0.447144
0 0.564844 0.410648 0.00677083 0.012037 0.463684
0 0.811719 0.472222 0.0140625 0.0222222 0.470851
0 0.455469 0.281944 0.00885417 0.012037 0.475865
0 0.770312 0.791667 0.009375 0.012963 0.485149
0 0.758333 0.350926 0.00833333 0.0111111 0.48931
0 0.490625 0.725 0.00729167 0.012963 0.4943
0 0.709115 0.883333 0.0119792 0.0203704 0.495486
0 0.816927 0.366204 0.00885417 0.0138889 0.497213
0 0.44349 0.6125 0.00885417 0.0157407 0.498634
0 0.505469 0.393981 0.0078125 0.012037 0.509274
0 0.421354 0.814352 0.00833333 0.0138889 0.514784
0 0.535937 0.839352 0.009375 0.0157407 0.543864
0 0.49974 0.626389 0.0078125 0.0138889 0.555485
0 0.560677 0.530556 0.0078125 0.0148148 0.557641
0 0.433333 0.713426 0.00729167 0.0138889 0.56443
0 0.442708 0.498611 0.00729167 0.0138889 0.565837
0 0.751302 0.452778 0.00989583 0.0148148 0.578918
0 0.546094 0.737963 0.0078125 0.0148148 0.583455
0 0.445573 0.382407 0.00885417 0.0148148 0.590457
0 0.500781 0.512963 0.0078125 0.0148148 0.597914
