0 0.450781 0.903704 0.0078125 0.012963 0.40968
0 0.67526 0.741204 0.0078125 0.012037 0.437866
0 0.572656 0.435648 0.00677083 0.012037 0.593145
0 0.51875 0.623148 0.00833333 0.012963 0.598201
0 0.739323 0.365278 0.00989583 0.0212963 0.599226
0 0.628385 0.445833 0.0078125 0.012037 0.615747
0 0.717708 0.75 0.00833333 0.012963 0.63848
0 0.458333 0.609722 0.00833333 0.0138889 0.656731
0 0.765104 0.694444 0.00833333 0.0148148 0.664177
0 0.71849 0.675 0.00885417 0.012963 0.693347
0 0.727604 0.599537 0.00729167 0.012037 0.700181
0 0.519531 0.91713 0.0109375 0.0157407 0.704245
0 0.628385 0.573611 0.00677083 0.012037 0.71262
0 0.579948 0.553241 0.00677083 0.012037 0.713152
0 0.779688 0.619444 0.00729167 0.012963 0.716071
0 0.457292 0.512037 0.00729167 0.012963 0.717896
0 0.761979 0.902315 0.00833333 0.0138889 0.724738
0 0.764583 0.82963 0.00833333 0.0148148 0.733106
0 0.517448 0.713889 0.00885417 0.0148148 0.734201
0 0.67526 0.818056 0.00677083 0.0138889 0.741266
0 0.455208 0.306019 0.00729167 0.0138889 0.743936
0 0.678125 0.581481 0.00833333 0.0148148 0.745857
0 0.588281 0.646296 0.0078125 0.012963 0.752381
0 0.455208 0.712963 0.0125 0.0166667 0.754799
0 0.592969 0.73287 0.00885417 0.0138889 0.755058
0 0.732552 0.473611 0.0078125 0.0157407 0.75599
0 0.451823 0.812037 0.0119792 0.0166667 0.759709
0 0.784115 0.503241 0.00885417 0.0157407 0.760924
0 0.673698 0.896296 0.0078125 0.0148148 0.761081
0 0.516667 0.313426 0.00729167 0.0138889 0.767376
0 0.717969 0.821759 0.0078125 0.0157407 0.771283
0 0.519792 0.816667 0.0114583 0.0166667 0.774763
0 0.583594 0.817593 0.0078125 0.0148148 0.78007
0 0.454167 0.408333 0.009375 0.0185185 0.785688
0 0.780729 0.369907 0.00833333 0.0175926 0.790355
0 0.515625 0.420833 0.00833333 0.0157407 0.792464
0 0.634635 0.669444 0.0119792 0.0185185 0.796495
0 0.582292 0.90463 0.00729167 0.0185185 0.804227
0 0.629948 0.336111 0.0078125 0.0148148 0.809206
0 0.57474 0.326389 0.0078125 0.0175926 0.812912
0 0.717969 0.892593 0.00885417 0.0185185 0.82073
0 0.673698 0.6625 0.00989583 0.0194444 0.824753
0 0.51849 0.52037 0.00989583 0.0185185 0.832065
0 0.630469 0.899537 0.0078125 0.0212963 0.835321
0 0.682292 0.46713 0.00833333 0.0194444 0.836111
0 0.634115 0.80787 0.00989583 0.0194444 0.845787
0 0.766146 0.760648 0.0135417 0.0212963 0.856175
0 0.684115 0.348148 0.0109375 0.0203704 0.857599
