0 0.479167 0.380093 0.00833333 0.0157407 0.258715
0 0.583073 0.668981 0.00677083 0.012037 0.397294
0 0.575781 0.83287 0.0078125 0.012037 0.413372
0 0.526042 0.831481 0.00729167 0.012963 0.481207
0 0.53099 0.752315 0.0078125 0.012037 0.493807
0 0.73099 0.552778 0.00677083 0.0111111 0.51197
0 0.690885 0.475 0.00677083 0.0111111 0.530897
0 0.734896 0.463889 0.00625 0.0111111 0.538312
0 0.482031 0.492593 0.0130208 0.0203704 0.545153
0 0.725781 0.636574 0.0078125 0.012037 0.560133
0 0.478385 0.840741 0.0078125 0.012963 0.562439
0 0.603125 0.380093 0.00833333 0.0138889 0.572396
0 0.721094 0.725463 0.0078125 0.012037 0.577713
0 0.684896 0.5625 0.00729167 0.0101852 0.578268
0 0.578646 0.751389 0.00833333 0.012037 0.578643
0 0.623698 0.822685 0.0078125 0.012037 0.591946
0 0.6375 0.571759 0.00729167 0.012037 0.594504
0 0.590885 0.480556 0.00885417 0.0148148 0.594849
0 0.634896 0.653241 0.00833333 0.012037 0.596626
0 0.530469 0.58287 0.00885417 0.0138889 0.597495
0 0.675781 0.732407 0.00885417 0.012963 0.618616
0 0.672135 0.814352 0.00885417 0.0138889 0.638283
0 0.784115 0.458796 0.0078125 0.012037 0.646292
0 0.474219 0.911111 0.0078125 0.012963 0.646863
0 0.620313 0.905093 0.00729167 0.012037 0.65004
0 0.642969 0.484722 0.0078125 0.012037 0.65331
0 0.483594 0.763889 0.00885417 0.0148148 0.654694
0 0.717188 0.811574 0.00833333 0.012037 0.65847
0 0.680729 0.645833 0.00833333 0.012037 0.669067
0 0.533594 0.675 0.00885417 0.0148148 0.682801
0 0.774219 0.63287 0.00885417 0.0138889 0.68855
0 0.740885 0.376852 0.0078125 0.012963 0.691098
0 0.759635 0.887963 0.00885417 0.012963 0.697777
0 0.667188 0.901852 0.00729167 0.012963 0.698201
0 0.521875 0.912963 0.00729167 0.012963 0.698449
0 0.571354 0.914352 0.00729167 0.0138889 0.705206
0 0.583333 0.575 0.00729167 0.0148148 0.709491
0 0.713542 0.89537 0.00833333 0.012963 0.709883
0 0.627344 0.741667 0.00989583 0.012963 0.712525
0 0.777865 0.547685 0.00885417 0.0138889 0.742738
0 0.695052 0.380093 0.0078125 0.0138889 0.753903
0 0.64974 0.393519 0.0078125 0.0148148 0.765124
0 0.7875 0.375 0.00833333 0.0148148 0.769621
0 0.765104 0.815741 0.009375 0.0148148 0.777542
0 0.76901 0.722685 0.0109375 0.0157407 0.786055
0 0.542969 0.376852 0.0109375 0.0185185 0.800636
