0 0.608073 0.827315 0.00572917 0.0101852 0.252349
0 0.56875 0.655556 0.00625 0.0111111 0.256153
0 0.659896 0.749537 0.00625 0.0101852 0.257715
0 0.699479 0.925 0.00625 0.0111111 0.261472
0 0.748698 0.931481 0.0078125 0.0111111 0.275074
0 0.651563 0.918981 0.00625 0.0101852 0.284581
0 0.604427 0.915278 0.00572917 0.0101852 0.291199
0 0.725521 0.411574 0.00729167 0.012037 0.295232
0 0.675781 0.407407 0.0078125 0.0111111 0.29891
0 0.55651 0.907407 0.00572917 0.0111111 0.317869
0 0.704687 0.840278 0.00625 0.0101852 0.320477
0 0.465365 0.89537 0.00677083 0.0111111 0.352414
0 0.71276 0.668056 0.00677083 0.012037 0.353792
0 0.514844 0.557407 0.00572917 0.0111111 0.385031
0 0.509375 0.901389 0.00729167 0.012037 0.388186
0 0.51901 0.733333 0.00677083 0.0111111 0.389194
0 0.707812 0.753704 0.00625 0.0111111 0.411688
0 0.476562 0.647222 0.00625 0.012963 0.430515
0 0.46849 0.811111 0.00677083 0.0111111 0.459793
0 0.753385 0.849074 0.00677083 0.0111111 0.481174
0 0.521875 0.650926 0.00625 0.012963 0.498289
0 0.51224 0.45 0.00885417 0.012963 0.536189
0 0.465104 0.550463 0.00729167 0.012037 0.539443
0 0.472396 0.730093 0.00729167 0.012037 0.543573
0 0.764844 0.591204 0.00677083 0.012037 0.562773
0 0.769271 0.502315 0.00729167 0.012037 0.570553
0 0.51849 0.358333 0.0078125 0.0111111 0.580737
0 0.761198 0.674537 0.0078125 0.0138889 0.588476
0 0.458854 0.449074 0.00833333 0.012963 0.597935
0 0.757292 0.760648 0.00729167 0.012037 0.600484
0 0.463802 0.353241 0.0078125 0.0138889 0.667103
0 0.773698 0.416667 0.00885417 0.012963 0.689727
