0 0.759115 0.423148 0.00677083 0.0111111 0.382252
0 0.716406 0.409259 0.0078125 0.012963 0.46025
0 0.617448 0.365741 0.00885417 0.0166667 0.463375
0 0.671615 0.397685 0.0078125 0.0138889 0.496796
0 0.755729 0.510648 0.00833333 0.0138889 0.568848
0 0.763021 0.336111 0.00729167 0.0111111 0.569537
0 0.500781 0.219444 0.00885417 0.0166667 0.583977
0 0.665625 0.47963 0.00729167 0.0111111 0.597498
0 0.80026 0.614352 0.00677083 0.012037 0.597747
0 0.571354 0.2375 0.00833333 0.0138889 0.606104
0 0.495052 0.3125 0.0119792 0.0157407 0.607091
0 0.710938 0.493056 0.00833333 0.012037 0.612186
0 0.633073 0.273611 0.0078125 0.0138889 0.614023
0 0.707292 0.584722 0.00729167 0.012037 0.620304
0 0.46901 0.815741 0.0130208 0.0203704 0.621174
0 0.488021 0.414352 0.009375 0.012037 0.645863
0 0.660156 0.662037 0.0078125 0.012963 0.646918
0 0.808073 0.439815 0.00677083 0.0111111 0.647824
0 0.56224 0.337963 0.0109375 0.0148148 0.652697
0 0.75026 0.6 0.00677083 0.012963 0.656342
0 0.663542 0.571296 0.00833333 0.012963 0.669959
0 0.611979 0.456944 0.00833333 0.012037 0.67142
0 0.745052 0.777778 0.0078125 0.012963 0.686081
0 0.703646 0.674537 0.00833333 0.012037 0.694987
0 0.723177 0.321296 0.00885417 0.0148148 0.709527
0 0.699219 0.763426 0.00885417 0.0138889 0.712891
0 0.472396 0.715741 0.00833333 0.012963 0.71371
0 0.81276 0.352315 0.0078125 0.012037 0.715674
0 0.556771 0.434259 0.00833333 0.012963 0.716822
0 0.47474 0.613889 0.00989583 0.0148148 0.720081
0 0.683333 0.310648 0.00729167 0.0138889 0.725901
0 0.748958 0.686111 0.00833333 0.012963 0.735218
0 0.796094 0.703241 0.0078125 0.0138889 0.735617
0 0.805729 0.528241 0.009375 0.0138889 0.742197
0 0.79401 0.798611 0.00989583 0.0138889 0.74934
0 0.604688 0.748148 0.009375 0.012963 0.753286
0 0.695833 0.856481 0.009375 0.0148148 0.756952
0 0.480729 0.516204 0.0104167 0.0138889 0.756965
0 0.609635 0.650463 0.00885417 0.0138889 0.758796
0 0.658594 0.751389 0.0109375 0.0175926 0.768757
0 0.547135 0.739352 0.00885417 0.0138889 0.773975
0 0.739062 0.86713 0.00833333 0.0138889 0.775519
0 0.54974 0.636574 0.0119792 0.0157407 0.784208
0 0.786979 0.885648 0.0104167 0.0157407 0.78676
0 0.613021 0.840741 0.00833333 0.0148148 0.791042
0 0.552865 0.538426 0.0109375 0.0175926 0.805442
0 0.608333 0.556019 0.009375 0.0157407 0.809998
0 0.543229 0.8375 0.0135417 0.0175926 0.839877
