0 0.736198 0.35 0.00677083 0.0111111 0.250603
0 0.650521 0.459259 0.00729167 0.0111111 0.288389
0 0.73151 0.262037 0.00677083 0.0111111 0.302169
0 0.65651 0.549074 0.00572917 0.0111111 0.365405
0 0.53724 0.276389 0.0078125 0.0138889 0.401203
0 0.59974 0.276852 0.0078125 0.012963 0.403571
0 0.59375 0.368519 0.00833333 0.012963 0.426336
0 0.779427 0.251389 0.00677083 0.012037 0.436096
0 0.690625 0.272685 0.00729167 0.012037 0.436666
0 0.690885 0.362037 0.0078125 0.012963 0.438065
0 0.535417 0.379167 0.00833333 0.012037 0.450728
0 0.471875 0.497685 0.00833333 0.012037 0.461789
0 0.469792 0.393056 0.0104167 0.0138889 0.467225
0 0.715625 0.809722 0.0104167 0.0175926 0.469387
0 0.700521 0.537963 0.00625 0.0111111 0.470139
0 0.650521 0.284259 0.00729167 0.012963 0.479145
0 0.744531 0.527315 0.00677083 0.012037 0.486689
0 0.675521 0.814815 0.009375 0.0166667 0.49125
0 0.661979 0.638889 0.00625 0.012963 0.49667
0 0.540365 0.476389 0.0078125 0.0138889 0.503157
0 0.79375 0.5125 0.00729167 0.012037 0.505417
0 0.479948 0.69537 0.00885417 0.012963 0.505764
0 0.484635 0.8 0.0078125 0.0111111 0.508332
0 0.552865 0.676389 0.00989583 0.0138889 0.508573
0 0.616927 0.75463 0.00885417 0.0148148 0.516409
0 0.61276 0.65787 0.00885417 0.0138889 0.51944
0 0.474219 0.6 0.00885417 0.012963 0.522162
0 0.647656 0.375926 0.0078125 0.012963 0.523404
0 0.752344 0.612037 0.0078125 0.0111111 0.528687
0 0.596615 0.468519 0.00989583 0.0148148 0.531071
0 0.558854 0.779167 0.00833333 0.012037 0.538608
0 0.602604 0.565278 0.009375 0.0138889 0.540608
0 0.758073 0.793519 0.0078125 0.0148148 0.545466
0 0.784896 0.339352 0.00625 0.0101852 0.546143
0 0.791146 0.428704 0.009375 0.012963 0.563308
0 0.754167 0.705556 0.00833333 0.012963 0.5708
0 0.466667 0.296296 0.00833333 0.0148148 0.575265
0 0.667969 0.727315 0.0109375 0.0175926 0.577332
0 0.70625 0.627778 0.00833333 0.012963 0.577489
0 0.710417 0.71713 0.009375 0.0138889 0.581916
0 0.545833 0.581019 0.0114583 0.0157407 0.584825
0 0.807031 0.785185 0.00989583 0.0148148 0.59103
0 0.805729 0.696296 0.0114583 0.0148148 0.594726
0 0.798698 0.602778 0.00885417 0.012963 0.601482
0 0.633594 0.840278 0.00885417 0.0138889 0.620865
0 0.565365 0.875 0.0119792 0.0166667 0.638487
0 0.491146 0.89537 0.0125 0.0166667 0.640083
