0 0.504167 0.867593 0.00625 0.0111111 0.338722
0 0.623177 0.661111 0.00677083 0.012963 0.341729
0 0.651042 0.475926 0.00625 0.0111111 0.357947
0 0.641927 0.825 0.00572917 0.0111111 0.363891
0 0.726823 0.715741 0.00677083 0.0111111 0.413601
0 0.698698 0.89537 0.00572917 0.0111111 0.415291
0 0.653125 0.910185 0.00625 0.0111111 0.424062
0 0.690104 0.813426 0.00625 0.0101852 0.424086
0 0.576823 0.677315 0.0078125 0.0138889 0.447786
0 0.557813 0.936111 0.00625 0.0111111 0.448268
0 0.678646 0.72963 0.00729167 0.012963 0.45128
0 0.632812 0.740278 0.00729167 0.012037 0.470364
0 0.513021 0.950926 0.00625 0.0111111 0.474396
0 0.496354 0.784722 0.00625 0.012037 0.476296
0 0.594792 0.841204 0.00625 0.012037 0.477301
0 0.613542 0.574074 0.00729167 0.0148148 0.480389
0 0.602865 0.490741 0.0078125 0.012963 0.481412
0 0.747135 0.881944 0.0078125 0.012037 0.506776
0 0.77526 0.697685 0.0078125 0.012037 0.521319
0 0.736458 0.796759 0.00625 0.012037 0.540241
0 0.604427 0.924074 0.00677083 0.012963 0.545628
0 0.671354 0.643519 0.00729167 0.012963 0.558164
0 0.59401 0.405556 0.00885417 0.012963 0.56594
0 0.547656 0.85463 0.00572917 0.0111111 0.572371
0 0.661458 0.560185 0.00729167 0.012963 0.575254
0 0.559375 0.584259 0.00729167 0.012963 0.581008
0 0.698958 0.459722 0.00729167 0.012037 0.583862
0 0.794792 0.868519 0.00833333 0.012963 0.584963
0 0.550521 0.493056 0.00833333 0.0138889 0.586713
0 0.641406 0.390278 0.00885417 0.0138889 0.595976
0 0.75625 0.531018 0.00729167 0.012037 0.603501
0 0.540365 0.404167 0.0078125 0.012037 0.622168
0 0.586198 0.756481 0.0078125 0.012963 0.625515
0 0.717188 0.628241 0.00833333 0.012037 0.629001
0 0.765625 0.614815 0.00833333 0.0148148 0.636779
0 0.530208 0.687963 0.00729167 0.0148148 0.647174
0 0.509375 0.601389 0.00729167 0.012037 0.648365
0 0.460677 0.615278 0.00677083 0.0138889 0.648969
0 0.708333 0.545833 0.00729167 0.0138889 0.660531
0 0.540104 0.770833 0.00833333 0.0138889 0.664187
0 0.746615 0.446759 0.0078125 0.012037 0.668589
0 0.785937 0.784259 0.00833333 0.012963 0.680471
0 0.438281 0.519907 0.0078125 0.0157407 0.681301
0 0.490104 0.500463 0.00833333 0.0138889 0.695084
0 0.427083 0.425 0.00833333 0.0148148 0.697805
0 0.486198 0.703704 0.0078125 0.0148148 0.702752
0 0.480208 0.409259 0.00833333 0.0148148 0.742296
0 0.689583 0.375463 0.009375 0.0157407 0.744365
0 0.736719 0.361111 0.00885417 0.0166667 0.799191
