0 0.646094 0.738426 0.00677083 0.0101852 0.255148
0 0.704948 0.372685 0.0078125 0.0101852 0.256581
0 0.47526 0.360185 0.00677083 0.0111111 0.270641
0 0.475781 0.259722 0.00572917 0.0101852 0.29779
0 0.593229 0.363426 0.00729167 0.0101852 0.311251
0 0.416146 0.35787 0.00520833 0.0101852 0.347355
0 0.417708 0.568056 0.00520833 0.0101852 0.359051
0 0.416927 0.463889 0.00572917 0.0111111 0.361491
0 0.738542 0.570833 0.00729167 0.0101852 0.376891
0 0.75599 0.28287 0.00677083 0.0101852 0.407232
0 0.738021 0.653704 0.00729167 0.0111111 0.41488
0 0.41849 0.670833 0.00572917 0.0101852 0.439634
0 0.74974 0.480093 0.0078125 0.0101852 0.444197
0 0.646354 0.825 0.00729167 0.0111111 0.452493
0 0.544271 0.853241 0.00729167 0.0101852 0.469131
0 0.420052 0.774074 0.00677083 0.0111111 0.485558
0 0.479688 0.775 0.00833333 0.0111111 0.542706
0 0.598437 0.827778 0.00729167 0.0111111 0.548366
0 0.757812 0.376852 0.00729167 0.0111111 0.568928
0 0.739323 0.824074 0.00885417 0.012963 0.58933
