0 0.632292 0.70463 0.00729167 0.012963 0.266858
0 0.482031 0.34213 0.00677083 0.012037 0.267343
0 0.677604 0.430556 0.00625 0.0111111 0.270552
0 0.589844 0.709259 0.0078125 0.0148148 0.27417
0 0.535937 0.2625 0.00729167 0.012037 0.282852
0 0.63099 0.613889 0.0078125 0.012963 0.283002
0 0.491406 0.535185 0.0078125 0.012963 0.287523
0 0.586719 0.615741 0.00885417 0.0166667 0.301039
0 0.678385 0.522222 0.00677083 0.0111111 0.301163
0 0.54974 0.70463 0.00885417 0.0148148 0.309427
0 0.677083 0.344907 0.00833333 0.012037 0.312307
0 0.485417 0.440278 0.00833333 0.0138889 0.316352
0 0.68099 0.705093 0.00885417 0.0138889 0.325318
0 0.542708 0.172222 0.00625 0.0111111 0.32846
0 0.68151 0.615741 0.0109375 0.0148148 0.362683
0 0.428646 0.1375 0.00625 0.012037 0.363005
0 0.358073 0.345833 0.0078125 0.012037 0.368471
0 0.426562 0.338889 0.00729167 0.0111111 0.37289
0 0.43151 0.54213 0.00885417 0.012037 0.375288
0 0.360417 0.647222 0.00625 0.0111111 0.376088
0 0.544792 0.616204 0.009375 0.0175926 0.378412
0 0.358333 0.544444 0.00729167 0.012963 0.395097
0 0.357812 0.14537 0.00729167 0.012963 0.395242
0 0.35599 0.447685 0.0078125 0.012037 0.395551
0 0.358854 0.243056 0.0104167 0.0138889 0.39671
0 0.434896 0.645833 0.00625 0.0101852 0.398009
0 0.507031 0.723611 0.0078125 0.0138889 0.400131
0 0.493229 0.63287 0.00833333 0.0138889 0.406468
0 0.429167 0.443519 0.00729167 0.012963 0.417776
0 0.484115 0.239815 0.00885417 0.0148148 0.423014
0 0.491927 0.152778 0.00677083 0.0111111 0.425854
0 0.425521 0.239352 0.00729167 0.012037 0.44374
0 0.364062 0.747222 0.009375 0.0166667 0.45707
0 0.438542 0.743056 0.0135417 0.0175926 0.489861
