0 0.432031 0.899537 0.0078125 0.012037 0.376131
0 0.586979 0.431944 0.00729167 0.012037 0.445934
0 0.439583 0.808333 0.0135417 0.0148148 0.479904
0 0.666406 0.740741 0.00677083 0.0111111 0.485312
0 0.641667 0.446296 0.00729167 0.012963 0.501401
0 0.467187 0.507407 0.00729167 0.012963 0.520604
0 0.460677 0.606019 0.0078125 0.0138889 0.52218
0 0.511979 0.713426 0.00833333 0.0138889 0.537524
0 0.748438 0.83287 0.00833333 0.0157407 0.545088
0 0.520573 0.622685 0.00885417 0.0138889 0.553264
0 0.758854 0.694907 0.00729167 0.0138889 0.563183
0 0.56875 0.814815 0.00729167 0.0166667 0.563636
0 0.53125 0.416204 0.00833333 0.0157407 0.56489
0 0.660417 0.817593 0.00625 0.012963 0.57637
0 0.480469 0.301389 0.00677083 0.0138889 0.585724
0 0.708594 0.751389 0.00885417 0.0138889 0.594531
0 0.585938 0.731481 0.0104167 0.0148148 0.594695
0 0.506771 0.816204 0.0104167 0.0175926 0.600779
0 0.586719 0.644907 0.0078125 0.0138889 0.601636
0 0.632031 0.572222 0.00677083 0.012963 0.604498
0 0.585677 0.551852 0.00677083 0.012963 0.606489
0 0.715104 0.676852 0.00833333 0.0148148 0.609445
0 0.5625 0.902778 0.00729167 0.0185185 0.611397
0 0.540625 0.310648 0.00729167 0.0138889 0.617716
0 0.756771 0.367593 0.0104167 0.0203704 0.621111
0 0.779167 0.621759 0.00729167 0.0138889 0.626634
0 0.653646 0.896296 0.00729167 0.0148148 0.633811
0 0.68099 0.581019 0.0078125 0.0138889 0.634691
0 0.703125 0.824537 0.00833333 0.0175926 0.636943
0 0.728646 0.600926 0.00729167 0.012963 0.641874
0 0.791146 0.506481 0.009375 0.0166667 0.642555
0 0.741146 0.90463 0.009375 0.0166667 0.643801
0 0.742188 0.474537 0.00729167 0.0157407 0.645291
0 0.620573 0.807407 0.00989583 0.0185185 0.651978
0 0.451042 0.709722 0.0135417 0.0194444 0.659357
0 0.797917 0.372685 0.00833333 0.0175926 0.661644
0 0.63099 0.666204 0.0119792 0.0194444 0.66287
0 0.527604 0.518056 0.009375 0.0175926 0.663325
0 0.471354 0.401852 0.0104167 0.0185185 0.670467
0 0.498958 0.912037 0.0135417 0.0203704 0.672629
0 0.651563 0.335648 0.009375 0.0157407 0.676575
0 0.693229 0.466667 0.00833333 0.0185185 0.686005
0 0.611198 0.899074 0.00989583 0.0222222 0.692875
0 0.596094 0.325463 0.00989583 0.0175926 0.697406
0 0.703125 0.348148 0.0125 0.0185185 0.716801
0 0.755469 0.7625 0.0140625 0.0194444 0.729529
0 0.671354 0.662037 0.0104167 0.0203704 0.746205
0 0.698177 0.894907 0.00885417 0.0194444 0.747472
