0 0.605729 0.472222 0.0125 0.0166667 0.254987
0 0.663802 0.480093 0.00885417 0.0157407 0.257383
0 0.701042 0.666667 0.00729167 0.012963 0.26631
0 0.697135 0.900463 0.00885417 0.012037 0.267953
0 0.553646 0.358333 0.009375 0.0148148 0.283644
0 0.747656 0.747685 0.0078125 0.0138889 0.283967
0 0.700521 0.743056 0.00729167 0.012037 0.288205
0 0.709375 0.580556 0.00729167 0.012963 0.291074
0 0.609115 0.355093 0.0109375 0.0194444 0.307987
0 0.757292 0.587963 0.00729167 0.0148148 0.315087
0 0.770573 0.362037 0.0078125 0.0148148 0.323081
0 0.748438 0.676852 0.00833333 0.0166667 0.326467
0 0.717448 0.47037 0.0130208 0.0240741 0.339858
0 0.665104 0.360648 0.00833333 0.0175926 0.346605
0 0.771615 0.468981 0.00885417 0.0194444 0.353197
0 0.719271 0.359722 0.009375 0.0194444 0.366504
0 0.745313 0.899074 0.00729167 0.012963 0.381636
