0 0.648958 0.776389 0.00520833 0.0101852 0.269216
0 0.70651 0.688426 0.00572917 0.0101852 0.28295
0 0.634635 0.329167 0.00677083 0.012037 0.296122
0 0.526563 0.189352 0.00729167 0.0101852 0.298323
0 0.68776 0.24537 0.00572917 0.00925926 0.306478
0 0.544271 0.793056 0.00625 0.0101852 0.321207
0 0.717708 0.509722 0.00520833 0.0101852 0.330593
0 0.516667 0.294907 0.00625 0.0101852 0.341344
0 0.767969 0.513426 0.00572917 0.0101852 0.364258
0 0.486719 0.710648 0.00572917 0.0101852 0.372523
0 0.425 0.812037 0.00729167 0.0111111 0.413987
0 0.67526 0.41713 0.00885417 0.0138889 0.424435
0 0.71276 0.597222 0.0078125 0.0111111 0.43425
0 0.729427 0.334259 0.00572917 0.0111111 0.443826
0 0.725 0.421759 0.00625 0.012037 0.447613
0 0.773438 0.425 0.00625 0.0111111 0.452367
0 0.758854 0.691204 0.00625 0.0101852 0.457934
0 0.750781 0.781018 0.00572917 0.0101852 0.458272
0 0.7 0.777778 0.00625 0.0111111 0.461907
0 0.736198 0.246759 0.00677083 0.0101852 0.526758
0 0.779688 0.3375 0.00625 0.0101852 0.536756
0 0.763542 0.599074 0.00729167 0.0111111 0.539291
0 0.784896 0.25 0.00625 0.0111111 0.557815
0 0.436719 0.601852 0.00572917 0.0111111 0.567857
0 0.429167 0.708333 0.00625 0.0111111 0.580775
0 0.468229 0.191204 0.00625 0.0101852 0.586268
0 0.451562 0.39537 0.00625 0.012963 0.594928
0 0.443229 0.500463 0.00625 0.012037 0.612499
0 0.459896 0.294444 0.00625 0.0111111 0.680009
