0 0.723698 0.333796 0.00677083 0.0101852 0.365778
0 0.715625 0.247222 0.00729167 0.0111111 0.378512
0 0.763542 0.229167 0.00729167 0.012037 0.467058
0 0.679688 0.350926 0.00729167 0.0111111 0.467212
0 0.684115 0.80463 0.00885417 0.0166667 0.479478
0 0.64349 0.453704 0.00677083 0.0111111 0.500257
0 0.772917 0.314352 0.00625 0.0101852 0.562816
0 0.653646 0.54213 0.00729167 0.0138889 0.577005
0 0.451042 0.322685 0.00833333 0.0157407 0.593403
0 0.636979 0.372222 0.00729167 0.0111111 0.598168
0 0.735156 0.418981 0.0078125 0.012037 0.601354
0 0.52526 0.391667 0.00885417 0.0148148 0.602185
0 0.741146 0.506944 0.00729167 0.012037 0.616179
0 0.465885 0.517593 0.00885417 0.012963 0.638747
0 0.790625 0.485185 0.00833333 0.012963 0.641881
0 0.673958 0.262963 0.00729167 0.012963 0.646945
0 0.752604 0.590278 0.00833333 0.012037 0.654749
0 0.589844 0.472222 0.0078125 0.012963 0.655489
0 0.698177 0.525463 0.00677083 0.012037 0.658908
0 0.664323 0.631481 0.00677083 0.0148148 0.661862
0 0.583594 0.282407 0.0078125 0.012963 0.666955
0 0.494271 0.815278 0.00729167 0.012037 0.670118
0 0.600781 0.566667 0.00885417 0.012963 0.670405
0 0.634635 0.281481 0.0078125 0.012963 0.677609
0 0.457552 0.415278 0.0109375 0.0157407 0.683971
0 0.768229 0.769907 0.009375 0.0157407 0.691414
0 0.520573 0.289815 0.0078125 0.012963 0.696184
0 0.583854 0.370833 0.009375 0.0157407 0.697302
0 0.567708 0.785648 0.00833333 0.012037 0.699495
0 0.797917 0.573148 0.00833333 0.012963 0.702366
0 0.759896 0.68287 0.00833333 0.0138889 0.702416
0 0.644531 0.835648 0.00885417 0.0138889 0.711886
0 0.72526 0.792593 0.00989583 0.0166667 0.727819
0 0.715625 0.700926 0.009375 0.0166667 0.728418
0 0.472656 0.620833 0.0109375 0.0138889 0.728466
0 0.782292 0.401852 0.00833333 0.0148148 0.73075
0 0.708333 0.612963 0.009375 0.0148148 0.73085
0 0.615104 0.657407 0.0104167 0.0148148 0.746495
0 0.533594 0.487963 0.00885417 0.0148148 0.747666
0 0.672917 0.716667 0.0114583 0.0185185 0.758139
0 0.484635 0.715278 0.00989583 0.0157407 0.758882
0 0.555729 0.684722 0.0114583 0.0157407 0.76563
0 0.623698 0.752315 0.00989583 0.0157407 0.766905
0 0.544531 0.591204 0.00989583 0.0157407 0.770754
0 0.809115 0.666667 0.0109375 0.0148148 0.772606
0 0.815885 0.755093 0.00989583 0.0157407 0.784624
0 0.578125 0.880556 0.0135417 0.0166667 0.792538
0 0.504687 0.912963 0.0125 0.0185185 0.826366
