0 0.514323 0.623611 0.00989583 0.0138889 0.251478
0 0.41849 0.706481 0.0078125 0.012963 0.251776
0 0.56276 0.785648 0.00677083 0.012037 0.253405
0 0.515104 0.704167 0.00729167 0.012037 0.25613
0 0.41901 0.625926 0.00677083 0.0111111 0.256836
0 0.466146 0.546759 0.00729167 0.012037 0.2571
0 0.370052 0.778704 0.00677083 0.0111111 0.257544
0 0.417969 0.785185 0.0078125 0.012963 0.263675
0 0.416667 0.547222 0.00729167 0.012963 0.267188
0 0.56224 0.267593 0.0078125 0.0148148 0.271941
0 0.655729 0.527778 0.00729167 0.0111111 0.271969
0 0.657031 0.355093 0.00677083 0.012037 0.277533
0 0.450781 0.291204 0.0109375 0.0194444 0.281993
0 0.409375 0.455093 0.00729167 0.0138889 0.289545
0 0.609635 0.785648 0.00677083 0.012037 0.289646
0 0.515104 0.366204 0.00729167 0.012037 0.291089
0 0.65651 0.711111 0.0078125 0.012963 0.299975
0 0.46276 0.358333 0.00885417 0.0166667 0.302349
0 0.655729 0.443981 0.00833333 0.012037 0.303173
0 0.655469 0.78287 0.0078125 0.012037 0.306689
0 0.654688 0.271296 0.00729167 0.012963 0.338181
0 0.65625 0.618981 0.0104167 0.0138889 0.339652
0 0.517969 0.275926 0.00885417 0.0166667 0.341258
