0 0.759375 0.31713 0.00729167 0.012037 0.336701
0 0.661979 0.563889 0.00625 0.0111111 0.340046
0 0.663802 0.473148 0.00677083 0.0111111 0.37115
0 0.70599 0.573611 0.00677083 0.0101852 0.388939
0 0.658333 0.837963 0.00833333 0.0148148 0.40932
0 0.804948 0.416204 0.00572917 0.0101852 0.446844
0 0.808073 0.328704 0.00677083 0.0111111 0.453197
0 0.717448 0.308796 0.0078125 0.012037 0.466139
0 0.74974 0.583333 0.00677083 0.0111111 0.495999
0 0.754948 0.493519 0.00885417 0.0148148 0.498846
0 0.745573 0.763426 0.0078125 0.012037 0.5378
0 0.666667 0.39213 0.00729167 0.012037 0.539939
0 0.628385 0.271296 0.0078125 0.012963 0.553347
0 0.75 0.669907 0.00729167 0.012037 0.557173
0 0.659375 0.657407 0.00625 0.012963 0.564462
0 0.79974 0.591667 0.0078125 0.0111111 0.565134
0 0.796354 0.68287 0.009375 0.012037 0.58404
0 0.704948 0.664815 0.0078125 0.012963 0.599
0 0.741927 0.852778 0.0078125 0.012963 0.614486
0 0.803906 0.505556 0.00885417 0.012963 0.618581
0 0.700781 0.75463 0.00885417 0.0148148 0.626116
0 0.790104 0.866667 0.00833333 0.0148148 0.629633
0 0.678125 0.302315 0.00833333 0.012037 0.649026
0 0.495573 0.234259 0.00885417 0.0148148 0.654918
0 0.566667 0.241667 0.00833333 0.0148148 0.656084
0 0.615104 0.358796 0.009375 0.0157407 0.678165
0 0.477344 0.63287 0.00885417 0.0138889 0.679798
0 0.609635 0.458333 0.0078125 0.012963 0.68301
0 0.795573 0.776852 0.00989583 0.0148148 0.690891
0 0.554167 0.441667 0.009375 0.0148148 0.691593
0 0.472396 0.833796 0.0104167 0.0138889 0.699854
0 0.616146 0.841667 0.00729167 0.012963 0.700185
0 0.473698 0.734259 0.0078125 0.012963 0.700555
0 0.659115 0.746296 0.00989583 0.0166667 0.705772
0 0.485417 0.433796 0.00833333 0.0138889 0.706389
0 0.699219 0.848611 0.00989583 0.0157407 0.721805
0 0.607552 0.556481 0.0078125 0.012963 0.736769
0 0.547917 0.749537 0.00833333 0.012037 0.738581
0 0.60599 0.749537 0.00885417 0.0138889 0.739563
0 0.609375 0.651389 0.009375 0.0138889 0.741976
0 0.558594 0.344907 0.00989583 0.0157407 0.754614
0 0.491667 0.331944 0.0104167 0.0157407 0.757789
0 0.551823 0.546759 0.00989583 0.0157407 0.775861
0 0.479167 0.533796 0.0104167 0.0157407 0.78312
0 0.549479 0.645833 0.0114583 0.0138889 0.789768
0 0.546354 0.846759 0.0125 0.0175926 0.851464
