0 0.485156 0.860185 0.00677083 0.0111111 0.250513
0 0.658333 0.393519 0.009375 0.012963 0.253455
0 0.724479 0.889352 0.00729167 0.012037 0.257737
0 0.557031 0.400926 0.0078125 0.012963 0.259133
0 0.576302 0.755093 0.0078125 0.0138889 0.259366
0 0.479688 0.696759 0.00833333 0.0157407 0.273827
0 0.674479 0.815741 0.00729167 0.012963 0.277876
0 0.773698 0.875 0.00677083 0.012963 0.283016
0 0.528906 0.765741 0.0078125 0.012963 0.292647
0 0.765104 0.623148 0.00729167 0.012963 0.304049
0 0.708333 0.381019 0.00833333 0.0138889 0.309497
0 0.710417 0.464352 0.00833333 0.012037 0.311008
0 0.768229 0.70787 0.00729167 0.012037 0.312647
0 0.526042 0.68287 0.00729167 0.0138889 0.319787
0 0.71875 0.72037 0.00729167 0.012963 0.321507
0 0.715625 0.63287 0.00833333 0.0138889 0.332111
0 0.499479 0.493519 0.0104167 0.0148148 0.337047
0 0.76224 0.538426 0.00885417 0.0138889 0.339125
0 0.497396 0.401389 0.009375 0.0138889 0.343228
0 0.721875 0.80463 0.00729167 0.012963 0.360089
0 0.446875 0.510648 0.0104167 0.0157407 0.360182
0 0.771094 0.793519 0.0078125 0.012963 0.375116
0 0.759635 0.452778 0.00885417 0.012963 0.428074
0 0.75651 0.368519 0.00885417 0.0148148 0.429184
0 0.44375 0.416204 0.00833333 0.0157407 0.493211
