0 0.672396 0.359722 0.00833333 0.0194444 0.253138
0 0.667708 0.477778 0.009375 0.0166667 0.259288
0 0.740104 0.817593 0.00729167 0.012963 0.262444
0 0.552604 0.74537 0.00625 0.0111111 0.264757
0 0.659896 0.578241 0.00729167 0.0138889 0.276984
0 0.503646 0.754167 0.00729167 0.012037 0.280757
0 0.50625 0.670833 0.00729167 0.012037 0.284005
0 0.55599 0.473611 0.0151042 0.0212963 0.292341
0 0.746875 0.673611 0.00833333 0.0157407 0.30565
0 0.561198 0.35787 0.0078125 0.0138889 0.309087
0 0.688802 0.898611 0.0078125 0.012037 0.312634
0 0.554688 0.57963 0.00625 0.012963 0.313684
0 0.453646 0.756019 0.00625 0.012037 0.315275
0 0.554948 0.667593 0.0078125 0.012963 0.317488
0 0.69375 0.818981 0.00729167 0.0101852 0.319932
0 0.604427 0.663426 0.0078125 0.0138889 0.327331
0 0.448958 0.907407 0.00729167 0.012963 0.331005
0 0.642187 0.900463 0.00833333 0.012037 0.336367
0 0.595833 0.902315 0.00729167 0.012037 0.339072
0 0.697656 0.74213 0.0078125 0.012037 0.348056
0 0.608333 0.581019 0.00833333 0.0157407 0.350654
0 0.452083 0.831944 0.00833333 0.0138889 0.352805
0 0.456771 0.677315 0.00625 0.012037 0.355959
0 0.503646 0.828704 0.0104167 0.0166667 0.360597
0 0.700781 0.665741 0.00885417 0.012963 0.360677
0 0.60026 0.822685 0.00885417 0.012037 0.36237
0 0.647656 0.819907 0.0078125 0.012037 0.364387
0 0.736719 0.895833 0.0078125 0.012037 0.370492
0 0.650521 0.742593 0.0104167 0.0148148 0.375225
0 0.507552 0.471296 0.0192708 0.0240741 0.376228
0 0.653125 0.664352 0.0104167 0.0157407 0.383307
0 0.602344 0.746296 0.0119792 0.0148148 0.386431
0 0.507292 0.353704 0.00729167 0.012963 0.391444
0 0.545573 0.90463 0.0078125 0.012963 0.40323
0 0.450781 0.355556 0.0078125 0.012963 0.417186
0 0.497135 0.906944 0.00885417 0.0138889 0.428394
0 0.50026 0.575926 0.0078125 0.0148148 0.429601
0 0.444531 0.465278 0.0119792 0.0212963 0.482994
0 0.45026 0.579167 0.0109375 0.0194444 0.504009
