0 0.76224 0.884259 0.00885417 0.0166667 0.255243
0 0.519531 0.728704 0.0078125 0.012963 0.268223
0 0.677083 0.733796 0.00729167 0.012037 0.492756
0 0.570052 0.439815 0.00677083 0.0111111 0.497834
0 0.519271 0.640741 0.00833333 0.012963 0.53659
0 0.626823 0.444907 0.0078125 0.0138889 0.558773
0 0.594792 0.736111 0.00833333 0.012963 0.570056
0 0.627604 0.571759 0.00625 0.012037 0.575536
0 0.458854 0.631944 0.00729167 0.012037 0.579871
0 0.454948 0.830556 0.0119792 0.0148148 0.582188
0 0.579687 0.558796 0.00625 0.012037 0.585913
0 0.45625 0.533796 0.00625 0.012037 0.593518
0 0.588542 0.651389 0.00729167 0.012037 0.596764
0 0.454167 0.926852 0.00833333 0.012963 0.606729
0 0.717708 0.661574 0.00833333 0.012037 0.613629
0 0.719271 0.736111 0.00833333 0.012963 0.61495
0 0.452083 0.327315 0.00729167 0.0138889 0.626439
0 0.456771 0.734722 0.0125 0.0138889 0.644161
0 0.727083 0.585185 0.00729167 0.012963 0.645356
0 0.677865 0.809722 0.00677083 0.0138889 0.647519
0 0.585417 0.822222 0.00729167 0.012963 0.651829
0 0.515365 0.43287 0.0078125 0.0138889 0.652982
0 0.522135 0.831019 0.0109375 0.0157407 0.654492
0 0.778646 0.596759 0.00729167 0.0138889 0.655119
0 0.51276 0.327315 0.00677083 0.012037 0.656514
0 0.783073 0.482407 0.00989583 0.0148148 0.660214
0 0.677344 0.571759 0.0078125 0.0138889 0.668527
0 0.777865 0.348148 0.0078125 0.0166667 0.673041
0 0.676823 0.887963 0.00677083 0.0148148 0.674997
0 0.765104 0.810648 0.00833333 0.0138889 0.687808
0 0.730208 0.456944 0.00729167 0.0157407 0.696631
0 0.627083 0.334259 0.00729167 0.0148148 0.700318
0 0.517448 0.535185 0.00989583 0.0166667 0.708151
0 0.720573 0.808796 0.00885417 0.0175926 0.712834
0 0.734896 0.349537 0.0104167 0.0194444 0.717715
0 0.585938 0.908333 0.00729167 0.0166667 0.719142
0 0.635677 0.806481 0.00885417 0.0185185 0.720935
0 0.571094 0.33287 0.0078125 0.0157407 0.739368
0 0.679948 0.45787 0.00885417 0.0194444 0.74193
0 0.451562 0.428241 0.009375 0.0194444 0.745706
0 0.635156 0.665741 0.0130208 0.0185185 0.752577
0 0.720833 0.881481 0.0104167 0.0203704 0.757109
0 0.523438 0.928241 0.0125 0.0175926 0.758124
0 0.673958 0.655093 0.0104167 0.0194444 0.760882
0 0.679948 0.337963 0.0119792 0.0185185 0.76282
0 0.767708 0.740278 0.0145833 0.0212963 0.782742
0 0.634375 0.897222 0.009375 0.0240741 0.787526
