0 0.605469 0.472685 0.00677083 0.0101852 0.252065
0 0.740625 0.568519 0.00625 0.0111111 0.282311
0 0.447135 0.262963 0.00677083 0.0111111 0.308805
0 0.635938 0.738426 0.00625 0.0101852 0.333672
0 0.495833 0.362037 0.00625 0.0111111 0.353432
0 0.561198 0.260648 0.00677083 0.0101852 0.359374
0 0.588802 0.737963 0.00677083 0.0111111 0.360753
0 0.630469 0.825463 0.00677083 0.0101852 0.385084
0 0.429167 0.465741 0.00625 0.0111111 0.38537
0 0.532292 0.75463 0.00729167 0.0111111 0.387915
0 0.66901 0.368056 0.00677083 0.0101852 0.404544
0 0.43724 0.361111 0.00572917 0.0111111 0.411548
0 0.527083 0.853704 0.00625 0.0111111 0.413499
0 0.677083 0.821296 0.00729167 0.0111111 0.422079
0 0.414583 0.674074 0.00625 0.0111111 0.439573
0 0.684375 0.737963 0.00729167 0.0111111 0.443456
0 0.422917 0.569907 0.00625 0.0101852 0.446495
0 0.620573 0.265741 0.0078125 0.0111111 0.477449
0 0.408333 0.777778 0.00625 0.0111111 0.486273
0 0.780729 0.280093 0.00729167 0.0101852 0.492895
0 0.728906 0.737037 0.0078125 0.0111111 0.520143
0 0.709635 0.477778 0.0078125 0.0111111 0.529324
0 0.553385 0.362037 0.00677083 0.0111111 0.529492
0 0.467708 0.777315 0.00729167 0.0101852 0.531145
0 0.723177 0.371296 0.0078125 0.0111111 0.542943
0 0.759115 0.478704 0.00677083 0.0111111 0.553779
0 0.734115 0.652315 0.0078125 0.012037 0.573849
0 0.722917 0.822685 0.00729167 0.012037 0.581152
0 0.61276 0.363889 0.0078125 0.0111111 0.583408
0 0.582292 0.829167 0.00729167 0.012037 0.605773
0 0.775521 0.375 0.00729167 0.0111111 0.635274
