0 0.663802 0.638426 0.00677083 0.012037 0.253234
0 0.78724 0.42963 0.0078125 0.012963 0.255217
0 0.792708 0.514352 0.00625 0.012037 0.257437
0 0.592448 0.465278 0.00677083 0.012037 0.261722
0 0.588542 0.363426 0.00833333 0.0138889 0.264916
0 0.591406 0.274074 0.0078125 0.012963 0.29365
0 0.707552 0.627315 0.00677083 0.012037 0.308475
0 0.601823 0.5625 0.00885417 0.0138889 0.316862
0 0.642969 0.284722 0.00677083 0.0138889 0.31844
0 0.753385 0.613426 0.00677083 0.0101852 0.319396
0 0.463542 0.387963 0.0104167 0.0148148 0.329498
0 0.458073 0.291204 0.0078125 0.0138889 0.347142
0 0.46875 0.489815 0.00833333 0.012963 0.358731
0 0.799219 0.605093 0.0078125 0.012037 0.373076
0 0.536979 0.471759 0.00729167 0.012037 0.373676
0 0.528125 0.271296 0.00729167 0.012963 0.374943
0 0.48125 0.690278 0.00833333 0.0138889 0.377818
0 0.614062 0.65463 0.00833333 0.012963 0.380587
0 0.682031 0.814815 0.00885417 0.0148148 0.381626
0 0.713021 0.716204 0.009375 0.0157407 0.382803
0 0.489844 0.793981 0.00677083 0.012037 0.383788
0 0.564583 0.776389 0.00729167 0.012037 0.397322
0 0.8125 0.788889 0.009375 0.0148148 0.40303
0 0.529948 0.375 0.00885417 0.012963 0.405492
0 0.554688 0.673611 0.0114583 0.0138889 0.426588
0 0.473177 0.593982 0.00885417 0.0138889 0.428028
0 0.545052 0.576852 0.00885417 0.0148148 0.432337
0 0.758073 0.706944 0.0078125 0.012037 0.440922
0 0.640625 0.838889 0.00833333 0.012963 0.451835
0 0.620833 0.752778 0.009375 0.0148148 0.456007
0 0.671094 0.726852 0.00989583 0.0185185 0.461425
0 0.764844 0.79537 0.0078125 0.012963 0.463833
0 0.807813 0.698148 0.0104167 0.0148148 0.472691
0 0.721354 0.810185 0.00833333 0.0148148 0.476531
0 0.498177 0.891204 0.0109375 0.0157407 0.555697
0 0.573177 0.873611 0.0119792 0.0157407 0.569357
