0 0.484896 0.393519 0.00416667 0.0111111 0.264023
0 0.661198 0.684722 0.00572917 0.012037 0.268488
0 0.54974 0.502778 0.00572917 0.0111111 0.27253
0 0.651823 0.332407 0.00677083 0.012963 0.288633
0 0.442187 0.80787 0.00625 0.012037 0.300248
0 0.615625 0.773611 0.00625 0.012037 0.301435
0 0.481771 0.293056 0.00520833 0.0101852 0.301894
0 0.602344 0.32963 0.00677083 0.012963 0.303548
0 0.75651 0.512037 0.00572917 0.0111111 0.320135
0 0.746875 0.249537 0.00625 0.012037 0.326548
0 0.554167 0.598148 0.00625 0.0111111 0.333654
0 0.597917 0.236574 0.00729167 0.0138889 0.336556
0 0.753646 0.425463 0.00625 0.012037 0.343813
0 0.764063 0.690278 0.00625 0.012037 0.344454
0 0.711719 0.687037 0.00572917 0.0111111 0.345227
0 0.709896 0.596759 0.00625 0.0101852 0.353024
0 0.557292 0.696296 0.00625 0.0111111 0.353348
0 0.49401 0.708333 0.00572917 0.0111111 0.356723
0 0.75 0.336574 0.00625 0.0138889 0.356747
0 0.432813 0.599074 0.00520833 0.0111111 0.358052
0 0.703906 0.42037 0.00677083 0.012963 0.363269
0 0.423698 0.290741 0.0046875 0.0111111 0.371126
0 0.425521 0.393519 0.00520833 0.012963 0.371324
0 0.653385 0.417593 0.00989583 0.0166667 0.37172
0 0.70026 0.334259 0.00677083 0.012963 0.372246
0 0.48125 0.186111 0.00625 0.0111111 0.372618
0 0.760417 0.598148 0.00729167 0.0111111 0.379032
0 0.704948 0.507407 0.00572917 0.0111111 0.382969
0 0.428646 0.499537 0.00625 0.0138889 0.392887
0 0.648438 0.244444 0.00729167 0.012963 0.401261
0 0.765885 0.780093 0.00572917 0.0101852 0.405297
0 0.559375 0.791204 0.00625 0.012037 0.412492
0 0.696615 0.246759 0.00677083 0.0138889 0.414435
0 0.663021 0.774537 0.00625 0.012037 0.415676
0 0.714583 0.774537 0.00625 0.012037 0.416787
0 0.421875 0.191204 0.00625 0.012037 0.429666
0 0.435417 0.705093 0.00625 0.012037 0.435202
