0 0.56849 0.325 0.00989583 0.0166667 0.251943
0 0.624219 0.336111 0.00885417 0.0166667 0.252595
0 0.719792 0.750463 0.00833333 0.0138889 0.252877
0 0.726302 0.600463 0.0078125 0.0138889 0.252892
0 0.588021 0.644907 0.00833333 0.0138889 0.254219
0 0.45651 0.902315 0.00885417 0.0138889 0.262027
0 0.5875 0.816667 0.00729167 0.0148148 0.262714
0 0.627083 0.573611 0.00729167 0.0138889 0.263818
0 0.595312 0.731944 0.0104167 0.0157407 0.266778
0 0.678906 0.894444 0.00572917 0.012963 0.267674
0 0.677083 0.348611 0.0125 0.0231481 0.267701
0 0.77474 0.370833 0.00989583 0.0194444 0.270144
0 0.636719 0.806944 0.00989583 0.0175926 0.270228
0 0.73099 0.368056 0.0109375 0.0231481 0.27606
0 0.676302 0.582407 0.0078125 0.0148148 0.276946
0 0.519531 0.624074 0.00885417 0.0148148 0.278757
0 0.766667 0.90463 0.009375 0.0166667 0.279357
0 0.459115 0.609722 0.0078125 0.0138889 0.28123
0 0.719271 0.675463 0.00833333 0.0157407 0.282016
0 0.678385 0.81713 0.0078125 0.0138889 0.282797
0 0.625521 0.445833 0.00729167 0.0138889 0.294857
0 0.458073 0.806944 0.0109375 0.0138889 0.295095
0 0.728646 0.472222 0.00833333 0.0166667 0.295489
0 0.722396 0.893056 0.00833333 0.0157407 0.29732
0 0.510417 0.3125 0.00729167 0.0138889 0.303108
0 0.455729 0.510185 0.00729167 0.012963 0.304216
0 0.721094 0.822685 0.0078125 0.0157407 0.308849
0 0.780469 0.505093 0.0109375 0.0175926 0.312045
0 0.51224 0.417593 0.00885417 0.0166667 0.313438
0 0.635417 0.9 0.009375 0.0222222 0.313682
0 0.677865 0.466667 0.00989583 0.0203704 0.314804
0 0.588281 0.90463 0.0078125 0.0166667 0.31655
0 0.766667 0.760185 0.0145833 0.0222222 0.325667
0 0.778906 0.62037 0.0078125 0.0148148 0.330477
0 0.516667 0.518981 0.0114583 0.0194444 0.344079
0 0.524219 0.817593 0.00989583 0.0166667 0.358112
0 0.526302 0.914815 0.0130208 0.0185185 0.362409
0 0.458854 0.709259 0.0135417 0.0185185 0.365088
0 0.634375 0.66713 0.0135417 0.0212963 0.36742
0 0.44974 0.405093 0.0109375 0.0212963 0.400516
0 0.674219 0.6625 0.00989583 0.0194444 0.402427
0 0.44974 0.304167 0.0078125 0.0157407 0.404173
