0 0.481771 0.358333 0.00833333 0.0148148 0.272175
0 0.707552 0.575926 0.0078125 0.0166667 0.280398
0 0.566927 0.750463 0.0078125 0.012037 0.299591
0 0.755469 0.580093 0.0078125 0.0175926 0.302084
0 0.425521 0.362963 0.00833333 0.0148148 0.330282
0 0.646094 0.359722 0.00885417 0.0212963 0.340015
0 0.656771 0.577315 0.00729167 0.0138889 0.341172
0 0.610156 0.664815 0.00989583 0.0148148 0.343154
0 0.757031 0.739815 0.00885417 0.0166667 0.344854
0 0.448958 0.584722 0.0114583 0.0212963 0.352055
0 0.760677 0.814815 0.00885417 0.0148148 0.352822
0 0.464583 0.683333 0.00833333 0.0148148 0.360515
0 0.52526 0.833796 0.00989583 0.0157407 0.363385
0 0.705208 0.663889 0.00833333 0.0148148 0.364081
0 0.514063 0.675926 0.00729167 0.012963 0.372742
0 0.519271 0.759259 0.009375 0.0148148 0.375898
0 0.561979 0.670833 0.00833333 0.0138889 0.378684
0 0.497656 0.58287 0.0078125 0.0157407 0.385181
0 0.551823 0.584722 0.0078125 0.0157407 0.391997
0 0.714063 0.817593 0.00729167 0.012963 0.395704
0 0.46875 0.761574 0.009375 0.0157407 0.39854
0 0.605729 0.582407 0.009375 0.0166667 0.406075
0 0.709896 0.740278 0.00729167 0.0138889 0.420881
0 0.752604 0.67037 0.009375 0.0185185 0.431606
0 0.474219 0.838889 0.00989583 0.0166667 0.432089
0 0.573698 0.828704 0.0109375 0.0148148 0.445052
0 0.479427 0.915278 0.00885417 0.0157407 0.449245
0 0.658854 0.664815 0.0114583 0.0166667 0.458744
0 0.765365 0.892593 0.00885417 0.0166667 0.468279
0 0.615885 0.748148 0.0130208 0.0166667 0.470742
0 0.663281 0.74213 0.0109375 0.0157407 0.473032
0 0.527865 0.911111 0.00885417 0.0166667 0.47498
0 0.62526 0.90463 0.00989583 0.0148148 0.498327
0 0.621875 0.825 0.0104167 0.0148148 0.501217
0 0.717708 0.896759 0.00833333 0.0138889 0.501705
0 0.66849 0.82037 0.00885417 0.0148148 0.502026
0 0.575781 0.908333 0.0109375 0.0166667 0.502792
0 0.671615 0.9 0.00885417 0.0148148 0.54459
