0 0.778125 0.310648 0.00729167 0.012037 0.252482
0 0.595573 0.269907 0.0078125 0.0138889 0.261847
0 0.590625 0.359259 0.009375 0.0148148 0.275579
0 0.79375 0.573611 0.00729167 0.0138889 0.280647
0 0.707031 0.655556 0.0078125 0.012963 0.28892
0 0.6625 0.652315 0.00833333 0.0138889 0.2929
0 0.788542 0.488426 0.00833333 0.0138889 0.294468
0 0.466927 0.343519 0.0109375 0.0148148 0.311323
0 0.594531 0.459722 0.00885417 0.0138889 0.315549
0 0.538281 0.447222 0.0078125 0.012963 0.327228
0 0.46276 0.244444 0.0078125 0.012963 0.336846
0 0.752865 0.65787 0.00677083 0.012037 0.33758
0 0.533594 0.351389 0.00989583 0.0138889 0.343015
0 0.711719 0.746759 0.00989583 0.0157407 0.347139
0 0.61849 0.750926 0.00989583 0.0148148 0.347885
0 0.554427 0.650463 0.0109375 0.0138889 0.354352
0 0.799219 0.662963 0.0078125 0.012963 0.355192
0 0.561979 0.756019 0.00833333 0.012037 0.35689
0 0.613542 0.653241 0.00833333 0.0138889 0.360743
0 0.472396 0.444444 0.00833333 0.012963 0.370102
0 0.669792 0.741667 0.0104167 0.0185185 0.376885
0 0.757552 0.752315 0.0078125 0.012037 0.381346
0 0.807031 0.761111 0.00989583 0.0148148 0.384569
0 0.545573 0.554167 0.00885417 0.0138889 0.398714
0 0.761719 0.840741 0.0078125 0.012963 0.398757
0 0.602083 0.55787 0.009375 0.0157407 0.408931
0 0.473437 0.548148 0.00833333 0.012963 0.409824
0 0.480208 0.643519 0.009375 0.0148148 0.426245
0 0.71849 0.840278 0.00885417 0.0157407 0.441787
0 0.48724 0.747685 0.00677083 0.012037 0.445953
0 0.810677 0.851852 0.00885417 0.0148148 0.448655
0 0.636979 0.842593 0.00833333 0.012963 0.523616
0 0.495313 0.848611 0.0104167 0.0157407 0.555628
0 0.569271 0.853704 0.0114583 0.0148148 0.561362
