0 0.663802 0.538426 0.00677083 0.012037 0.250729
0 0.636458 0.855093 0.00833333 0.012037 0.269204
0 0.69401 0.85 0.00677083 0.0111111 0.278209
0 0.705208 0.958796 0.00625 0.0101852 0.280929
0 0.672135 0.645833 0.00677083 0.012037 0.284687
0 0.530469 0.985648 0.00677083 0.012037 0.292844
0 0.515104 0.773148 0.00625 0.0111111 0.326024
0 0.5875 0.977315 0.00729167 0.012037 0.33291
0 0.615885 0.650463 0.0078125 0.012037 0.344802
0 0.605729 0.547685 0.00729167 0.012037 0.34561
0 0.561719 0.6625 0.00677083 0.012037 0.365357
0 0.547396 0.556944 0.00729167 0.012037 0.373243
0 0.570312 0.764352 0.00729167 0.012037 0.433123
0 0.579427 0.865278 0.0078125 0.012037 0.433495
0 0.739844 0.7375 0.00677083 0.012037 0.445269
0 0.727604 0.637963 0.00625 0.012963 0.448634
0 0.472396 0.994444 0.00729167 0.0111111 0.4501
0 0.763802 0.949074 0.00677083 0.012963 0.450105
0 0.645052 0.315741 0.00677083 0.0111111 0.461921
0 0.721615 0.531018 0.0078125 0.0138889 0.479173
0 0.50625 0.673611 0.00729167 0.0138889 0.481647
0 0.782552 0.631019 0.00677083 0.012037 0.487135
0 0.716927 0.406481 0.00885417 0.012963 0.512971
0 0.78125 0.521296 0.00729167 0.0111111 0.519689
0 0.705208 0.305093 0.00729167 0.012037 0.531524
0 0.463542 0.344444 0.00729167 0.0111111 0.531924
0 0.65599 0.418519 0.00885417 0.012963 0.532107
0 0.522917 0.334259 0.00729167 0.0111111 0.536254
0 0.79401 0.726852 0.0078125 0.012963 0.540111
0 0.488281 0.563426 0.0078125 0.012037 0.54115
0 0.594792 0.429167 0.00729167 0.012037 0.548366
0 0.808073 0.830093 0.0078125 0.012037 0.551868
0 0.463542 0.8875 0.00729167 0.0138889 0.564007
0 0.457552 0.784259 0.00677083 0.012963 0.565694
0 0.532031 0.438426 0.0078125 0.012037 0.568622
0 0.584896 0.325926 0.00729167 0.0111111 0.577371
0 0.471094 0.446759 0.00885417 0.012037 0.579405
0 0.750781 0.839815 0.0109375 0.0166667 0.58268
0 0.820833 0.940278 0.00833333 0.0138889 0.583205
0 0.764844 0.296759 0.0078125 0.012037 0.586046
0 0.45 0.683333 0.00729167 0.0148148 0.592172
0 0.429948 0.572222 0.00677083 0.012963 0.615237
0 0.411458 0.45787 0.00729167 0.0138889 0.649043
0 0.404948 0.359722 0.0078125 0.012037 0.655328
0 0.778906 0.401389 0.0151042 0.0212963 0.692257
