0 0.561198 0.299537 0.00572917 0.0101852 0.271123
0 0.610937 0.771759 0.00520833 0.0101852 0.292753
0 0.497135 0.370833 0.0046875 0.0101852 0.315852
0 0.554167 0.777778 0.00520833 0.0111111 0.339978
0 0.435417 0.772222 0.00729167 0.0111111 0.362125
0 0.617708 0.239815 0.00625 0.0111111 0.363444
0 0.559635 0.393519 0.00572917 0.0111111 0.377643
0 0.557813 0.490741 0.00520833 0.0111111 0.391599
0 0.555729 0.684259 0.00625 0.0111111 0.393672
0 0.763281 0.542593 0.00572917 0.0111111 0.399805
0 0.666146 0.342593 0.00625 0.0111111 0.405775
0 0.617188 0.330093 0.00729167 0.012037 0.409827
0 0.710677 0.706481 0.00572917 0.0111111 0.418211
0 0.71224 0.528241 0.00572917 0.012037 0.419867
0 0.657812 0.78287 0.00625 0.012037 0.424438
0 0.764063 0.719444 0.00625 0.0111111 0.427205
0 0.761198 0.80787 0.00677083 0.012037 0.445226
0 0.557552 0.588426 0.00572917 0.0101852 0.44536
0 0.666667 0.256481 0.00729167 0.012963 0.455191
0 0.502865 0.166667 0.00677083 0.0111111 0.473917
0 0.498437 0.271296 0.00625 0.0111111 0.477793
0 0.714844 0.354167 0.00677083 0.012037 0.487504
0 0.709375 0.793981 0.00625 0.012037 0.497845
0 0.763542 0.454167 0.00729167 0.012037 0.511633
0 0.764063 0.627778 0.00729167 0.012963 0.540172
0 0.715885 0.440741 0.00885417 0.0148148 0.54343
0 0.764844 0.367593 0.00677083 0.012963 0.549459
0 0.434115 0.669444 0.00572917 0.0111111 0.550207
0 0.766406 0.280093 0.00677083 0.012037 0.552393
0 0.444531 0.157407 0.00677083 0.0111111 0.568571
0 0.435417 0.563426 0.00625 0.012037 0.578372
0 0.715365 0.26713 0.0078125 0.0138889 0.583657
0 0.71224 0.614815 0.0078125 0.012963 0.588955
0 0.4375 0.358796 0.00625 0.0138889 0.60694
0 0.665104 0.428704 0.0114583 0.0185185 0.627776
0 0.441146 0.25787 0.00625 0.012037 0.629143
0 0.435937 0.463426 0.00625 0.0138889 0.632931
