0 0.798177 0.614815 0.0078125 0.012963 0.253348
0 0.788281 0.261111 0.00677083 0.012963 0.253777
0 0.790365 0.349074 0.0078125 0.012963 0.256075
0 0.697135 0.365278 0.00885417 0.0138889 0.257031
0 0.60026 0.464815 0.00885417 0.0148148 0.259181
0 0.752865 0.714352 0.00677083 0.012037 0.269042
0 0.552604 0.671759 0.009375 0.0138889 0.283994
0 0.47474 0.284722 0.0078125 0.0138889 0.286003
0 0.711719 0.815278 0.00885417 0.0138889 0.287566
0 0.544271 0.470833 0.00729167 0.012037 0.290421
0 0.754948 0.80463 0.0078125 0.012963 0.296883
0 0.802865 0.798148 0.00885417 0.0148148 0.297143
0 0.697917 0.275463 0.00729167 0.0138889 0.297592
0 0.794531 0.437963 0.00885417 0.0148148 0.306644
0 0.541927 0.371759 0.0078125 0.0138889 0.306943
0 0.802604 0.708333 0.0104167 0.0148148 0.308204
0 0.657812 0.285648 0.00729167 0.012037 0.308291
0 0.653125 0.376852 0.00729167 0.012963 0.311472
0 0.557031 0.773611 0.0078125 0.012037 0.333581
0 0.477344 0.482407 0.00885417 0.012963 0.334755
0 0.475521 0.588426 0.009375 0.0138889 0.33573
0 0.629427 0.841667 0.00885417 0.0148148 0.347341
0 0.60651 0.273611 0.0078125 0.0138889 0.35074
0 0.546875 0.574537 0.00833333 0.0138889 0.352204
0 0.478906 0.684722 0.00677083 0.0138889 0.366404
0 0.475781 0.383333 0.00989583 0.0148148 0.369461
0 0.482812 0.787963 0.00625 0.0111111 0.389481
0 0.560938 0.872222 0.0135417 0.0185185 0.420922
0 0.486458 0.887037 0.0104167 0.0166667 0.5343
