0 0.525 0.956019 0.00625 0.0101852 0.330603
0 0.657812 0.762963 0.00729167 0.012963 0.42699
0 0.758333 0.994907 0.00833333 0.0101852 0.465933
0 0.602344 0.752778 0.0078125 0.012963 0.470016
0 0.594531 0.855093 0.0078125 0.012037 0.538537
0 0.478906 0.8375 0.00677083 0.012037 0.556183
0 0.699479 0.986574 0.009375 0.0138889 0.560831
0 0.64974 0.867593 0.0078125 0.012963 0.572871
0 0.467969 0.94537 0.00677083 0.0111111 0.581006
0 0.665625 0.662963 0.00729167 0.012963 0.614927
0 0.63776 0.323611 0.0078125 0.012037 0.62265
0 0.490104 0.734722 0.00729167 0.012037 0.626545
0 0.610417 0.649537 0.00729167 0.0138889 0.627271
0 0.499479 0.634259 0.00729167 0.012963 0.630344
0 0.775781 0.681481 0.0078125 0.012963 0.630437
0 0.516406 0.300463 0.0078125 0.0101852 0.634147
0 0.535156 0.844444 0.0078125 0.012963 0.634341
0 0.554167 0.644444 0.00729167 0.0148148 0.642882
0 0.764323 0.885648 0.0078125 0.012037 0.646322
0 0.61849 0.544907 0.00677083 0.0138889 0.654352
0 0.409375 0.936111 0.00833333 0.012963 0.658258
0 0.566146 0.416204 0.00729167 0.012037 0.660952
0 0.501823 0.521759 0.0078125 0.0138889 0.661278
0 0.560938 0.535185 0.00729167 0.012963 0.666386
0 0.432813 0.725463 0.00625 0.012037 0.666765
0 0.676302 0.556019 0.0078125 0.0138889 0.674955
0 0.698698 0.332407 0.0078125 0.0111111 0.676105
0 0.759375 0.342593 0.00833333 0.0111111 0.678255
0 0.715625 0.772685 0.00833333 0.0138889 0.680073
0 0.690885 0.437037 0.0078125 0.012963 0.686427
0 0.507552 0.402778 0.00885417 0.012963 0.687595
0 0.575781 0.3125 0.0078125 0.012037 0.692529
0 0.546094 0.743519 0.0078125 0.0148148 0.6957
0 0.628646 0.427778 0.00729167 0.012963 0.69908
0 0.446615 0.394907 0.00885417 0.012037 0.714071
0 0.734635 0.566667 0.0078125 0.0148148 0.716742
0 0.794271 0.575463 0.00729167 0.012037 0.717977
0 0.720573 0.673148 0.00677083 0.012963 0.721742
0 0.817969 0.353241 0.00885417 0.012037 0.72261
0 0.420833 0.827315 0.00833333 0.0138889 0.724065
0 0.457031 0.294907 0.00885417 0.012037 0.724649
0 0.76875 0.781018 0.009375 0.0138889 0.724665
0 0.44375 0.510648 0.00729167 0.0138889 0.7274
0 0.752083 0.44537 0.0104167 0.0148148 0.730775
0 0.444531 0.625 0.0078125 0.0148148 0.740403
0 0.708854 0.878241 0.0114583 0.0194444 0.782824
0 0.813281 0.459259 0.0140625 0.0222222 0.836602
