0 0.751042 0.406019 0.00833333 0.0157407 0.250021
0 0.620052 0.744444 0.0119792 0.0185185 0.262508
0 0.789583 0.5 0.00833333 0.012963 0.262795
0 0.477344 0.730556 0.0078125 0.0148148 0.263933
0 0.525 0.73287 0.00833333 0.0138889 0.282781
0 0.751562 0.85463 0.009375 0.0148148 0.28331
0 0.705729 0.398148 0.00833333 0.0185185 0.288849
0 0.532552 0.65463 0.00885417 0.0166667 0.290074
0 0.660677 0.399074 0.00989583 0.0203704 0.294207
0 0.533594 0.560185 0.00885417 0.0166667 0.29488
0 0.778906 0.589352 0.00885417 0.0157407 0.307283
0 0.770833 0.673148 0.00833333 0.0148148 0.33146
0 0.796354 0.416667 0.00833333 0.0148148 0.335701
0 0.760938 0.762037 0.0104167 0.0166667 0.345999
