0 0.379167 0.739352 0.00625 0.0101852 0.260927
0 0.551562 0.635185 0.00729167 0.0111111 0.296429
0 0.434115 0.425926 0.00677083 0.0111111 0.382219
0 0.382292 0.638426 0.00625 0.0101852 0.423417
0 0.492969 0.426852 0.00677083 0.0111111 0.447366
0 0.552604 0.203241 0.00729167 0.0101852 0.470524
0 0.495833 0.738889 0.00729167 0.0111111 0.484606
0 0.373437 0.423148 0.00729167 0.0111111 0.496833
0 0.377344 0.848611 0.00677083 0.0101852 0.497858
0 0.496094 0.85 0.00677083 0.0111111 0.51903
0 0.613542 0.203704 0.00833333 0.0111111 0.523531
0 0.436719 0.737037 0.0078125 0.0111111 0.530972
0 0.438021 0.533796 0.00729167 0.012037 0.538878
0 0.553646 0.849074 0.00625 0.0111111 0.543419
0 0.551042 0.426852 0.00729167 0.012963 0.553845
0 0.552865 0.740278 0.00677083 0.012037 0.555619
0 0.438021 0.635185 0.00729167 0.0111111 0.562011
0 0.369531 0.203704 0.0078125 0.0111111 0.581181
0 0.429167 0.204167 0.00729167 0.0101852 0.584505
0 0.549479 0.534259 0.00729167 0.012963 0.597182
0 0.491406 0.203704 0.0078125 0.0111111 0.599861
0 0.493229 0.531018 0.00833333 0.012037 0.632757
0 0.382292 0.534722 0.00729167 0.012037 0.651579
0 0.315104 0.422685 0.00729167 0.012037 0.654766
0 0.610156 0.427315 0.00677083 0.012037 0.66406
0 0.427604 0.306944 0.00833333 0.012037 0.664339
0 0.435937 0.85 0.00729167 0.0111111 0.664781
0 0.616406 0.304167 0.00885417 0.012037 0.665361
0 0.322917 0.637037 0.00625 0.0111111 0.665549
0 0.604948 0.535648 0.00677083 0.012037 0.668537
0 0.554688 0.306481 0.00833333 0.012963 0.669756
0 0.669792 0.426389 0.00729167 0.012037 0.68211
0 0.492188 0.306944 0.00729167 0.012037 0.687059
0 0.368229 0.306019 0.00833333 0.012037 0.701296
0 0.609375 0.635648 0.00729167 0.012037 0.701514
0 0.661458 0.534722 0.00729167 0.012037 0.722899
0 0.66901 0.738426 0.0078125 0.012037 0.725427
0 0.613281 0.848148 0.0078125 0.012963 0.729026
0 0.673437 0.203241 0.00833333 0.012037 0.730082
0 0.320312 0.850463 0.00833333 0.012037 0.738644
0 0.308854 0.208796 0.00833333 0.012037 0.740342
0 0.664323 0.633796 0.00885417 0.0138889 0.74364
0 0.321354 0.739815 0.009375 0.012963 0.746902
0 0.325 0.536111 0.00833333 0.0148148 0.753732
0 0.307031 0.307407 0.0078125 0.012963 0.777435
0 0.671615 0.848611 0.00885417 0.0138889 0.781267
0 0.611719 0.737963 0.00989583 0.0166667 0.820417
0 0.678906 0.307407 0.0140625 0.0185185 0.858325
