0 0.610677 0.969444 0.00677083 0.0111111 0.25698
0 0.66875 0.973611 0.00625 0.0101852 0.316061
0 0.495313 0.85 0.00625 0.0111111 0.324586
0 0.61224 0.75463 0.00677083 0.0111111 0.327435
0 0.491406 0.962037 0.00572917 0.0111111 0.32924
0 0.66901 0.761111 0.00677083 0.0111111 0.332392
0 0.49375 0.311111 0.00729167 0.0111111 0.377957
0 0.611198 0.856944 0.0078125 0.012037 0.412565
0 0.678385 0.325463 0.00677083 0.0101852 0.451346
0 0.738542 0.329167 0.00625 0.0101852 0.454233
0 0.66901 0.864352 0.00677083 0.012037 0.496797
0 0.552344 0.851852 0.0078125 0.012963 0.52708
0 0.613802 0.54537 0.00572917 0.0111111 0.527955
0 0.554167 0.541667 0.00729167 0.0111111 0.536596
0 0.495052 0.533333 0.00677083 0.0111111 0.537561
0 0.553646 0.316667 0.00729167 0.0111111 0.541291
0 0.5 0.748148 0.00729167 0.0111111 0.548017
0 0.616406 0.321759 0.0078125 0.012037 0.566281
0 0.727083 0.979167 0.00833333 0.0138889 0.570925
0 0.672396 0.551389 0.00729167 0.012037 0.572052
0 0.669531 0.661574 0.00677083 0.012037 0.57809
0 0.730729 0.55787 0.00729167 0.012037 0.578125
0 0.739844 0.43287 0.0078125 0.012037 0.58945
0 0.784896 0.983796 0.009375 0.0138889 0.591812
0 0.432552 0.958333 0.0078125 0.0111111 0.603195
0 0.613021 0.652778 0.00729167 0.012963 0.604394
0 0.556771 0.651852 0.00729167 0.012963 0.612522
0 0.725521 0.765741 0.00729167 0.012963 0.614072
0 0.791146 0.562037 0.00729167 0.0111111 0.618159
0 0.677344 0.431019 0.0078125 0.012037 0.635776
0 0.551562 0.420833 0.00729167 0.012037 0.643002
0 0.436198 0.845833 0.0078125 0.012037 0.644569
0 0.501302 0.647222 0.00677083 0.012963 0.645588
0 0.780208 0.669907 0.00729167 0.012037 0.663344
0 0.490104 0.413889 0.00833333 0.0111111 0.664759
0 0.798437 0.336111 0.00729167 0.0111111 0.667737
0 0.440885 0.743056 0.00677083 0.012037 0.681975
0 0.783073 0.871759 0.0078125 0.012037 0.685921
0 0.724219 0.666204 0.00677083 0.012037 0.686348
0 0.780469 0.767593 0.00885417 0.012963 0.686526
0 0.436198 0.528241 0.00677083 0.012037 0.689877
0 0.614323 0.427778 0.0078125 0.012963 0.691902
0 0.554688 0.751389 0.00729167 0.0138889 0.712883
0 0.726042 0.868519 0.009375 0.0148148 0.714655
0 0.444271 0.640741 0.00729167 0.012963 0.720793
0 0.429948 0.4125 0.0078125 0.012037 0.735399
0 0.433073 0.312963 0.0078125 0.0111111 0.739948
0 0.802344 0.442593 0.0140625 0.0203704 0.808838
