0 0.56276 0.733796 0.00677083 0.012037 0.255302
0 0.516667 0.549074 0.00625 0.012963 0.261004
0 0.679948 0.408796 0.00677083 0.012037 0.264575
0 0.722396 0.502315 0.00625 0.012037 0.271446
0 0.715365 0.588426 0.00572917 0.012037 0.27656
0 0.650781 0.836111 0.00572917 0.0111111 0.289462
0 0.740885 0.9375 0.00572917 0.012037 0.296955
0 0.465365 0.800463 0.00572917 0.012037 0.298139
0 0.470313 0.718056 0.00625 0.012037 0.298474
0 0.771354 0.510648 0.00625 0.0101852 0.301396
0 0.467448 0.540278 0.00572917 0.012037 0.306325
0 0.729427 0.41713 0.00677083 0.012037 0.307921
0 0.765365 0.597222 0.00572917 0.0111111 0.316106
0 0.550781 0.903241 0.00572917 0.012037 0.318989
0 0.460156 0.883333 0.00572917 0.0111111 0.31904
0 0.598177 0.910648 0.00677083 0.012037 0.322381
0 0.692708 0.928241 0.00625 0.012037 0.323293
0 0.698698 0.843056 0.00572917 0.012037 0.324563
0 0.505208 0.893056 0.00625 0.012037 0.32711
0 0.645052 0.918056 0.00677083 0.012037 0.331953
0 0.753125 0.765741 0.00625 0.0111111 0.338464
0 0.710938 0.671759 0.00625 0.012037 0.341753
0 0.747396 0.85463 0.00625 0.0111111 0.355426
0 0.760417 0.681019 0.00729167 0.012037 0.358264
0 0.704687 0.758796 0.00625 0.012037 0.361725
0 0.776563 0.424537 0.00625 0.012037 0.379392
