0 0.659957 0.728007 0.006194 0.010181
0 0.658868 0.632830 0.005268 0.011825
0 0.647059 0.525628 0.007231 0.012024
0 0.634612 0.421550 0.007748 0.012945
0 0.633943 0.324145 0.005703 0.010132
0 0.633043 0.227201 0.007175 0.010281
0 0.630994 0.125129 0.007720 0.012073
0 0.604415 0.737572 0.006656 0.009360
0 0.601322 0.641287 0.008646 0.010430
0 0.593066 0.529791 0.006278 0.012796
0 0.581614 0.426049 0.005675 0.009260
0 0.578836 0.331918 0.005184 0.009211
0 0.578861 0.233132 0.003657 0.007319
0 0.576335 0.131545 0.006194 0.010181
0 0.547262 0.742930 0.006138 0.008439
0 0.544877 0.645700 0.006656 0.009360
0 0.537776 0.531900 0.006824 0.014588
0 0.528083 0.429292 0.006684 0.010231
0 0.526342 0.336804 0.006250 0.011924
0 0.524545 0.242574 0.007664 0.010331
0 0.521073 0.134526 0.006684 0.010231
0 0.488609 0.747565 0.005675 0.009260
0 0.484997 0.650460 0.005759 0.011875
0 0.481428 0.539362 0.005675 0.009260
0 0.476332 0.441969 0.007692 0.011202
0 0.471410 0.342374 0.007063 0.006795
0 0.469787 0.245940 0.005240 0.010953
0 0.464957 0.141527 0.004148 0.007368
0 0.430573 0.756073 0.007147 0.009410
0 0.426428 0.657710 0.005184 0.009211
0 0.426251 0.544957 0.006166 0.009310
0 0.422787 0.444777 0.003657 0.007319
0 0.419161 0.347235 0.004638 0.007418
0 0.413587 0.250327 0.004666 0.008289
0 0.411482 0.146512 0.003139 0.006397
0 0.373377 0.760124 0.005675 0.009260
0 0.368435 0.667524 0.007721 0.012073
0 0.370989 0.547938 0.006824 0.014588
0 0.371245 0.448691 0.003797 0.011676
0 0.364704 0.352319 0.006796 0.013717
0 0.359881 0.255773 0.010342 0.017551
0 0.355583 0.152617 0.006221 0.011053
0 0.317246 0.766690 0.008183 0.011252
0 0.308906 0.667878 0.012822 0.018671
0 0.314901 0.555810 0.004232 0.009983
0 0.318793 0.454884 0.006684 0.010231
0 0.314011 0.359645 0.007203 0.011152
0 0.305523 0.263907 0.006194 0.010181
0 0.299179 0.158336 0.005296 0.012696
