0 0.679948 0.752315 0.00677083 0.0101852 0.368415
0 0.516406 0.86713 0.00677083 0.0101852 0.423783
0 0.623177 0.756019 0.00677083 0.0101852 0.430292
0 0.697917 0.963889 0.00729167 0.0111111 0.439232
0 0.639844 0.968518 0.00677083 0.0111111 0.459318
0 0.580729 0.974537 0.00729167 0.012037 0.481396
0 0.754948 0.959259 0.00677083 0.0111111 0.489167
0 0.51224 0.767593 0.00677083 0.0111111 0.492239
0 0.688802 0.854167 0.00677083 0.012037 0.493002
0 0.521615 0.979167 0.0078125 0.012037 0.521053
0 0.671615 0.650926 0.00677083 0.0111111 0.53671
0 0.652344 0.318981 0.0078125 0.0101852 0.542158
0 0.560938 0.659722 0.00625 0.012037 0.550312
0 0.549219 0.553241 0.0078125 0.012037 0.554651
0 0.573438 0.861574 0.00729167 0.012037 0.559996
0 0.615885 0.651389 0.0078125 0.012037 0.58021
0 0.814844 0.955093 0.00989583 0.0138889 0.589417
0 0.464063 0.986111 0.00833333 0.012963 0.6023
0 0.63099 0.858333 0.0078125 0.012963 0.603054
0 0.665625 0.54213 0.00729167 0.012037 0.606955
0 0.723698 0.539815 0.0078125 0.012963 0.611014
0 0.607813 0.548611 0.00729167 0.012037 0.61697
0 0.529688 0.328704 0.00729167 0.0111111 0.61793
0 0.726562 0.647222 0.00625 0.0111111 0.618527
0 0.7125 0.312037 0.00833333 0.0111111 0.619169
0 0.535937 0.432407 0.00833333 0.0111111 0.629548
0 0.590885 0.324074 0.0078125 0.0111111 0.637051
0 0.488802 0.554167 0.0078125 0.012037 0.655023
0 0.722135 0.413426 0.00885417 0.0138889 0.655662
0 0.505469 0.665278 0.00677083 0.012037 0.660106
0 0.453906 0.772222 0.00677083 0.012963 0.665033
0 0.660937 0.421759 0.00833333 0.012037 0.669977
0 0.736458 0.746759 0.00729167 0.012037 0.671376
0 0.802865 0.843982 0.0078125 0.012037 0.671483
0 0.791146 0.738889 0.009375 0.012963 0.672011
0 0.782552 0.642593 0.00677083 0.0111111 0.674162
0 0.783854 0.533333 0.00729167 0.0111111 0.677482
0 0.566927 0.762037 0.00677083 0.012963 0.680392
0 0.475521 0.436111 0.00833333 0.012963 0.691006
0 0.598698 0.428704 0.0078125 0.012963 0.702005
0 0.470052 0.333796 0.0078125 0.0101852 0.708289
0 0.43099 0.558333 0.00677083 0.012963 0.718976
0 0.746354 0.848611 0.009375 0.0157407 0.719457
0 0.458073 0.875463 0.0078125 0.012037 0.721031
0 0.448698 0.67037 0.0078125 0.0148148 0.731314
0 0.772656 0.309259 0.00885417 0.012963 0.740979
0 0.410417 0.343981 0.00729167 0.012037 0.758012
0 0.415104 0.443981 0.00833333 0.0138889 0.760733
0 0.784896 0.413889 0.0135417 0.0185185 0.79922
