0 0.432813 0.887963 0.009375 0.0111111 0.423872
0 0.640625 0.446759 0.00833333 0.0138889 0.438634
0 0.754948 0.377315 0.0119792 0.0212963 0.449658
0 0.584635 0.430093 0.00677083 0.012037 0.552732
0 0.667188 0.744907 0.00729167 0.012037 0.621834
0 0.519792 0.615278 0.00833333 0.0138889 0.676071
0 0.441406 0.798611 0.0119792 0.0138889 0.676247
0 0.452604 0.700463 0.0135417 0.0175926 0.71087
0 0.750521 0.842593 0.00833333 0.0148148 0.713577
0 0.790885 0.516667 0.00989583 0.0166667 0.720733
0 0.5125 0.705556 0.009375 0.0148148 0.735996
0 0.459635 0.599537 0.0078125 0.0138889 0.744443
0 0.584115 0.551389 0.0078125 0.012037 0.751636
0 0.476042 0.294444 0.00729167 0.0148148 0.758671
0 0.740885 0.481481 0.0078125 0.0148148 0.759201
0 0.465104 0.5 0.00729167 0.0148148 0.762409
0 0.655729 0.897222 0.00729167 0.0148148 0.762712
0 0.778906 0.630556 0.00677083 0.0148148 0.771165
0 0.760417 0.705093 0.00729167 0.0138889 0.771344
0 0.535937 0.306481 0.00729167 0.0148148 0.7719
0 0.709375 0.757407 0.00833333 0.012963 0.772212
0 0.728125 0.608333 0.00729167 0.012963 0.773083
0 0.630469 0.574074 0.00677083 0.012963 0.776922
0 0.586719 0.643519 0.0078125 0.012963 0.779262
0 0.715625 0.68287 0.0104167 0.0138889 0.781416
0 0.6625 0.820833 0.00729167 0.0138889 0.782942
0 0.700781 0.899537 0.00989583 0.0212963 0.784367
0 0.528646 0.412963 0.00833333 0.0166667 0.800028
0 0.680208 0.584259 0.00833333 0.0148148 0.800179
0 0.586198 0.731481 0.00989583 0.0148148 0.803661
0 0.704427 0.82963 0.00885417 0.0166667 0.806937
0 0.571094 0.814352 0.00677083 0.0157407 0.808296
0 0.700521 0.35463 0.0114583 0.0222222 0.813705
0 0.74375 0.913426 0.009375 0.0175926 0.819988
0 0.507552 0.809722 0.00989583 0.0194444 0.822411
0 0.631771 0.668981 0.0125 0.0212963 0.823601
0 0.503385 0.908333 0.0119792 0.0203704 0.828869
0 0.593229 0.323611 0.009375 0.0175926 0.828943
0 0.795313 0.381481 0.00833333 0.0185185 0.832048
0 0.524479 0.513426 0.009375 0.0194444 0.836203
0 0.564844 0.9 0.0078125 0.0203704 0.846208
0 0.691667 0.471296 0.00833333 0.0185185 0.851059
0 0.647917 0.336574 0.00833333 0.0175926 0.857837
0 0.46849 0.394907 0.0109375 0.0212963 0.869056
0 0.671094 0.665741 0.0109375 0.0203704 0.872968
0 0.75625 0.771759 0.0145833 0.0231481 0.874888
0 0.622135 0.808333 0.00989583 0.0203704 0.879474
0 0.613802 0.899074 0.00989583 0.0259259 0.887626
