0 0.586198 0.477778 0.00885417 0.0166667 0.254214
0 0.595833 0.378241 0.009375 0.0157407 0.294846
0 0.583333 0.666667 0.00625 0.0111111 0.32055
0 0.731771 0.472685 0.00625 0.012037 0.380655
0 0.730208 0.563889 0.00625 0.0111111 0.403709
0 0.635417 0.655556 0.00729167 0.0111111 0.434185
0 0.526823 0.475463 0.00885417 0.0175926 0.44671
0 0.635677 0.572222 0.00572917 0.0111111 0.454966
0 0.676042 0.906482 0.00625 0.012963 0.461426
0 0.639323 0.484722 0.00677083 0.012037 0.469641
0 0.722917 0.905093 0.00625 0.0101852 0.474777
0 0.576302 0.40787 0.00989583 0.0194444 0.475246
0 0.727083 0.64537 0.00729167 0.0111111 0.48842
0 0.679427 0.7375 0.0078125 0.012037 0.49763
0 0.686458 0.480556 0.00625 0.0111111 0.512405
0 0.683854 0.568519 0.00625 0.0111111 0.517781
0 0.724479 0.734259 0.00729167 0.0111111 0.522606
0 0.677865 0.819444 0.0078125 0.012963 0.531825
0 0.53776 0.368519 0.0109375 0.0185185 0.546731
0 0.767969 0.900463 0.0078125 0.012037 0.55033
0 0.535156 0.745833 0.00677083 0.012037 0.55753
0 0.628906 0.906482 0.00677083 0.012963 0.573828
0 0.630208 0.823611 0.00729167 0.012037 0.579787
0 0.53125 0.823148 0.00729167 0.0111111 0.580814
0 0.475521 0.48287 0.0114583 0.0194444 0.591819
0 0.681771 0.651852 0.00729167 0.0111111 0.600907
0 0.581771 0.57037 0.00729167 0.012963 0.604634
0 0.529688 0.906018 0.00729167 0.012037 0.606626
0 0.579427 0.911111 0.00677083 0.012963 0.622299
0 0.482552 0.900463 0.00677083 0.012037 0.624038
0 0.723958 0.820833 0.00729167 0.012037 0.630716
0 0.780729 0.472222 0.00729167 0.0111111 0.633139
0 0.58125 0.830556 0.00729167 0.012963 0.63644
0 0.775781 0.64537 0.0078125 0.012963 0.658175
0 0.485938 0.753704 0.00833333 0.0148148 0.660382
0 0.582812 0.747685 0.00833333 0.012037 0.665278
0 0.485417 0.826389 0.00833333 0.0138889 0.686873
0 0.777604 0.561574 0.00833333 0.0138889 0.69873
0 0.734635 0.385648 0.00677083 0.0138889 0.706571
0 0.63099 0.74213 0.00885417 0.0138889 0.70944
0 0.534896 0.667593 0.00833333 0.0148148 0.72857
0 0.772135 0.828704 0.00885417 0.012963 0.737147
0 0.64401 0.394444 0.0078125 0.0166667 0.745505
0 0.78151 0.388889 0.0078125 0.0148148 0.753956
0 0.688281 0.385185 0.0078125 0.0166667 0.775065
0 0.773438 0.736111 0.0104167 0.0148148 0.779472
