0 0.444792 0.224074 0.00729167 0.0111111 0.293893
0 0.689844 0.66713 0.00572917 0.012037 0.305263
0 0.482552 0.541204 0.00572917 0.0101852 0.342356
0 0.550781 0.455093 0.00677083 0.012037 0.390294
0 0.403646 0.835185 0.00833333 0.0111111 0.402661
0 0.636719 0.741667 0.00677083 0.0111111 0.441891
0 0.533333 0.737037 0.00833333 0.0111111 0.444504
0 0.502344 0.233796 0.0078125 0.012037 0.449036
0 0.546094 0.550463 0.00677083 0.012037 0.450405
0 0.494531 0.332407 0.00677083 0.0111111 0.45304
0 0.489323 0.435185 0.00677083 0.0111111 0.467813
0 0.695573 0.584722 0.00677083 0.012037 0.473384
0 0.599219 0.561574 0.00677083 0.012037 0.473742
0 0.648958 0.572222 0.00729167 0.012963 0.484819
0 0.604167 0.468981 0.00729167 0.012037 0.49627
0 0.685156 0.751852 0.0078125 0.012963 0.501475
0 0.527604 0.835185 0.00729167 0.0111111 0.503486
0 0.409896 0.732407 0.00625 0.0111111 0.51873
0 0.589844 0.731944 0.0078125 0.012037 0.528389
0 0.65625 0.481944 0.00729167 0.012037 0.543431
0 0.722396 0.391667 0.00729167 0.0111111 0.547112
0 0.632812 0.828704 0.00729167 0.0111111 0.549285
0 0.667188 0.376389 0.00729167 0.012037 0.55882
0 0.582812 0.820833 0.00729167 0.012037 0.566691
0 0.677865 0.834722 0.0078125 0.012037 0.567088
0 0.436198 0.32037 0.00677083 0.0111111 0.583717
0 0.551562 0.346296 0.00729167 0.0111111 0.594567
0 0.672917 0.280093 0.00833333 0.012037 0.60271
0 0.727865 0.295833 0.0078125 0.0101852 0.609467
0 0.428906 0.423611 0.00677083 0.012037 0.611034
0 0.415625 0.630556 0.00729167 0.0111111 0.612545
0 0.559375 0.24537 0.00729167 0.0111111 0.619581
0 0.423177 0.527315 0.00677083 0.012037 0.624336
0 0.729948 0.760648 0.0078125 0.012037 0.632132
0 0.734896 0.676389 0.00833333 0.012037 0.63659
0 0.469271 0.744907 0.009375 0.012037 0.637073
0 0.740885 0.593518 0.0078125 0.012963 0.637328
0 0.779167 0.312037 0.00833333 0.0111111 0.658412
0 0.723698 0.846759 0.0078125 0.012037 0.665565
0 0.611198 0.360648 0.0078125 0.012037 0.695246
0 0.617969 0.2625 0.00885417 0.012037 0.696853
0 0.708594 0.496296 0.0078125 0.012963 0.70409
0 0.757552 0.507407 0.0078125 0.012963 0.72662
0 0.773958 0.406944 0.00833333 0.012037 0.739963
