0 0.521094 0.7625 0.0078125 0.012037 0.503547
0 0.64974 0.476852 0.0078125 0.0166667 0.519936
0 0.745833 0.348148 0.00833333 0.0203704 0.547406
0 0.569271 0.750926 0.00833333 0.0111111 0.557913
0 0.476042 0.364352 0.00729167 0.0138889 0.587709
0 0.513802 0.679167 0.0078125 0.012037 0.621223
0 0.609635 0.664352 0.00885417 0.012037 0.62954
0 0.419531 0.370833 0.0078125 0.0138889 0.651313
0 0.577344 0.830093 0.00989583 0.0138889 0.66507
0 0.55026 0.585648 0.00677083 0.0138889 0.685867
0 0.528906 0.837037 0.00989583 0.0148148 0.692545
0 0.56224 0.670833 0.00885417 0.012037 0.692687
0 0.495313 0.584722 0.00729167 0.0138889 0.696335
0 0.718229 0.812963 0.00729167 0.0111111 0.700485
0 0.485417 0.921296 0.00833333 0.012963 0.703015
0 0.483854 0.475 0.0177083 0.0240741 0.704723
0 0.478906 0.843982 0.0078125 0.0138889 0.707305
0 0.466146 0.688889 0.00833333 0.012963 0.707994
0 0.722917 0.891667 0.00729167 0.0111111 0.709611
0 0.770312 0.885185 0.00833333 0.012963 0.713294
0 0.63099 0.904167 0.0078125 0.012037 0.714505
0 0.677344 0.897685 0.0078125 0.012037 0.717803
0 0.625781 0.824074 0.00885417 0.012963 0.718722
0 0.704948 0.571759 0.00677083 0.012037 0.724343
0 0.672656 0.818519 0.00885417 0.012963 0.725682
0 0.472135 0.768056 0.00885417 0.0157407 0.729345
0 0.695573 0.351389 0.00885417 0.0194444 0.729661
0 0.654948 0.574537 0.0078125 0.0138889 0.732125
0 0.580469 0.910185 0.0078125 0.012963 0.73262
0 0.533594 0.914352 0.0078125 0.0138889 0.740129
0 0.705208 0.659722 0.00729167 0.012037 0.742728
0 0.752344 0.664352 0.0078125 0.0157407 0.746714
0 0.538802 0.480093 0.0140625 0.0194444 0.747176
0 0.764583 0.808333 0.00833333 0.012963 0.753397
0 0.529688 0.365741 0.00729167 0.0148148 0.756223
0 0.753385 0.575 0.0078125 0.0148148 0.756305
0 0.603646 0.58287 0.00833333 0.0138889 0.759329
0 0.711979 0.735648 0.00729167 0.012037 0.759986
0 0.618229 0.747222 0.0114583 0.0148148 0.77401
0 0.59349 0.473611 0.0109375 0.0157407 0.779415
0 0.446615 0.593518 0.00989583 0.0185185 0.783455
0 0.659375 0.663426 0.0114583 0.0157407 0.794918
0 0.639844 0.356481 0.00885417 0.0185185 0.796011
0 0.759115 0.734722 0.00885417 0.0157407 0.803924
0 0.584375 0.35787 0.0104167 0.0212963 0.805469
0 0.427344 0.482407 0.0119792 0.0222222 0.811996
0 0.665625 0.739815 0.0125 0.0148148 0.823494
0 0.705208 0.460648 0.0135417 0.025 0.847834
0 0.755208 0.455093 0.009375 0.0194444 0.855466
