0 0.736979 0.750926 0.00729167 0.012963 0.252074
0 0.755469 0.966204 0.0078125 0.0138889 0.255598
0 0.548698 0.548611 0.00677083 0.012037 0.25671
0 0.488802 0.547222 0.00677083 0.012963 0.262683
0 0.78125 0.65 0.00625 0.0111111 0.270513
0 0.511719 0.758796 0.00677083 0.012037 0.277576
0 0.504687 0.65787 0.00625 0.012037 0.279712
0 0.457812 0.865741 0.00729167 0.012963 0.283599
0 0.566927 0.756019 0.00677083 0.012037 0.285001
0 0.746094 0.85463 0.00989583 0.0166667 0.28889
0 0.528906 0.322685 0.00572917 0.0101852 0.291847
0 0.722917 0.54537 0.00729167 0.012963 0.295486
0 0.650781 0.32037 0.0078125 0.0111111 0.302129
0 0.726562 0.652315 0.00625 0.012037 0.309856
0 0.791146 0.748611 0.00729167 0.012037 0.326916
0 0.453906 0.762037 0.00677083 0.012963 0.333052
0 0.590885 0.322222 0.00677083 0.0111111 0.334458
0 0.430729 0.548611 0.00625 0.012037 0.349183
0 0.660677 0.424074 0.00677083 0.0111111 0.352141
0 0.598437 0.427315 0.00729167 0.012037 0.353566
0 0.782812 0.541667 0.00625 0.0111111 0.359008
0 0.535677 0.427778 0.00677083 0.0111111 0.363108
0 0.448438 0.660185 0.00729167 0.0148148 0.36645
0 0.469271 0.325 0.00625 0.0111111 0.378885
0 0.414844 0.432407 0.00677083 0.012963 0.379799
0 0.720833 0.42037 0.00833333 0.012963 0.386959
0 0.47474 0.428241 0.0078125 0.012037 0.391106
0 0.711979 0.317593 0.00625 0.0111111 0.405405
0 0.771354 0.31713 0.00833333 0.012037 0.434253
0 0.783333 0.422222 0.0125 0.0185185 0.452307
0 0.410156 0.331944 0.00677083 0.012037 0.489072
