0 0.715365 0.668981 0.00572917 0.0101852 0.258322
0 0.755469 0.487037 0.00572917 0.0111111 0.298102
0 0.651302 0.412037 0.00677083 0.0111111 0.303362
0 0.66849 0.768056 0.00572917 0.0101852 0.309285
0 0.472917 0.213889 0.00729167 0.00925926 0.357624
0 0.646354 0.324537 0.00625 0.0101852 0.366047
0 0.70026 0.405093 0.0078125 0.012037 0.372976
0 0.766667 0.661111 0.00625 0.0111111 0.405166
0 0.703646 0.492593 0.00625 0.0111111 0.420415
0 0.555208 0.613889 0.00625 0.0111111 0.427894
0 0.565625 0.804167 0.00625 0.0101852 0.42941
0 0.770833 0.751852 0.00625 0.0111111 0.446652
0 0.448958 0.846759 0.00625 0.0101852 0.460612
0 0.694531 0.318056 0.00677083 0.012037 0.470207
0 0.560677 0.708796 0.00572917 0.0101852 0.470925
0 0.75 0.4 0.00625 0.0111111 0.480943
0 0.745052 0.311111 0.00677083 0.0111111 0.482327
0 0.415885 0.230093 0.00572917 0.0101852 0.514702
0 0.423438 0.43287 0.00520833 0.0101852 0.520783
0 0.440104 0.743519 0.00625 0.0111111 0.553285
0 0.720312 0.758796 0.00729167 0.012037 0.557266
0 0.434635 0.638426 0.00572917 0.0101852 0.575962
0 0.419792 0.331019 0.00625 0.012037 0.623519
0 0.428906 0.538889 0.00677083 0.012963 0.625949
