0 0.800781 0.57037 0.00677083 0.0111111 0.305361
0 0.696875 0.744444 0.00833333 0.012963 0.309578
0 0.794271 0.659722 0.00833333 0.012037 0.312608
0 0.68724 0.29537 0.00677083 0.0111111 0.321104
0 0.658333 0.651389 0.00625 0.012037 0.332719
0 0.673437 0.384722 0.00625 0.0101852 0.339842
0 0.80599 0.48287 0.00885417 0.0138889 0.341283
0 0.703906 0.654167 0.00677083 0.012037 0.358425
0 0.734896 0.837963 0.00729167 0.012963 0.366699
0 0.748438 0.655556 0.00729167 0.0111111 0.367042
0 0.782812 0.845833 0.00833333 0.0138889 0.378172
0 0.654688 0.740741 0.00833333 0.012963 0.381763
0 0.579687 0.249537 0.00729167 0.012037 0.431933
0 0.790625 0.756019 0.009375 0.012037 0.432056
0 0.620313 0.360185 0.00833333 0.012963 0.446869
0 0.614323 0.460185 0.00885417 0.012963 0.462592
0 0.691927 0.838889 0.00885417 0.0148148 0.475418
0 0.607552 0.652315 0.00885417 0.012037 0.480248
0 0.558854 0.45 0.00625 0.0111111 0.483753
0 0.499479 0.344907 0.009375 0.012037 0.491983
0 0.602083 0.749537 0.009375 0.012037 0.50774
0 0.491406 0.444907 0.0078125 0.012037 0.532727
0 0.609115 0.55787 0.00885417 0.012037 0.536092
0 0.609115 0.841667 0.0078125 0.012963 0.550767
0 0.565885 0.348611 0.0078125 0.012037 0.584889
0 0.553646 0.554167 0.009375 0.0138889 0.587434
0 0.54349 0.756019 0.0078125 0.0101852 0.594511
0 0.470313 0.75 0.00729167 0.0111111 0.596846
0 0.549479 0.650926 0.0104167 0.0111111 0.598356
0 0.505729 0.247222 0.00729167 0.012963 0.609639
0 0.480729 0.548611 0.00833333 0.012037 0.617797
0 0.475521 0.645833 0.00833333 0.012037 0.640194
0 0.539844 0.854167 0.0130208 0.0157407 0.733248
0 0.465365 0.849074 0.0109375 0.0148148 0.740106
