0 0.614583 0.754167 0.00625 0.0101852 0.277497
0 0.670833 0.760185 0.00625 0.0111111 0.295271
0 0.554167 0.963426 0.00625 0.0101852 0.308426
0 0.614844 0.968982 0.00677083 0.0101852 0.372468
0 0.673177 0.972222 0.00677083 0.0111111 0.438228
0 0.496094 0.958796 0.00677083 0.0101852 0.460385
0 0.498437 0.847685 0.00625 0.012037 0.475447
0 0.61276 0.544907 0.00677083 0.012037 0.483757
0 0.614583 0.856019 0.00729167 0.012037 0.504619
0 0.671094 0.550926 0.00677083 0.0111111 0.524502
0 0.670052 0.661574 0.00677083 0.012037 0.524531
0 0.671875 0.864352 0.00729167 0.012037 0.539059
0 0.6125 0.322222 0.00833333 0.0111111 0.549225
0 0.501302 0.746759 0.00677083 0.012037 0.565019
0 0.613021 0.651389 0.00729167 0.012037 0.568214
0 0.555208 0.850926 0.00729167 0.012963 0.574982
0 0.553125 0.541204 0.00729167 0.012037 0.577678
0 0.436979 0.955556 0.00729167 0.0111111 0.584251
0 0.673698 0.325 0.00677083 0.0111111 0.595619
0 0.736458 0.433333 0.00833333 0.012963 0.60259
0 0.557552 0.650926 0.00677083 0.012963 0.606729
0 0.734896 0.331944 0.00729167 0.0101852 0.616028
0 0.49375 0.531482 0.00729167 0.0111111 0.62706
0 0.438542 0.844444 0.00729167 0.012963 0.62713
0 0.788802 0.983796 0.00885417 0.0138889 0.630412
0 0.488281 0.412963 0.0078125 0.0111111 0.636026
0 0.501823 0.64537 0.00677083 0.012963 0.637041
0 0.67474 0.431019 0.0078125 0.012037 0.641385
0 0.729427 0.558333 0.0078125 0.012963 0.642986
0 0.549219 0.421296 0.0078125 0.0111111 0.649772
0 0.78099 0.669907 0.00677083 0.012037 0.659799
0 0.442187 0.74213 0.00625 0.012037 0.662819
0 0.489583 0.312037 0.00729167 0.0111111 0.663503
0 0.731771 0.978704 0.00833333 0.0148148 0.665868
0 0.55 0.31713 0.00729167 0.012037 0.667889
0 0.61276 0.426852 0.0078125 0.012963 0.670322
0 0.727604 0.766204 0.00729167 0.0138889 0.682109
0 0.790885 0.5625 0.0078125 0.012037 0.684041
0 0.72474 0.665741 0.00677083 0.012963 0.692697
0 0.444531 0.639352 0.0078125 0.0138889 0.697352
0 0.556771 0.750463 0.00729167 0.0138889 0.699737
0 0.427604 0.411111 0.00729167 0.012963 0.70117
0 0.786719 0.871759 0.0078125 0.012037 0.706955
0 0.429688 0.310648 0.00729167 0.012037 0.716485
0 0.783333 0.768056 0.009375 0.0138889 0.719136
0 0.434896 0.526852 0.00729167 0.012963 0.720045
0 0.795052 0.338426 0.0078125 0.012037 0.753851
0 0.729688 0.867593 0.009375 0.0166667 0.793961
0 0.799479 0.443981 0.0145833 0.0231481 0.83319
