0 0.70026 0.83287 0.0078125 0.012037 0.529978
0 0.45651 0.883796 0.0078125 0.012037 0.591405
0 0.605729 0.660648 0.00833333 0.012037 0.59544
0 0.746615 0.840741 0.0078125 0.012963 0.620568
0 0.55625 0.734259 0.00729167 0.0111111 0.62094
0 0.653385 0.826852 0.0078125 0.0111111 0.629339
0 0.664583 0.483796 0.00729167 0.0138889 0.636162
0 0.697656 0.912037 0.0078125 0.012963 0.645605
0 0.553646 0.568981 0.00625 0.012037 0.654339
0 0.554167 0.896296 0.00729167 0.012963 0.665633
0 0.55625 0.814815 0.009375 0.012963 0.670614
0 0.508854 0.734259 0.00833333 0.0111111 0.673764
0 0.508594 0.652315 0.0078125 0.012037 0.678086
0 0.746615 0.91713 0.0078125 0.012037 0.678296
0 0.608073 0.354167 0.00989583 0.0212963 0.679786
0 0.551823 0.460648 0.0130208 0.0194444 0.680216
0 0.604167 0.900926 0.00729167 0.012963 0.681282
0 0.701302 0.680093 0.00885417 0.012037 0.682683
0 0.499479 0.556481 0.00729167 0.012963 0.686059
0 0.60599 0.821296 0.00885417 0.0111111 0.686647
0 0.556771 0.657407 0.009375 0.012963 0.68885
0 0.701302 0.756019 0.0078125 0.012037 0.691201
0 0.5 0.336111 0.00833333 0.0148148 0.698616
0 0.458073 0.650926 0.0078125 0.012963 0.710355
0 0.651042 0.906482 0.00729167 0.012963 0.714173
0 0.709375 0.593518 0.00729167 0.0111111 0.714625
0 0.505469 0.8875 0.0078125 0.0138889 0.72081
0 0.770312 0.383796 0.00833333 0.0138889 0.723345
0 0.457292 0.728704 0.00833333 0.012963 0.724383
0 0.654427 0.748148 0.00989583 0.012963 0.724518
0 0.508073 0.808333 0.00989583 0.0148148 0.726556
0 0.442187 0.327778 0.00833333 0.0148148 0.730598
0 0.659375 0.585185 0.00833333 0.012963 0.738604
0 0.747656 0.765278 0.00885417 0.0138889 0.743845
0 0.654427 0.670833 0.0109375 0.0138889 0.747476
0 0.605729 0.743056 0.0114583 0.0138889 0.749852
0 0.553385 0.349537 0.0078125 0.0157407 0.750049
0 0.457292 0.804167 0.00833333 0.0138889 0.750843
0 0.60625 0.469907 0.0104167 0.0138889 0.770511
0 0.496094 0.447222 0.0182292 0.0259259 0.780592
0 0.607292 0.578241 0.00833333 0.0157407 0.78198
0 0.757552 0.608333 0.0078125 0.0166667 0.790789
0 0.448958 0.55 0.0104167 0.0203704 0.792252
0 0.71901 0.375463 0.00989583 0.0212963 0.796602
0 0.748958 0.69537 0.009375 0.0166667 0.800631
0 0.664323 0.368519 0.00885417 0.0203704 0.819758
0 0.771094 0.492593 0.00989583 0.0203704 0.827127
0 0.717969 0.485648 0.0130208 0.025 0.829155
0 0.440625 0.435648 0.0114583 0.0212963 0.835767
