0 0.613802 0.488889 0.00677083 0.0111111 0.256918
0 0.488802 0.921759 0.00572917 0.0101852 0.267059
0 0.528125 0.752315 0.00625 0.012037 0.281965
0 0.575 0.748148 0.00729167 0.0111111 0.307032
0 0.616146 0.573611 0.00625 0.012037 0.308761
0 0.479948 0.674074 0.00677083 0.012963 0.317572
0 0.483333 0.756019 0.00729167 0.012037 0.341226
0 0.559115 0.388889 0.00677083 0.0111111 0.348629
0 0.768229 0.734259 0.00625 0.0111111 0.350495
0 0.773438 0.905556 0.00625 0.0111111 0.352824
0 0.610156 0.402315 0.0078125 0.012037 0.355291
0 0.579948 0.917593 0.00572917 0.0111111 0.362061
0 0.629687 0.915741 0.00625 0.0111111 0.377791
0 0.534375 0.919907 0.00625 0.0101852 0.384027
0 0.461198 0.581481 0.00677083 0.0111111 0.403515
0 0.510156 0.577315 0.00677083 0.012037 0.406919
0 0.485156 0.837963 0.00572917 0.0111111 0.416347
0 0.772135 0.821759 0.0078125 0.012037 0.434272
0 0.76224 0.562963 0.00677083 0.0111111 0.447144
0 0.658333 0.398148 0.00729167 0.012963 0.451603
0 0.715885 0.65 0.00677083 0.0111111 0.45208
0 0.49974 0.472222 0.00677083 0.0111111 0.456725
0 0.764844 0.647685 0.0078125 0.012037 0.48174
0 0.759115 0.474074 0.00677083 0.0111111 0.485095
0 0.497396 0.379167 0.00729167 0.012037 0.512841
0 0.445833 0.479167 0.00729167 0.012037 0.524863
0 0.708333 0.393519 0.00729167 0.012963 0.53236
0 0.443229 0.383796 0.00729167 0.012037 0.557792
0 0.75599 0.389815 0.0078125 0.012963 0.575991
