0 0.548177 0.455556 0.00677083 0.0111111 0.276261
0 0.48151 0.544444 0.00572917 0.0111111 0.29187
0 0.642187 0.656482 0.00625 0.0111111 0.298424
0 0.476042 0.643981 0.00625 0.0101852 0.302089
0 0.40599 0.841204 0.0078125 0.0101852 0.305655
0 0.596094 0.648148 0.00572917 0.0111111 0.32637
0 0.438281 0.228704 0.00677083 0.0111111 0.361931
0 0.690625 0.664352 0.00625 0.012037 0.384127
0 0.486719 0.437963 0.00677083 0.0111111 0.401296
0 0.648698 0.570833 0.00677083 0.012037 0.411557
0 0.490104 0.336574 0.00625 0.0101852 0.417952
0 0.495573 0.236111 0.00677083 0.0111111 0.44317
0 0.544531 0.552315 0.00677083 0.012037 0.458344
0 0.695312 0.58287 0.00625 0.012037 0.46783
0 0.63776 0.741204 0.00677083 0.012037 0.479949
0 0.686458 0.749537 0.00729167 0.012037 0.480999
0 0.602344 0.468981 0.00677083 0.012037 0.483325
0 0.535156 0.737963 0.0078125 0.0111111 0.483663
0 0.598958 0.560648 0.00729167 0.012037 0.503443
0 0.654688 0.481944 0.00729167 0.012037 0.50358
0 0.635156 0.827778 0.00677083 0.0111111 0.509311
0 0.411458 0.737963 0.00625 0.0111111 0.510513
0 0.530729 0.837963 0.00729167 0.0111111 0.514015
0 0.68125 0.833796 0.00729167 0.012037 0.515027
0 0.547656 0.347685 0.00677083 0.012037 0.534543
0 0.586198 0.822222 0.00677083 0.0111111 0.54217
0 0.432292 0.325 0.00625 0.0111111 0.547841
0 0.422135 0.531944 0.00677083 0.012037 0.568496
0 0.591406 0.732407 0.0078125 0.012963 0.575406
0 0.426302 0.429167 0.00677083 0.012037 0.576548
0 0.553906 0.247222 0.00677083 0.0111111 0.590417
0 0.732292 0.756944 0.00729167 0.012037 0.593511
0 0.415365 0.635648 0.00677083 0.012037 0.6
0 0.726823 0.844907 0.0078125 0.012037 0.60927
0 0.740625 0.589352 0.00729167 0.012037 0.610424
0 0.722917 0.293519 0.00729167 0.0111111 0.610534
0 0.775 0.30787 0.00729167 0.012037 0.614515
0 0.471615 0.749074 0.00885417 0.0111111 0.620796
0 0.668229 0.278241 0.00729167 0.012037 0.622478
0 0.734896 0.672685 0.00729167 0.0138889 0.628919
0 0.70625 0.493981 0.00729167 0.012037 0.635524
0 0.717969 0.389352 0.0078125 0.012037 0.639071
0 0.663802 0.373611 0.0078125 0.012037 0.6438
0 0.607813 0.360648 0.00729167 0.012037 0.648839
0 0.755729 0.503241 0.00729167 0.012037 0.672947
0 0.61276 0.262037 0.00885417 0.012963 0.693737
0 0.771354 0.403704 0.00833333 0.012963 0.753006
