0 0.643229 0.560185 0.00729167 0.012963 0.271206
0 0.645052 0.64537 0.00677083 0.012963 0.273484
0 0.691406 0.63287 0.0078125 0.0138889 0.274222
0 0.69349 0.256944 0.0078125 0.0138889 0.277044
0 0.736458 0.62037 0.009375 0.0148148 0.279289
0 0.589844 0.478241 0.00677083 0.012037 0.288327
0 0.740365 0.704167 0.00885417 0.0138889 0.301086
0 0.642969 0.467593 0.0078125 0.012963 0.302704
0 0.651042 0.814815 0.00729167 0.012963 0.31203
0 0.427083 0.921759 0.00833333 0.0138889 0.313408
0 0.642969 0.361111 0.0078125 0.012963 0.316936
0 0.600781 0.740278 0.0078125 0.0138889 0.325877
0 0.545052 0.77037 0.00677083 0.012963 0.34563
0 0.695052 0.717593 0.00885417 0.0148148 0.34936
0 0.525781 0.383796 0.00677083 0.012037 0.349498
0 0.583073 0.273148 0.00885417 0.012963 0.350507
0 0.585938 0.371759 0.00729167 0.012037 0.362598
0 0.476823 0.602778 0.00677083 0.012963 0.373875
0 0.689844 0.548611 0.0078125 0.0138889 0.378327
0 0.522396 0.283796 0.00729167 0.012037 0.37843
0 0.466927 0.295833 0.0078125 0.012037 0.378705
0 0.601823 0.829167 0.0078125 0.012037 0.387957
0 0.46849 0.39537 0.0078125 0.012963 0.387994
0 0.647917 0.72963 0.00833333 0.0148148 0.391562
0 0.694792 0.457407 0.009375 0.0148148 0.401106
0 0.744792 0.447222 0.009375 0.012963 0.406043
0 0.548698 0.86713 0.00989583 0.0157407 0.410342
0 0.472656 0.497685 0.00989583 0.0138889 0.411896
0 0.479688 0.702778 0.00833333 0.012963 0.420021
0 0.734896 0.5375 0.00833333 0.0138889 0.434291
0 0.413021 0.5125 0.00729167 0.0138889 0.455813
0 0.416146 0.614815 0.00729167 0.012963 0.471586
0 0.410417 0.408796 0.00729167 0.012037 0.473297
0 0.424219 0.819444 0.0078125 0.0148148 0.479958
0 0.747135 0.249074 0.00885417 0.012963 0.483211
0 0.408854 0.312963 0.00833333 0.012963 0.485507
0 0.697656 0.351389 0.00989583 0.0138889 0.489482
0 0.750781 0.340741 0.0109375 0.0148148 0.498345
0 0.482552 0.806944 0.0109375 0.0157407 0.498524
0 0.419792 0.718982 0.00729167 0.0138889 0.522867
