0 0.790625 0.253704 0.00625 0.0111111 0.252712
0 0.71875 0.513426 0.00520833 0.0101852 0.269119
0 0.486458 0.706944 0.00520833 0.0101852 0.273872
0 0.705208 0.690278 0.00520833 0.0101852 0.290545
0 0.646615 0.777778 0.00572917 0.0111111 0.307014
0 0.776302 0.429167 0.00572917 0.0101852 0.312308
0 0.770052 0.51713 0.00572917 0.012037 0.313104
0 0.757031 0.692593 0.00572917 0.0111111 0.322409
0 0.733594 0.336574 0.00677083 0.012037 0.349684
0 0.474479 0.188426 0.00625 0.012037 0.369509
0 0.422135 0.807407 0.00572917 0.0111111 0.387052
0 0.783073 0.340741 0.00677083 0.0111111 0.394284
0 0.436719 0.596759 0.00572917 0.0101852 0.394303
0 0.454427 0.390741 0.00572917 0.012963 0.400184
0 0.696615 0.778704 0.00572917 0.0111111 0.400728
0 0.747656 0.784259 0.00572917 0.0111111 0.404576
0 0.427604 0.702778 0.00625 0.0111111 0.443534
0 0.445052 0.497222 0.00572917 0.012963 0.451039
0 0.464583 0.289352 0.00625 0.012037 0.499207
