0 0.623177 0.16713 0.00677083 0.012037 0.286302
0 0.672135 0.167593 0.00677083 0.0111111 0.382511
0 0.536979 0.346296 0.00729167 0.0111111 0.438819
0 0.584635 0.434259 0.00677083 0.0111111 0.448686
0 0.632552 0.615278 0.00677083 0.0101852 0.448775
0 0.481771 0.241204 0.009375 0.0138889 0.45618
0 0.627604 0.434259 0.00625 0.0111111 0.45868
0 0.428906 0.138889 0.0078125 0.012963 0.465388
0 0.677344 0.34537 0.0078125 0.0111111 0.469403
0 0.360156 0.644907 0.0078125 0.012037 0.47614
0 0.58724 0.525926 0.0078125 0.0111111 0.488751
0 0.536458 0.262037 0.00833333 0.0111111 0.498194
0 0.582812 0.168056 0.00729167 0.012037 0.504484
0 0.365365 0.747222 0.0109375 0.0148148 0.512277
0 0.542969 0.171759 0.0078125 0.012037 0.514557
0 0.677604 0.430093 0.00625 0.0101852 0.524908
0 0.631771 0.52037 0.00729167 0.0111111 0.529764
0 0.491927 0.152778 0.0078125 0.012963 0.568165
0 0.58724 0.616204 0.00885417 0.0138889 0.578305
0 0.546354 0.616204 0.00833333 0.0138889 0.591105
0 0.590104 0.709722 0.00833333 0.0138889 0.595189
0 0.540885 0.4375 0.0078125 0.012037 0.599113
0 0.679167 0.521759 0.00833333 0.012037 0.599473
0 0.542188 0.526852 0.00833333 0.012963 0.603572
0 0.357031 0.146296 0.00885417 0.0148148 0.607275
0 0.682813 0.61713 0.0104167 0.0138889 0.622501
0 0.632552 0.704167 0.0078125 0.012037 0.62287
0 0.483333 0.341667 0.00833333 0.0111111 0.627063
0 0.49401 0.63287 0.00885417 0.012037 0.640103
0 0.682292 0.705093 0.009375 0.0138889 0.649438
0 0.507031 0.722685 0.00677083 0.012037 0.652499
0 0.357812 0.24213 0.0114583 0.0138889 0.661541
0 0.357292 0.348611 0.009375 0.012037 0.674648
0 0.427083 0.339352 0.009375 0.012037 0.687099
0 0.358333 0.546296 0.009375 0.012963 0.696326
0 0.485938 0.439815 0.009375 0.012963 0.713367
0 0.426042 0.237963 0.009375 0.012963 0.713762
0 0.35651 0.447685 0.0109375 0.012037 0.716177
0 0.43151 0.540741 0.0109375 0.012963 0.725493
0 0.429167 0.443981 0.009375 0.0138889 0.729436
0 0.435677 0.645833 0.00885417 0.012037 0.738345
0 0.438542 0.743056 0.0125 0.0157407 0.755033
0 0.492969 0.536111 0.00989583 0.012963 0.760016
