0 0.754948 0.460185 0.00677083 0.0111111 0.259004
0 0.663281 0.464352 0.00677083 0.0101852 0.28328
0 0.716927 0.284259 0.0078125 0.0111111 0.326292
0 0.661719 0.555556 0.00572917 0.0111111 0.343747
0 0.70625 0.551852 0.00625 0.00925926 0.41679
0 0.804167 0.369907 0.00625 0.0101852 0.447928
0 0.807813 0.281019 0.00625 0.0101852 0.455848
0 0.658854 0.824537 0.00833333 0.0157407 0.478858
0 0.667188 0.380556 0.00729167 0.0111111 0.496945
0 0.75 0.549537 0.00625 0.0101852 0.50539
0 0.485156 0.469444 0.00885417 0.012963 0.510557
0 0.678385 0.288889 0.00677083 0.0111111 0.514049
0 0.80026 0.546296 0.0078125 0.0111111 0.528896
0 0.553385 0.460648 0.0078125 0.012037 0.554308
0 0.742708 0.819907 0.00729167 0.012037 0.571505
0 0.746094 0.731481 0.0078125 0.0111111 0.574787
0 0.496094 0.269444 0.0078125 0.012963 0.589863
0 0.627604 0.270833 0.00729167 0.012037 0.590316
0 0.616406 0.360185 0.0078125 0.012963 0.621581
0 0.750521 0.637963 0.00729167 0.0111111 0.623333
0 0.705208 0.643056 0.00729167 0.012037 0.625492
0 0.566927 0.258796 0.0078125 0.0138889 0.642088
0 0.557552 0.361574 0.00885417 0.012037 0.651726
0 0.804167 0.458796 0.009375 0.0138889 0.653208
0 0.701302 0.735185 0.00885417 0.0148148 0.661711
0 0.490885 0.364815 0.0109375 0.0148148 0.668031
0 0.660417 0.645833 0.00625 0.012037 0.672352
0 0.608333 0.5625 0.00833333 0.012037 0.674634
0 0.473958 0.771296 0.00729167 0.0111111 0.683908
0 0.796875 0.6375 0.009375 0.012037 0.693284
0 0.610156 0.462963 0.00885417 0.012963 0.700768
0 0.659896 0.734722 0.009375 0.0157407 0.702855
0 0.609635 0.654167 0.00885417 0.0138889 0.711349
0 0.615885 0.842593 0.00677083 0.012963 0.711828
0 0.479167 0.568981 0.0104167 0.0138889 0.718622
0 0.69974 0.827778 0.00885417 0.0166667 0.719983
0 0.548437 0.766204 0.00833333 0.012037 0.720682
0 0.476562 0.668056 0.009375 0.0138889 0.732303
0 0.790625 0.822222 0.00833333 0.0148148 0.733774
0 0.552344 0.564352 0.00989583 0.0157407 0.737397
0 0.549219 0.6625 0.0109375 0.0138889 0.757277
0 0.796354 0.731944 0.0104167 0.0138889 0.76037
0 0.60651 0.752778 0.00885417 0.0148148 0.762094
0 0.472135 0.871759 0.0119792 0.0157407 0.799511
0 0.547396 0.865741 0.0114583 0.0166667 0.828983
