0 0.551823 0.422685 0.00572917 0.012037 0.259362
0 0.320833 0.846759 0.00625 0.0101852 0.267143
0 0.494531 0.528241 0.0078125 0.012037 0.271571
0 0.43724 0.846296 0.00677083 0.0111111 0.274077
0 0.438542 0.531018 0.00625 0.012037 0.298063
0 0.325781 0.532407 0.00677083 0.012963 0.300472
0 0.324219 0.635185 0.00572917 0.0111111 0.304946
0 0.434635 0.424074 0.00677083 0.0111111 0.306328
0 0.439583 0.632407 0.00625 0.0111111 0.3071
0 0.4375 0.733333 0.00729167 0.012963 0.313298
0 0.321875 0.736574 0.00729167 0.012037 0.32988
0 0.49375 0.423148 0.00625 0.0111111 0.330183
0 0.383333 0.533333 0.00625 0.0111111 0.340133
0 0.375 0.420833 0.00729167 0.012037 0.355858
0 0.669531 0.735185 0.00677083 0.0111111 0.370906
0 0.610677 0.424537 0.00677083 0.012037 0.403941
0 0.555208 0.303704 0.00625 0.0111111 0.404649
0 0.316146 0.42037 0.00625 0.012963 0.40497
0 0.613802 0.845833 0.00677083 0.012037 0.418536
0 0.6625 0.530556 0.00625 0.0111111 0.419744
0 0.616927 0.300463 0.0078125 0.012037 0.420872
0 0.36901 0.302778 0.00677083 0.0111111 0.42264
0 0.671094 0.423148 0.00677083 0.0111111 0.426428
0 0.60599 0.531482 0.00677083 0.012963 0.432982
0 0.614062 0.199074 0.00729167 0.0111111 0.43615
0 0.49349 0.305093 0.00677083 0.012037 0.462821
0 0.371094 0.2 0.00677083 0.0111111 0.466121
0 0.430208 0.199074 0.00625 0.0111111 0.47056
0 0.672396 0.84537 0.00729167 0.012963 0.47152
0 0.553906 0.199074 0.00677083 0.0111111 0.475547
0 0.609635 0.633333 0.0078125 0.012963 0.483298
0 0.429688 0.304167 0.00729167 0.012037 0.48432
0 0.492448 0.2 0.00677083 0.0111111 0.493325
0 0.664583 0.631481 0.00729167 0.012963 0.500709
0 0.308073 0.305093 0.00677083 0.012037 0.500984
0 0.309896 0.205093 0.00729167 0.012037 0.504679
0 0.67474 0.199537 0.0078125 0.012037 0.515133
0 0.611719 0.735648 0.0119792 0.0194444 0.570479
0 0.679948 0.305556 0.0151042 0.0203704 0.631163
