0 0.536458 0.34537 0.00729167 0.0111111 0.289708
0 0.674219 0.256019 0.00572917 0.0101852 0.297283
0 0.623177 0.16713 0.00572917 0.0101852 0.303072
0 0.672656 0.167593 0.00677083 0.0111111 0.363946
0 0.584635 0.434722 0.00572917 0.0101852 0.371006
0 0.547396 0.708333 0.00833333 0.0148148 0.387732
0 0.539583 0.436111 0.00729167 0.0111111 0.4276
0 0.629167 0.34537 0.00729167 0.0111111 0.450454
0 0.627865 0.433796 0.00572917 0.0101852 0.482612
0 0.63151 0.520833 0.00677083 0.0101852 0.520345
0 0.582812 0.168056 0.00729167 0.012037 0.522639
0 0.633073 0.70463 0.00677083 0.0111111 0.55526
0 0.536979 0.2625 0.00729167 0.012037 0.560031
0 0.541927 0.529167 0.00677083 0.012037 0.568688
0 0.586719 0.526389 0.00677083 0.012037 0.575441
0 0.677865 0.431019 0.00677083 0.0101852 0.579827
0 0.63151 0.615278 0.00677083 0.0101852 0.581649
0 0.360417 0.647222 0.00729167 0.0111111 0.586195
0 0.54349 0.171759 0.00677083 0.012037 0.591149
0 0.58776 0.616667 0.0078125 0.012963 0.602462
0 0.483333 0.342593 0.00729167 0.0111111 0.604145
0 0.358073 0.346759 0.00885417 0.012037 0.608992
0 0.428646 0.137963 0.00729167 0.012963 0.614936
0 0.678646 0.522685 0.00729167 0.012037 0.616747
0 0.435417 0.646296 0.00729167 0.00925926 0.617359
0 0.507292 0.722685 0.00625 0.012037 0.623315
0 0.677344 0.34537 0.0078125 0.012963 0.624391
0 0.545573 0.617593 0.00885417 0.0148148 0.624809
0 0.491927 0.534722 0.0078125 0.012037 0.632974
0 0.427083 0.339352 0.00833333 0.012037 0.636575
0 0.590365 0.709722 0.0078125 0.0138889 0.638405
0 0.49375 0.633333 0.00833333 0.012963 0.638897
0 0.428906 0.443519 0.0078125 0.012963 0.646455
0 0.357031 0.143981 0.0078125 0.0138889 0.652043
0 0.68125 0.706944 0.00833333 0.0138889 0.65381
0 0.492188 0.152315 0.00729167 0.012037 0.655267
0 0.355729 0.448148 0.0104167 0.012963 0.660747
0 0.358594 0.544907 0.00885417 0.012037 0.661064
0 0.486198 0.440741 0.00885417 0.012963 0.665454
0 0.43151 0.54213 0.00989583 0.012037 0.676089
0 0.425781 0.238426 0.00885417 0.012037 0.683263
0 0.364062 0.748148 0.0114583 0.0148148 0.684504
0 0.682552 0.61713 0.00989583 0.0138889 0.689168
0 0.484115 0.239815 0.00885417 0.0148148 0.69158
0 0.358333 0.243056 0.0104167 0.0138889 0.693642
0 0.438802 0.743056 0.0130208 0.0157407 0.698724
