0 0.551302 0.636111 0.00572917 0.0111111 0.290804
0 0.495052 0.634722 0.00677083 0.012037 0.406352
0 0.553646 0.849537 0.00520833 0.0101852 0.499085
0 0.378906 0.739352 0.00677083 0.0101852 0.501922
0 0.495833 0.850463 0.00625 0.0101852 0.543079
0 0.495833 0.738889 0.00729167 0.0111111 0.561907
0 0.553385 0.739815 0.00677083 0.0111111 0.568861
0 0.54974 0.534722 0.00677083 0.012037 0.569696
0 0.382031 0.6375 0.00677083 0.012037 0.579125
0 0.552865 0.203241 0.00677083 0.0101852 0.584522
0 0.433854 0.426389 0.00729167 0.012037 0.597256
0 0.491406 0.203241 0.0078125 0.0101852 0.605631
0 0.43776 0.534722 0.00677083 0.012037 0.609775
0 0.369792 0.203241 0.00729167 0.0101852 0.614077
0 0.492708 0.426389 0.00729167 0.012037 0.621464
0 0.613542 0.203704 0.00729167 0.0111111 0.62187
0 0.429688 0.203241 0.00729167 0.0101852 0.621887
0 0.377604 0.848611 0.00729167 0.012037 0.625334
0 0.373437 0.422685 0.00729167 0.012037 0.632557
0 0.43776 0.634722 0.00677083 0.012037 0.636402
0 0.493229 0.531482 0.00729167 0.012963 0.638247
0 0.551042 0.426852 0.00729167 0.012963 0.63862
0 0.367708 0.305556 0.00729167 0.0111111 0.652503
0 0.436198 0.737037 0.0078125 0.0111111 0.668634
0 0.554427 0.306944 0.0078125 0.012037 0.67883
0 0.322917 0.637037 0.00625 0.0111111 0.679013
0 0.382552 0.535648 0.00677083 0.012037 0.682159
0 0.492708 0.306944 0.00729167 0.012037 0.685454
0 0.669792 0.426852 0.00729167 0.0111111 0.687346
0 0.609896 0.428241 0.00729167 0.012037 0.70728
0 0.616146 0.304167 0.009375 0.012037 0.709519
0 0.315104 0.423611 0.00729167 0.012037 0.710533
0 0.428385 0.306944 0.0078125 0.012037 0.710721
0 0.605469 0.536111 0.00677083 0.012963 0.712875
0 0.609375 0.635648 0.00729167 0.0138889 0.716001
0 0.66901 0.737963 0.0078125 0.012963 0.721898
0 0.661198 0.535185 0.00677083 0.0111111 0.724998
0 0.436198 0.850463 0.0078125 0.012037 0.733062
0 0.664323 0.633796 0.00885417 0.0138889 0.733802
0 0.673177 0.203241 0.0078125 0.012037 0.745369
0 0.325521 0.536574 0.00729167 0.0138889 0.748516
0 0.308594 0.208333 0.0078125 0.0111111 0.754544
0 0.613021 0.849537 0.00833333 0.0138889 0.757357
0 0.320052 0.85 0.0078125 0.012963 0.771538
0 0.321615 0.739815 0.00885417 0.012963 0.772233
0 0.671094 0.849074 0.0078125 0.012963 0.7763
0 0.307292 0.307407 0.00729167 0.012963 0.779931
0 0.61224 0.738426 0.0109375 0.0175926 0.838776
0 0.678125 0.308333 0.0135417 0.0185185 0.853355
