0 0.673437 0.496296 0.00729167 0.0111111 0.253027
0 0.568229 0.65463 0.00625 0.0111111 0.263035
0 0.518229 0.731019 0.00625 0.012037 0.29593
0 0.553906 0.906018 0.00572917 0.0101852 0.298993
0 0.715885 0.588889 0.00572917 0.0111111 0.305102
0 0.601823 0.914815 0.00572917 0.0111111 0.305185
0 0.648177 0.918519 0.00572917 0.0111111 0.305815
0 0.745573 0.935185 0.00677083 0.0111111 0.309494
0 0.522135 0.648611 0.00572917 0.0101852 0.311535
0 0.46276 0.890741 0.00572917 0.0111111 0.323387
0 0.564583 0.7375 0.00625 0.012037 0.324554
0 0.515885 0.55463 0.00677083 0.0111111 0.33943
0 0.721354 0.500926 0.00625 0.0111111 0.33994
0 0.476042 0.643981 0.00625 0.012037 0.340166
0 0.702083 0.84213 0.00625 0.0101852 0.347393
0 0.514844 0.448148 0.00677083 0.0111111 0.365635
0 0.508073 0.898611 0.00677083 0.012037 0.375174
0 0.677865 0.408796 0.0078125 0.012037 0.378156
0 0.467187 0.806944 0.00625 0.012037 0.381623
0 0.696875 0.925926 0.00625 0.0111111 0.382553
0 0.70651 0.757407 0.00677083 0.0111111 0.397367
0 0.711979 0.671296 0.00729167 0.012963 0.400162
0 0.727344 0.414352 0.0078125 0.0138889 0.411897
0 0.471615 0.724537 0.00677083 0.012037 0.426774
0 0.466406 0.547685 0.00677083 0.012037 0.431059
0 0.750781 0.851389 0.0078125 0.012037 0.439504
0 0.755729 0.763889 0.00729167 0.0111111 0.455702
0 0.764583 0.59537 0.00625 0.0111111 0.460431
0 0.759896 0.678704 0.00729167 0.012963 0.493914
0 0.521094 0.355093 0.0078125 0.012037 0.508526
0 0.461719 0.444907 0.00885417 0.0138889 0.523511
0 0.466927 0.35 0.00677083 0.012963 0.525151
0 0.770312 0.50787 0.00729167 0.012037 0.557603
0 0.775 0.421759 0.00833333 0.0138889 0.598341
