0 0.551302 0.636111 0.00572917 0.0111111 0.27168
0 0.494792 0.634259 0.00625 0.0111111 0.321956
0 0.379167 0.739352 0.00729167 0.0101852 0.52675
0 0.492969 0.426852 0.00677083 0.0111111 0.534104
0 0.553385 0.85 0.00572917 0.0111111 0.534988
0 0.433333 0.427315 0.00729167 0.012037 0.547493
0 0.495313 0.738889 0.00729167 0.0111111 0.557563
0 0.553385 0.739815 0.00677083 0.0111111 0.564759
0 0.551302 0.427315 0.00677083 0.012037 0.566016
0 0.54974 0.535648 0.00677083 0.012037 0.566171
0 0.495833 0.850926 0.00625 0.0111111 0.569771
0 0.552604 0.203704 0.00729167 0.0111111 0.577529
0 0.382031 0.6375 0.00677083 0.012037 0.588447
0 0.43776 0.635185 0.00677083 0.0111111 0.601853
0 0.43724 0.534722 0.00677083 0.012037 0.605626
0 0.491146 0.203704 0.00833333 0.0111111 0.611412
0 0.493229 0.531482 0.00729167 0.012963 0.628746
0 0.613281 0.203704 0.0078125 0.0111111 0.628789
0 0.436198 0.737037 0.0078125 0.0111111 0.636042
0 0.373437 0.423148 0.00729167 0.0111111 0.638171
0 0.429688 0.203241 0.00729167 0.0101852 0.639557
0 0.377604 0.848611 0.00729167 0.012037 0.646002
0 0.554167 0.306481 0.00729167 0.0111111 0.661191
0 0.427604 0.306481 0.00729167 0.0111111 0.662069
0 0.670052 0.426852 0.00677083 0.0111111 0.663015
0 0.369792 0.203704 0.00729167 0.0111111 0.664591
0 0.609896 0.428704 0.00729167 0.012963 0.666736
0 0.492448 0.307407 0.00677083 0.0111111 0.673842
0 0.367969 0.305556 0.0078125 0.0111111 0.684716
0 0.609115 0.636111 0.00677083 0.012963 0.687828
0 0.382292 0.536111 0.00729167 0.012963 0.691859
0 0.66901 0.737963 0.0078125 0.012963 0.694839
0 0.616406 0.30463 0.00885417 0.012963 0.69515
0 0.663802 0.633796 0.00885417 0.012037 0.698469
0 0.605469 0.536111 0.00677083 0.012963 0.700801
0 0.322917 0.637037 0.00625 0.0111111 0.702674
0 0.660937 0.536111 0.00625 0.0111111 0.707249
0 0.315365 0.424074 0.0078125 0.012963 0.709371
0 0.435937 0.850463 0.00729167 0.012037 0.728041
0 0.673437 0.203241 0.00833333 0.012037 0.741929
0 0.613021 0.849537 0.00833333 0.0138889 0.746274
0 0.325521 0.536574 0.00729167 0.0138889 0.754756
0 0.308594 0.208796 0.0078125 0.012037 0.755457
0 0.671094 0.849074 0.0078125 0.012963 0.7606
0 0.319792 0.850463 0.00833333 0.012037 0.773746
0 0.321615 0.739815 0.00885417 0.012963 0.779232
0 0.307292 0.30787 0.00729167 0.0138889 0.787944
0 0.611719 0.738426 0.0109375 0.0175926 0.811284
0 0.677865 0.308333 0.0140625 0.0185185 0.839922
