0 0.653906 0.247685 0.00885417 0.0157407 0.25338
0 0.438281 0.624537 0.00677083 0.0101852 0.357432
0 0.376302 0.34213 0.0151042 0.0194444 0.366001
0 0.397135 0.408796 0.00677083 0.012037 0.428464
0 0.649479 0.248148 0.00833333 0.0166667 0.559954
0 0.436719 0.54537 0.00885417 0.012963 0.613061
0 0.535937 0.703704 0.00729167 0.0111111 0.619621
0 0.377604 0.23287 0.00729167 0.0138889 0.625841
0 0.582292 0.703704 0.00729167 0.0111111 0.626687
0 0.582292 0.625 0.00729167 0.0111111 0.631504
0 0.434115 0.459722 0.00572917 0.012037 0.636168
0 0.540625 0.363426 0.00833333 0.0175926 0.645911
0 0.340104 0.782407 0.00833333 0.0111111 0.653728
0 0.534375 0.783333 0.00729167 0.0111111 0.656866
0 0.389844 0.547685 0.0078125 0.012037 0.660168
0 0.48724 0.783333 0.00677083 0.0111111 0.662236
0 0.4875 0.625 0.00833333 0.0111111 0.666516
0 0.321094 0.22963 0.0078125 0.0148148 0.670448
0 0.340365 0.628704 0.00885417 0.012963 0.679053
0 0.485677 0.542593 0.00885417 0.012963 0.680486
0 0.390104 0.630093 0.00833333 0.012037 0.683002
0 0.628385 0.704167 0.0078125 0.012037 0.691749
0 0.378906 0.451389 0.0078125 0.012037 0.692844
0 0.339583 0.550926 0.00833333 0.012963 0.694607
0 0.340885 0.70463 0.0078125 0.012963 0.701014
0 0.581771 0.55 0.00729167 0.0111111 0.702771
0 0.436979 0.784259 0.00729167 0.0111111 0.704494
0 0.588802 0.4625 0.0078125 0.012037 0.705521
0 0.439583 0.703704 0.00833333 0.012963 0.706075
0 0.535937 0.624074 0.00833333 0.0111111 0.711465
0 0.580208 0.783796 0.00729167 0.012037 0.719548
0 0.628125 0.78287 0.00833333 0.012037 0.731548
0 0.488281 0.705093 0.0078125 0.012037 0.734041
0 0.432031 0.350463 0.0130208 0.0194444 0.741104
0 0.484375 0.2375 0.009375 0.0194444 0.74436
0 0.430469 0.237963 0.00885417 0.0166667 0.750527
0 0.535677 0.546296 0.0109375 0.0148148 0.753601
0 0.388802 0.781944 0.0078125 0.0138889 0.755586
0 0.391146 0.70463 0.00833333 0.0148148 0.756008
0 0.629167 0.630093 0.00833333 0.012037 0.762595
0 0.486458 0.354167 0.009375 0.0138889 0.768592
0 0.538802 0.461111 0.00885417 0.012963 0.771669
0 0.596354 0.242593 0.00833333 0.0166667 0.779327
0 0.486979 0.4625 0.00833333 0.0138889 0.781723
0 0.636719 0.469907 0.0078125 0.0138889 0.791045
0 0.628385 0.558796 0.00885417 0.0157407 0.79876
0 0.541927 0.24213 0.0078125 0.0157407 0.805579
0 0.316667 0.337037 0.0114583 0.0203704 0.810421
0 0.649219 0.356944 0.00989583 0.0194444 0.817387
0 0.328385 0.452315 0.0109375 0.0194444 0.831098
0 0.596615 0.35463 0.0119792 0.0240741 0.859622
