0 0.644792 0.561111 0.00625 0.0111111 0.250675
0 0.642969 0.466667 0.00677083 0.0111111 0.25833
0 0.31276 0.0875 0.00572917 0.0101852 0.259013
0 0.313021 0.395833 0.00625 0.012037 0.260416
0 0.584896 0.12037 0.00625 0.012963 0.265314
0 0.314583 0.496296 0.00625 0.0111111 0.273999
0 0.644531 0.65 0.00572917 0.0111111 0.276381
0 0.638281 0.294907 0.0078125 0.012037 0.303408
0 0.311458 0.1875 0.00520833 0.012037 0.309742
0 0.63724 0.206944 0.0078125 0.0138889 0.35241
0 0.316146 0.602315 0.00625 0.012037 0.370905
0 0.59401 0.650463 0.00572917 0.012037 0.371797
0 0.635417 0.118981 0.00729167 0.012037 0.386756
