0 0.579427 0.836111 0.00885417 0.0111111 0.607633
0 0.571094 0.75787 0.0078125 0.012037 0.61867
0 0.536979 0.488889 0.0145833 0.0203704 0.640436
0 0.67526 0.811574 0.00885417 0.0138889 0.644441
0 0.727344 0.87963 0.0078125 0.0111111 0.649837
0 0.415365 0.393056 0.0078125 0.0138889 0.653029
0 0.515365 0.693056 0.0078125 0.012037 0.655788
0 0.524219 0.776389 0.00885417 0.0138889 0.66703
0 0.538281 0.928241 0.0078125 0.0138889 0.673105
0 0.489583 0.939815 0.00833333 0.012963 0.683463
0 0.591146 0.478704 0.0114583 0.0166667 0.686275
0 0.585417 0.916667 0.00833333 0.012963 0.686663
0 0.466667 0.710185 0.00729167 0.012963 0.691854
0 0.628385 0.823611 0.00885417 0.012037 0.697881
0 0.721094 0.800463 0.00677083 0.012037 0.70014
0 0.495313 0.601389 0.00729167 0.0138889 0.70034
0 0.648698 0.472685 0.00885417 0.0175926 0.700887
0 0.482292 0.862037 0.00833333 0.012963 0.70292
0 0.481771 0.493981 0.0166667 0.025 0.703029
0 0.474219 0.7875 0.00885417 0.0138889 0.70514
0 0.634896 0.903241 0.00833333 0.012037 0.706087
0 0.563281 0.681481 0.0109375 0.0148148 0.709071
0 0.532552 0.848611 0.00989583 0.0157407 0.713948
0 0.446094 0.614815 0.00989583 0.0185185 0.714694
0 0.471094 0.381481 0.00885417 0.0148148 0.714986
0 0.55 0.594444 0.00729167 0.012963 0.71709
0 0.766927 0.790278 0.0078125 0.012037 0.718659
0 0.713281 0.724537 0.0078125 0.012037 0.725618
0 0.680469 0.891204 0.0078125 0.012037 0.733025
0 0.610937 0.666667 0.009375 0.0148148 0.737674
0 0.654427 0.569907 0.0078125 0.0138889 0.74664
0 0.775 0.868056 0.009375 0.0138889 0.751911
0 0.705469 0.648611 0.0078125 0.0138889 0.757501
0 0.620313 0.748148 0.0114583 0.0148148 0.75984
0 0.603646 0.583796 0.00833333 0.0157407 0.763376
0 0.704687 0.560648 0.00729167 0.0138889 0.769969
0 0.752865 0.557407 0.0078125 0.0148148 0.780585
0 0.527344 0.375926 0.00885417 0.0185185 0.78087
0 0.704427 0.448148 0.0130208 0.0259259 0.789572
0 0.690625 0.341667 0.009375 0.0203704 0.804077
0 0.760417 0.716204 0.009375 0.0175926 0.807764
0 0.667448 0.734722 0.0109375 0.0157407 0.810075
0 0.580469 0.362037 0.00989583 0.0222222 0.812865
0 0.753125 0.648148 0.009375 0.0185185 0.81687
0 0.659896 0.656482 0.0125 0.0166667 0.818048
0 0.753125 0.436111 0.0104167 0.0203704 0.823379
0 0.740365 0.331481 0.00885417 0.0185185 0.82911
0 0.42474 0.504167 0.0130208 0.025 0.840432
0 0.635938 0.35463 0.009375 0.0222222 0.858656
