0 0.668229 0.354167 0.00729167 0.012037 0.258943
0 0.747396 0.237037 0.00729167 0.012963 0.268867
0 0.7125 0.338889 0.00729167 0.0111111 0.281402
0 0.698438 0.251389 0.00729167 0.012037 0.296697
0 0.728385 0.424537 0.0078125 0.012037 0.300404
0 0.635938 0.455556 0.00625 0.0111111 0.31394
0 0.65 0.542593 0.00729167 0.012963 0.434743
0 0.759896 0.322685 0.00625 0.0101852 0.45692
0 0.69375 0.527778 0.00625 0.0111111 0.466606
0 0.659115 0.266204 0.0078125 0.012037 0.482478
0 0.736719 0.512037 0.00677083 0.0111111 0.483279
0 0.449479 0.412037 0.0114583 0.0166667 0.488482
0 0.625521 0.374074 0.00729167 0.0111111 0.497503
0 0.515104 0.388426 0.00833333 0.0138889 0.498954
0 0.69349 0.80787 0.00989583 0.0175926 0.506143
0 0.664062 0.633333 0.00625 0.012963 0.515756
0 0.77526 0.776852 0.00885417 0.0148148 0.524994
0 0.597917 0.566204 0.00833333 0.0138889 0.527241
0 0.501302 0.812037 0.0078125 0.012963 0.530061
0 0.751302 0.596759 0.0078125 0.012037 0.531611
0 0.773958 0.408796 0.00833333 0.0138889 0.547724
0 0.620052 0.283796 0.0078125 0.0138889 0.55176
0 0.506771 0.285648 0.00729167 0.0138889 0.554616
0 0.574219 0.783333 0.00885417 0.012963 0.572334
0 0.583333 0.470833 0.00729167 0.012037 0.573632
0 0.785156 0.493056 0.0078125 0.0138889 0.578578
0 0.677604 0.719444 0.009375 0.0166667 0.580098
0 0.719271 0.704167 0.009375 0.0157407 0.581196
0 0.653906 0.837037 0.00885417 0.0166667 0.581708
0 0.629427 0.753241 0.00989583 0.0157407 0.58187
0 0.763281 0.688889 0.0078125 0.012963 0.583944
0 0.571354 0.369907 0.009375 0.0157407 0.587185
0 0.569271 0.280556 0.00833333 0.0148148 0.587294
0 0.797396 0.581944 0.00833333 0.012037 0.592387
0 0.8125 0.675926 0.009375 0.0148148 0.593205
0 0.616146 0.656482 0.0104167 0.0148148 0.593206
0 0.461458 0.511111 0.00833333 0.012963 0.593215
0 0.708333 0.616667 0.00833333 0.012963 0.602437
0 0.4375 0.316667 0.00833333 0.0148148 0.636297
0 0.557031 0.682407 0.0119792 0.0148148 0.644347
0 0.733854 0.796296 0.0104167 0.0185185 0.648759
0 0.822396 0.763426 0.009375 0.0157407 0.653996
0 0.472396 0.613889 0.0104167 0.0148148 0.671337
0 0.589323 0.879167 0.0140625 0.0175926 0.680157
0 0.527865 0.483796 0.00885417 0.0138889 0.6881
0 0.486458 0.709722 0.009375 0.0157407 0.689759
0 0.542708 0.588426 0.0104167 0.0157407 0.703875
0 0.516406 0.908796 0.0130208 0.0194444 0.746075
