0 0.54401 0.768519 0.0078125 0.0111111 0.31027
0 0.597917 0.655556 0.00625 0.0111111 0.31523
0 0.478646 0.595833 0.00625 0.0101852 0.336393
0 0.645052 0.733333 0.00677083 0.0111111 0.382941
0 0.476823 0.489815 0.00677083 0.0111111 0.396379
0 0.73776 0.631019 0.0078125 0.012037 0.400372
0 0.645573 0.47037 0.00677083 0.0111111 0.404092
0 0.645312 0.561574 0.00729167 0.012037 0.414604
0 0.694271 0.80787 0.00729167 0.012037 0.418738
0 0.598698 0.741667 0.00677083 0.0111111 0.423253
0 0.59349 0.477315 0.00677083 0.012037 0.452036
0 0.691667 0.555093 0.00729167 0.012037 0.472837
0 0.694271 0.724074 0.00729167 0.0111111 0.496325
0 0.647917 0.818981 0.00729167 0.012037 0.505941
0 0.473177 0.3875 0.00677083 0.012037 0.520856
0 0.702865 0.356944 0.0078125 0.012037 0.533129
0 0.599219 0.831481 0.00677083 0.0111111 0.555731
0 0.415104 0.300463 0.00833333 0.012037 0.563962
0 0.473177 0.286574 0.0078125 0.012037 0.566507
0 0.480208 0.801852 0.00833333 0.0111111 0.570036
0 0.740104 0.715278 0.00833333 0.0101852 0.575049
0 0.596354 0.570833 0.00729167 0.012037 0.582951
0 0.701823 0.260185 0.00885417 0.0111111 0.587076
0 0.697135 0.462963 0.0078125 0.0111111 0.588699
0 0.738802 0.547685 0.0078125 0.012037 0.592083
0 0.648177 0.363426 0.00677083 0.0101852 0.59882
0 0.41849 0.605093 0.00677083 0.012037 0.60809
0 0.421615 0.812037 0.00677083 0.0111111 0.618068
0 0.531771 0.277315 0.00729167 0.0101852 0.625567
0 0.545313 0.865741 0.00729167 0.0111111 0.634237
0 0.740365 0.801389 0.00885417 0.012037 0.635547
0 0.748177 0.455556 0.0078125 0.012963 0.658574
0 0.415625 0.395833 0.00729167 0.012037 0.65862
0 0.41849 0.708333 0.00677083 0.0111111 0.658893
0 0.533073 0.377778 0.0078125 0.0111111 0.659565
0 0.415625 0.500463 0.00729167 0.012037 0.665817
0 0.754687 0.257407 0.00833333 0.0111111 0.678032
0 0.590625 0.272685 0.009375 0.012037 0.690691
0 0.591667 0.369907 0.00833333 0.012037 0.693519
0 0.647656 0.266204 0.0078125 0.012037 0.702026
0 0.756771 0.350463 0.00833333 0.012037 0.716613
