0 0.585156 0.432407 0.00677083 0.0111111 0.575182
0 0.640625 0.447222 0.00729167 0.012963 0.589901
0 0.715885 0.677778 0.00885417 0.0148148 0.593626
0 0.520052 0.62037 0.0078125 0.0148148 0.607903
0 0.667448 0.741667 0.00677083 0.0111111 0.620664
0 0.74974 0.837037 0.0078125 0.0148148 0.639883
0 0.755469 0.368519 0.00989583 0.0203704 0.655374
0 0.441146 0.806019 0.0135417 0.0157407 0.669826
0 0.476823 0.301389 0.0078125 0.0138889 0.726938
0 0.759896 0.699537 0.00729167 0.0138889 0.732311
0 0.778646 0.625 0.00729167 0.012963 0.738624
0 0.460417 0.60463 0.00833333 0.0148148 0.739959
0 0.709375 0.753241 0.00833333 0.012037 0.745726
0 0.465104 0.506944 0.00833333 0.0138889 0.746139
0 0.728385 0.602778 0.0078125 0.012963 0.748395
0 0.66224 0.818981 0.00677083 0.0138889 0.749265
0 0.630469 0.573611 0.00677083 0.012037 0.752769
0 0.51276 0.711574 0.00885417 0.0157407 0.756319
0 0.584375 0.552778 0.00729167 0.012963 0.759304
0 0.740104 0.476852 0.00729167 0.0148148 0.762628
0 0.536198 0.309722 0.0078125 0.0138889 0.764674
0 0.743229 0.907407 0.00833333 0.0148148 0.773113
0 0.528385 0.417593 0.0078125 0.0166667 0.773893
0 0.630469 0.669444 0.0109375 0.0185185 0.776201
0 0.704427 0.825926 0.0078125 0.0148148 0.781484
0 0.65625 0.895833 0.00729167 0.0157407 0.782096
0 0.593229 0.325463 0.00833333 0.0157407 0.784326
0 0.679948 0.581481 0.0078125 0.0148148 0.787881
0 0.795313 0.376389 0.00833333 0.0175926 0.788368
0 0.450781 0.710185 0.0130208 0.0185185 0.789028
0 0.585938 0.731944 0.0104167 0.0157407 0.791439
0 0.586719 0.64537 0.0078125 0.012963 0.791722
0 0.507292 0.814352 0.0104167 0.0175926 0.812629
0 0.790885 0.509722 0.00989583 0.0175926 0.81354
0 0.502344 0.911574 0.0130208 0.0194444 0.822683
0 0.469792 0.400926 0.0104167 0.0185185 0.832401
0 0.570573 0.816667 0.0078125 0.0185185 0.836595
0 0.691406 0.468981 0.0078125 0.0175926 0.837726
0 0.525 0.517593 0.009375 0.0185185 0.83903
0 0.613542 0.898148 0.00833333 0.0222222 0.840191
0 0.699479 0.895833 0.009375 0.0194444 0.840492
0 0.701042 0.351389 0.0114583 0.0212963 0.840747
0 0.648177 0.336111 0.0078125 0.0166667 0.846076
0 0.564844 0.903241 0.0078125 0.0194444 0.850195
0 0.622656 0.809259 0.00989583 0.0203704 0.85681
0 0.75599 0.765278 0.0140625 0.0212963 0.859393
0 0.671354 0.664352 0.0104167 0.0194444 0.868016
