0 0.483333 0.959722 0.00625 0.0101852 0.266957
0 0.602604 0.969444 0.00729167 0.0111111 0.288803
0 0.665365 0.760185 0.00677083 0.0111111 0.347534
0 0.490365 0.850463 0.00677083 0.012037 0.375926
0 0.660417 0.972222 0.00625 0.0111111 0.391518
0 0.66276 0.864352 0.00677083 0.012037 0.449037
0 0.609375 0.75463 0.00729167 0.0111111 0.474386
0 0.605208 0.856944 0.00833333 0.012037 0.488718
0 0.546094 0.850463 0.0078125 0.0138889 0.507601
0 0.673698 0.55 0.0078125 0.012963 0.542145
0 0.667969 0.660185 0.00677083 0.012963 0.542514
0 0.55599 0.541204 0.0078125 0.012037 0.571066
0 0.424219 0.95787 0.0078125 0.012037 0.575204
0 0.615625 0.54537 0.00729167 0.012963 0.582866
0 0.71901 0.97963 0.0078125 0.012963 0.585592
0 0.722135 0.764815 0.00677083 0.0111111 0.589526
0 0.496354 0.746759 0.00729167 0.012037 0.593453
0 0.732292 0.55787 0.00729167 0.012037 0.596249
0 0.684635 0.326852 0.0078125 0.0111111 0.602865
0 0.745573 0.330556 0.0078125 0.0111111 0.607463
0 0.555729 0.650463 0.00729167 0.0138889 0.607751
0 0.61224 0.650463 0.0078125 0.0138889 0.618258
0 0.500781 0.311111 0.0078125 0.0111111 0.619983
0 0.776302 0.985185 0.00885417 0.012963 0.627843
0 0.43776 0.742593 0.00677083 0.012963 0.632507
0 0.43125 0.84537 0.00729167 0.012963 0.632548
0 0.74401 0.433333 0.00989583 0.012963 0.637786
0 0.552344 0.750463 0.00677083 0.0138889 0.64517
0 0.501042 0.646759 0.00729167 0.012037 0.648497
0 0.777344 0.873611 0.0078125 0.012037 0.662852
0 0.497656 0.533333 0.0078125 0.012963 0.66585
0 0.681771 0.430556 0.00833333 0.012963 0.668914
0 0.555469 0.420833 0.0078125 0.012037 0.674112
0 0.792188 0.561574 0.00833333 0.012037 0.678284
0 0.560417 0.316667 0.00833333 0.0111111 0.682079
0 0.722917 0.665278 0.00729167 0.0138889 0.683677
0 0.44375 0.640278 0.00729167 0.0138889 0.684304
0 0.623438 0.322222 0.00833333 0.012963 0.689456
0 0.438021 0.528241 0.00729167 0.012037 0.691005
0 0.496875 0.414352 0.009375 0.012037 0.691557
0 0.619531 0.426852 0.0078125 0.012963 0.692867
0 0.777344 0.768519 0.00885417 0.012963 0.696189
0 0.778646 0.668519 0.00729167 0.012963 0.69824
0 0.441146 0.310185 0.009375 0.012963 0.704056
0 0.721094 0.868519 0.00885417 0.0148148 0.71607
0 0.434635 0.410648 0.0078125 0.0138889 0.727397
0 0.805208 0.336111 0.00833333 0.012963 0.731819
0 0.80651 0.442593 0.0151042 0.0222222 0.854557
