0 0.660156 0.475463 0.00677083 0.0101852 0.267896
0 0.494792 0.4625 0.00625 0.0101852 0.311904
0 0.608594 0.472685 0.00677083 0.0101852 0.334812
0 0.680729 0.740278 0.00729167 0.0101852 0.33522
0 0.674479 0.367593 0.00625 0.00925926 0.338747
0 0.741146 0.571296 0.00729167 0.0111111 0.362772
0 0.633594 0.738889 0.00677083 0.0111111 0.36519
0 0.51224 0.25787 0.00677083 0.0101852 0.370821
0 0.502083 0.359259 0.00729167 0.0111111 0.385485
0 0.42474 0.568056 0.00572917 0.0101852 0.409395
0 0.626042 0.825 0.00729167 0.0111111 0.427015
0 0.585938 0.737963 0.00625 0.0111111 0.431021
0 0.521615 0.852778 0.00677083 0.0111111 0.442327
0 0.788021 0.281944 0.00729167 0.0101852 0.448332
0 0.465104 0.776389 0.00729167 0.0101852 0.473249
0 0.61875 0.363889 0.00729167 0.0111111 0.476578
0 0.728125 0.371759 0.00729167 0.0101852 0.480776
0 0.414583 0.671296 0.00625 0.0111111 0.481269
0 0.671615 0.822222 0.0078125 0.0111111 0.483641
0 0.559896 0.361574 0.00729167 0.0101852 0.494275
0 0.433854 0.463426 0.00625 0.0101852 0.512312
0 0.711979 0.47963 0.00729167 0.0111111 0.514606
0 0.726042 0.738889 0.00833333 0.0111111 0.537201
0 0.760938 0.47963 0.00729167 0.0111111 0.540958
0 0.444792 0.356481 0.00625 0.0111111 0.560924
0 0.406771 0.774537 0.00729167 0.012037 0.583191
0 0.733333 0.65463 0.00833333 0.012963 0.614722
0 0.577865 0.830093 0.0078125 0.012037 0.632555
0 0.779948 0.375 0.0078125 0.0111111 0.639146
0 0.717188 0.824537 0.00833333 0.012037 0.683663
