0 0.416927 0.578241 0.00572917 0.0101852 0.258245
0 0.746094 0.471296 0.00677083 0.0111111 0.275345
0 0.602604 0.829167 0.00729167 0.0101852 0.302146
0 0.420312 0.68287 0.00625 0.0101852 0.311568
0 0.413542 0.474537 0.00625 0.0101852 0.326926
0 0.410417 0.273611 0.00625 0.0101852 0.379298
0 0.752865 0.367593 0.00885417 0.0111111 0.382456
0 0.588021 0.364352 0.00729167 0.012037 0.393683
0 0.483333 0.783796 0.00833333 0.0101852 0.402359
0 0.586198 0.266667 0.0078125 0.0111111 0.410464
0 0.424479 0.785185 0.00833333 0.0111111 0.444164
0 0.410417 0.369444 0.00625 0.00925926 0.469318
