0 0.78099 0.400926 0.00885417 0.0166667 0.304904
0 0.761719 0.926852 0.0078125 0.0148148 0.307712
0 0.674479 0.751852 0.00729167 0.0111111 0.332281
0 0.784375 0.535648 0.009375 0.0157407 0.333266
0 0.764844 0.783796 0.0140625 0.0194444 0.375173
0 0.779688 0.646759 0.00625 0.0138889 0.376893
0 0.71849 0.765278 0.0078125 0.0138889 0.382707
0 0.727083 0.618981 0.00625 0.012037 0.394088
0 0.71901 0.838426 0.0078125 0.0157407 0.406396
0 0.71849 0.909259 0.00885417 0.0166667 0.409009
0 0.673177 0.904167 0.00572917 0.0138889 0.427586
0 0.717448 0.690741 0.00885417 0.012963 0.428269
0 0.572917 0.428241 0.00625 0.012037 0.438914
0 0.736198 0.388426 0.00989583 0.0212963 0.446316
0 0.67526 0.825926 0.00677083 0.012963 0.465022
0 0.628646 0.449537 0.00729167 0.012037 0.476245
0 0.732813 0.493056 0.00729167 0.0157407 0.496783
0 0.580208 0.547685 0.00729167 0.012037 0.536332
0 0.519271 0.607407 0.00833333 0.012963 0.544559
0 0.629427 0.900926 0.0078125 0.0203704 0.548255
0 0.677344 0.591667 0.0078125 0.0148148 0.554176
0 0.583854 0.811111 0.00625 0.012963 0.555488
0 0.59375 0.729167 0.009375 0.0157407 0.558082
0 0.588281 0.640278 0.0078125 0.012037 0.560522
0 0.634115 0.810185 0.00989583 0.0185185 0.56272
0 0.628385 0.576389 0.00677083 0.012037 0.563173
0 0.519271 0.696759 0.009375 0.0157407 0.566304
0 0.583073 0.898611 0.00677083 0.0175926 0.588433
0 0.682031 0.478704 0.00885417 0.0203704 0.593917
0 0.673437 0.671296 0.0104167 0.0185185 0.606758
0 0.682552 0.361111 0.0119792 0.0203704 0.641705
0 0.458073 0.58287 0.00885417 0.0138889 0.647684
0 0.634115 0.67037 0.0130208 0.0203704 0.654376
0 0.515885 0.297222 0.0078125 0.012963 0.668877
0 0.452604 0.782407 0.0114583 0.0148148 0.679533
0 0.575 0.32037 0.009375 0.0166667 0.681034
0 0.451042 0.873611 0.00833333 0.0138889 0.6839
0 0.630208 0.340741 0.00833333 0.0166667 0.685703
0 0.51875 0.798611 0.009375 0.0175926 0.695671
0 0.515625 0.406019 0.009375 0.0175926 0.699389
0 0.45599 0.280556 0.0078125 0.0148148 0.701879
0 0.458333 0.684259 0.0125 0.0166667 0.703403
0 0.457812 0.486111 0.00729167 0.0148148 0.725959
0 0.520833 0.898148 0.0135417 0.0185185 0.742383
0 0.518229 0.505556 0.0104167 0.0203704 0.771972
0 0.454427 0.381019 0.00989583 0.0212963 0.791216
