0 0.616667 0.913889 0.00520833 0.0111111 0.280175
0 0.665104 0.8375 0.00520833 0.0101852 0.318843
0 0.713281 0.844907 0.00572917 0.0101852 0.326807
0 0.474479 0.883796 0.00625 0.012037 0.348742
0 0.522917 0.641204 0.00625 0.012037 0.352665
0 0.664583 0.918519 0.00625 0.0111111 0.359178
0 0.568229 0.90463 0.00625 0.0111111 0.362397
0 0.715365 0.590741 0.00572917 0.0111111 0.367952
0 0.564583 0.556019 0.00625 0.012037 0.369226
0 0.716406 0.503704 0.00677083 0.0111111 0.375306
0 0.476823 0.638889 0.00677083 0.012963 0.392185
0 0.520573 0.810648 0.00572917 0.0101852 0.395819
0 0.570052 0.651389 0.00677083 0.012037 0.408133
0 0.56849 0.819444 0.00677083 0.0111111 0.41407
0 0.763021 0.856481 0.00729167 0.0111111 0.462283
0 0.570052 0.734259 0.00677083 0.0111111 0.464799
0 0.522135 0.89537 0.00677083 0.0111111 0.474621
0 0.715365 0.675463 0.0078125 0.012037 0.483704
0 0.764583 0.599074 0.00625 0.0111111 0.500071
0 0.51224 0.549074 0.00572917 0.0111111 0.506561
0 0.667708 0.411111 0.00729167 0.012963 0.507807
0 0.567187 0.463426 0.00625 0.012037 0.512179
0 0.567708 0.375926 0.00729167 0.012963 0.513684
0 0.761458 0.938426 0.00729167 0.012037 0.517165
0 0.475521 0.8 0.00729167 0.012963 0.521133
0 0.523177 0.726389 0.00677083 0.012037 0.529123
0 0.763021 0.767593 0.00729167 0.0111111 0.532365
0 0.765885 0.512963 0.00677083 0.0111111 0.536908
0 0.713542 0.760185 0.00729167 0.0111111 0.545859
0 0.50625 0.443056 0.00625 0.012037 0.563822
0 0.764063 0.682407 0.00833333 0.012963 0.578664
0 0.717188 0.418056 0.00729167 0.0138889 0.589202
0 0.477083 0.718056 0.00833333 0.0138889 0.608795
0 0.46276 0.541204 0.00677083 0.012037 0.660935
0 0.765625 0.426852 0.00833333 0.012963 0.699995
0 0.507812 0.351389 0.00729167 0.012037 0.725597
0 0.452083 0.437963 0.00833333 0.012963 0.725733
0 0.452604 0.343056 0.00833333 0.0138889 0.734283
