0 0.552604 0.739815 0.00625 0.0111111 0.256445
0 0.433594 0.427778 0.00572917 0.0111111 0.257853
0 0.381771 0.637037 0.00625 0.0111111 0.258685
0 0.55 0.537037 0.00729167 0.012963 0.276274
0 0.324219 0.637037 0.00677083 0.0111111 0.278691
0 0.325521 0.536111 0.00729167 0.012963 0.289969
0 0.436458 0.737037 0.00729167 0.012963 0.292234
0 0.436198 0.85 0.00677083 0.0111111 0.297019
0 0.438021 0.636111 0.00625 0.0111111 0.303215
0 0.320833 0.741204 0.00625 0.012037 0.315654
0 0.373698 0.425463 0.00677083 0.012037 0.340171
0 0.382812 0.536574 0.00625 0.012037 0.355881
0 0.671354 0.849537 0.00625 0.012037 0.382142
0 0.314844 0.425 0.00572917 0.0111111 0.400655
0 0.668229 0.739352 0.00729167 0.012037 0.406576
0 0.552604 0.204167 0.00625 0.0101852 0.421584
0 0.429688 0.203704 0.00625 0.00925926 0.423036
0 0.492708 0.308333 0.00625 0.0111111 0.429207
0 0.491406 0.204167 0.00677083 0.0101852 0.434713
0 0.369271 0.204167 0.00625 0.0101852 0.436379
0 0.660937 0.536574 0.00625 0.012037 0.438185
0 0.664844 0.635648 0.00677083 0.012037 0.446141
0 0.613542 0.85 0.00729167 0.012963 0.454538
0 0.609896 0.428704 0.00729167 0.012963 0.459104
0 0.554688 0.306944 0.00729167 0.012037 0.462921
0 0.613542 0.202778 0.00625 0.0111111 0.466912
0 0.669531 0.426852 0.00677083 0.0111111 0.484526
0 0.615625 0.30463 0.00833333 0.012963 0.497273
0 0.367969 0.306481 0.00677083 0.0111111 0.498653
0 0.605208 0.536574 0.00729167 0.0138889 0.502487
0 0.428646 0.30787 0.00729167 0.012037 0.518337
0 0.611458 0.738426 0.0114583 0.0175926 0.520663
0 0.308854 0.209259 0.00729167 0.0111111 0.536491
0 0.307292 0.308333 0.00729167 0.012963 0.587685
0 0.673958 0.204167 0.00729167 0.012037 0.593225
0 0.678125 0.30787 0.0135417 0.0175926 0.70409
