0 0.297135 0.752778 0.0078125 0.0111111 0.283071
0 0.475 0.708796 0.00625 0.0101852 0.283914
0 0.420312 0.733796 0.00625 0.0101852 0.297038
0 0.523177 0.706481 0.00677083 0.0111111 0.308665
0 0.617708 0.622222 0.00729167 0.0111111 0.31356
0 0.640885 0.16713 0.00677083 0.0101852 0.313695
0 0.617969 0.539352 0.00885417 0.012037 0.324776
0 0.361719 0.139352 0.00677083 0.0101852 0.343668
0 0.359896 0.238889 0.00729167 0.0111111 0.369165
0 0.299219 0.44537 0.00572917 0.0111111 0.410076
0 0.304948 0.141204 0.00677083 0.0101852 0.42349
0 0.619271 0.455093 0.00729167 0.0101852 0.426221
0 0.299479 0.651852 0.00625 0.0111111 0.444517
0 0.297917 0.55 0.00625 0.0111111 0.482536
0 0.63099 0.365741 0.0078125 0.0111111 0.491589
0 0.29974 0.341204 0.00677083 0.012037 0.507998
0 0.302083 0.237037 0.00729167 0.0111111 0.515477
0 0.642969 0.261111 0.00885417 0.0111111 0.516052
0 0.615625 0.709259 0.00833333 0.0111111 0.550352
