0 0.58099 0.359722 0.00677083 0.0101852 0.289177
0 0.418229 0.240278 0.00833333 0.012037 0.303589
0 0.589323 0.159259 0.00677083 0.0111111 0.317314
0 0.641146 0.165741 0.00833333 0.0111111 0.327057
0 0.41901 0.139815 0.0078125 0.0111111 0.33116
0 0.360417 0.340278 0.00625 0.0101852 0.341731
0 0.588802 0.254167 0.00677083 0.0101852 0.380195
0 0.477083 0.352315 0.00729167 0.0101852 0.396431
0 0.534896 0.249537 0.00625 0.0101852 0.402074
0 0.357292 0.651852 0.00833333 0.00925926 0.404929
0 0.534115 0.152315 0.00677083 0.0101852 0.40888
0 0.420312 0.731481 0.00729167 0.0111111 0.409564
0 0.617708 0.536111 0.00729167 0.0111111 0.411464
0 0.522917 0.705093 0.00729167 0.0101852 0.439552
0 0.569531 0.703241 0.0078125 0.0101852 0.447446
0 0.359896 0.237037 0.00729167 0.0111111 0.455475
0 0.477083 0.447685 0.00833333 0.0157407 0.467258
0 0.617448 0.618519 0.0078125 0.0111111 0.468086
0 0.361458 0.1375 0.00729167 0.0101852 0.473575
0 0.303906 0.139815 0.00677083 0.0111111 0.47942
0 0.475521 0.707407 0.00729167 0.0111111 0.489664
0 0.298438 0.443519 0.00625 0.0111111 0.497399
0 0.298177 0.548148 0.00677083 0.0111111 0.546147
0 0.477344 0.243519 0.0078125 0.0111111 0.548844
0 0.301562 0.233796 0.00729167 0.0101852 0.553322
0 0.619792 0.453241 0.00729167 0.012037 0.568257
0 0.3 0.340278 0.00729167 0.012037 0.595677
0 0.29974 0.650926 0.0078125 0.0111111 0.600224
0 0.615625 0.70787 0.009375 0.012037 0.60589
0 0.642448 0.260185 0.00885417 0.0111111 0.61651
0 0.478646 0.144444 0.00833333 0.0111111 0.623926
0 0.63099 0.362963 0.0078125 0.0111111 0.64452
