0 0.73125 0.354167 0.00625 0.012037 0.268731
0 0.647656 0.460185 0.00677083 0.0111111 0.269163
0 0.738542 0.440278 0.00729167 0.012037 0.373232
0 0.72526 0.265278 0.00677083 0.012037 0.42308
0 0.65625 0.546759 0.00729167 0.012037 0.432655
0 0.64349 0.375926 0.00677083 0.0111111 0.462092
0 0.74375 0.530093 0.00625 0.012037 0.472332
0 0.77474 0.256944 0.00677083 0.012037 0.484067
0 0.688021 0.364352 0.00833333 0.0138889 0.503214
0 0.69974 0.538426 0.00677083 0.012037 0.516744
0 0.753125 0.615741 0.00729167 0.0111111 0.520577
0 0.79349 0.517593 0.00677083 0.0111111 0.531387
0 0.59375 0.464815 0.00729167 0.0111111 0.540319
0 0.780469 0.344907 0.00572917 0.0101852 0.542269
0 0.788281 0.43287 0.0078125 0.012037 0.551453
0 0.538021 0.472685 0.009375 0.0138889 0.578383
0 0.469531 0.489815 0.00989583 0.012963 0.578517
0 0.757552 0.710185 0.0078125 0.012963 0.592673
0 0.763281 0.798611 0.0078125 0.0138889 0.599923
0 0.663802 0.640278 0.00677083 0.0138889 0.613135
0 0.708073 0.629167 0.0078125 0.0138889 0.618099
0 0.713021 0.718518 0.009375 0.0148148 0.618682
0 0.798437 0.60787 0.00833333 0.012037 0.622633
0 0.68099 0.814352 0.00885417 0.0157407 0.630184
0 0.601823 0.562963 0.00885417 0.012963 0.630454
0 0.563021 0.775926 0.00729167 0.0111111 0.63361
0 0.466927 0.39213 0.00989583 0.0138889 0.635125
0 0.670833 0.728241 0.0104167 0.0175926 0.637732
0 0.489062 0.792593 0.00729167 0.0111111 0.64141
0 0.614323 0.656018 0.00885417 0.0138889 0.658882
0 0.645052 0.285648 0.0078125 0.0138889 0.664889
0 0.532292 0.373611 0.00833333 0.0138889 0.668538
0 0.810677 0.79213 0.00989583 0.0157407 0.668726
0 0.620052 0.752778 0.00989583 0.0148148 0.672201
0 0.59401 0.274537 0.0078125 0.0138889 0.675553
0 0.807552 0.701852 0.0119792 0.0148148 0.676842
0 0.481771 0.689815 0.009375 0.012963 0.677192
0 0.590365 0.365278 0.00885417 0.0157407 0.677508
0 0.684115 0.275 0.00885417 0.0148148 0.677704
0 0.553906 0.673148 0.00989583 0.012963 0.682313
0 0.720312 0.811574 0.009375 0.0157407 0.691505
0 0.638281 0.839352 0.00885417 0.0138889 0.694383
0 0.530208 0.269907 0.00833333 0.0138889 0.702388
0 0.496615 0.891204 0.0109375 0.0157407 0.722926
0 0.474219 0.593518 0.00989583 0.012963 0.730427
0 0.461979 0.291667 0.00729167 0.0148148 0.743086
0 0.545313 0.577315 0.009375 0.0157407 0.744129
0 0.571354 0.872685 0.0125 0.0157407 0.783997
