0 0.724219 0.818056 0.00572917 0.0101852 0.260279
0 0.526302 0.674074 0.00572917 0.0111111 0.261892
0 0.728646 0.902778 0.00625 0.0111111 0.275542
0 0.711979 0.5625 0.00520833 0.0101852 0.281122
0 0.679948 0.90787 0.00572917 0.0101852 0.290455
0 0.561719 0.573148 0.00572917 0.0111111 0.302254
0 0.53099 0.755093 0.00572917 0.012037 0.331568
0 0.615625 0.573611 0.00625 0.012037 0.337685
0 0.533333 0.840741 0.00520833 0.0111111 0.338498
0 0.607813 0.403241 0.00729167 0.012037 0.339355
0 0.777604 0.897685 0.00729167 0.012037 0.356163
0 0.493229 0.926852 0.00625 0.0111111 0.363844
0 0.489323 0.842593 0.00572917 0.0111111 0.377711
0 0.577083 0.748611 0.00729167 0.012037 0.382865
0 0.716146 0.646759 0.00729167 0.0101852 0.384487
0 0.579948 0.833333 0.00572917 0.0111111 0.392648
0 0.538542 0.922222 0.00625 0.0111111 0.400371
0 0.559115 0.47963 0.00677083 0.0111111 0.415034
0 0.633854 0.914352 0.00625 0.0101852 0.42109
0 0.485677 0.760648 0.0078125 0.0138889 0.423516
0 0.774479 0.814815 0.00833333 0.012963 0.447827
0 0.555208 0.391204 0.00729167 0.012037 0.472217
0 0.769792 0.726389 0.00833333 0.012037 0.473039
0 0.583854 0.917593 0.00625 0.0111111 0.494996
0 0.761198 0.557407 0.00677083 0.0111111 0.495104
0 0.764844 0.639815 0.0078125 0.012963 0.495693
0 0.65599 0.39537 0.0078125 0.012963 0.500303
0 0.481771 0.681019 0.00729167 0.0138889 0.50106
0 0.509635 0.581944 0.00677083 0.012037 0.502762
0 0.757292 0.469444 0.00625 0.0111111 0.523088
0 0.705469 0.390278 0.0078125 0.012037 0.549708
0 0.460938 0.587963 0.00729167 0.012963 0.551622
0 0.440625 0.391204 0.00729167 0.0138889 0.621927
0 0.444792 0.4875 0.00729167 0.0138889 0.624081
0 0.497656 0.478241 0.00677083 0.012037 0.625604
0 0.49401 0.383796 0.0078125 0.0138889 0.648248
0 0.752344 0.384722 0.0078125 0.0157407 0.688134
