0 0.689062 0.740741 0.00729167 0.0111111 0.250875
0 0.59375 0.737037 0.00625 0.0111111 0.252533
0 0.703906 0.481019 0.00677083 0.0101852 0.255195
0 0.659896 0.369444 0.00729167 0.00925926 0.287574
0 0.547135 0.25787 0.00677083 0.0101852 0.32095
0 0.60651 0.263889 0.0078125 0.0111111 0.335717
0 0.489583 0.25463 0.00625 0.0111111 0.346112
0 0.685156 0.823148 0.00677083 0.0111111 0.351729
0 0.638542 0.826389 0.00625 0.0101852 0.357316
0 0.422917 0.455556 0.00625 0.0111111 0.362055
0 0.426562 0.35 0.00625 0.0111111 0.364473
0 0.420312 0.560648 0.00625 0.0101852 0.370057
0 0.734635 0.74213 0.0078125 0.0101852 0.376707
0 0.602865 0.362963 0.0078125 0.0111111 0.382152
0 0.753906 0.485185 0.00677083 0.0111111 0.407145
0 0.736198 0.65787 0.00677083 0.012037 0.413425
0 0.415885 0.663889 0.00677083 0.0111111 0.449514
0 0.535156 0.848611 0.00677083 0.0101852 0.456323
0 0.473698 0.769444 0.0078125 0.0111111 0.485487
0 0.767448 0.383796 0.00677083 0.0101852 0.494595
0 0.414323 0.766204 0.00677083 0.0101852 0.509475
0 0.589583 0.826852 0.00729167 0.0111111 0.522546
0 0.73125 0.828241 0.00833333 0.012037 0.569895
