0 0.680729 0.646296 0.00729167 0.0111111 0.266831
0 0.729948 0.558333 0.00677083 0.0111111 0.266967
0 0.677344 0.73287 0.00677083 0.012037 0.270269
0 0.635938 0.571296 0.00625 0.0111111 0.285272
0 0.684115 0.564352 0.00677083 0.0101852 0.300266
0 0.722656 0.729167 0.00677083 0.0101852 0.318351
0 0.733333 0.468519 0.00625 0.0111111 0.328701
0 0.627083 0.822222 0.00625 0.0111111 0.331884
0 0.67474 0.816667 0.0078125 0.012963 0.348636
0 0.68724 0.478704 0.00677083 0.0111111 0.365598
0 0.579948 0.831019 0.0078125 0.012037 0.373627
0 0.634635 0.652778 0.0078125 0.0111111 0.384182
0 0.583333 0.668981 0.00729167 0.012037 0.395666
0 0.578646 0.410648 0.0104167 0.0194444 0.41108
0 0.581771 0.75 0.00833333 0.0111111 0.416238
0 0.720312 0.816204 0.00729167 0.012037 0.416938
0 0.671094 0.902315 0.00677083 0.012037 0.418037
0 0.57474 0.911111 0.00677083 0.012963 0.418367
0 0.775521 0.637963 0.00729167 0.0111111 0.431957
0 0.782552 0.464815 0.00677083 0.0111111 0.434215
0 0.624219 0.90463 0.00677083 0.012963 0.445976
0 0.482031 0.485185 0.0151042 0.0203704 0.456888
0 0.73724 0.381481 0.00677083 0.012963 0.463691
0 0.71849 0.898148 0.00677083 0.0111111 0.4676
0 0.529167 0.829167 0.00729167 0.012037 0.477309
0 0.778125 0.55463 0.00833333 0.012963 0.478145
0 0.628906 0.741204 0.0078125 0.012037 0.502131
0 0.764323 0.894907 0.0078125 0.012037 0.517388
0 0.583073 0.572685 0.00677083 0.012037 0.518734
0 0.589583 0.476852 0.00833333 0.0148148 0.523109
0 0.526823 0.908796 0.0078125 0.0138889 0.534765
0 0.640885 0.485648 0.00677083 0.012037 0.541208
0 0.770052 0.822685 0.00885417 0.0138889 0.553523
0 0.478646 0.906018 0.00729167 0.012037 0.553587
0 0.784635 0.381944 0.0078125 0.0138889 0.555695
0 0.532292 0.750926 0.00729167 0.012963 0.566276
0 0.533854 0.672222 0.00833333 0.0148148 0.574724
0 0.772656 0.730093 0.0109375 0.0157407 0.627156
0 0.484635 0.758796 0.00885417 0.0157407 0.635515
0 0.691667 0.383796 0.00729167 0.0157407 0.641019
0 0.482552 0.832407 0.0078125 0.012963 0.650493
0 0.646354 0.394907 0.00833333 0.0175926 0.654744
0 0.540104 0.373611 0.0104167 0.0175926 0.672144
0 0.528646 0.475463 0.0104167 0.0175926 0.67418
