0 0.652865 0.835648 0.00885417 0.0157407 0.379231
0 0.625781 0.361111 0.00885417 0.0166667 0.487904
0 0.508594 0.235648 0.00885417 0.0157407 0.521616
0 0.664844 0.563426 0.00677083 0.012037 0.529766
0 0.770052 0.312037 0.00677083 0.0111111 0.540329
0 0.66849 0.472222 0.00677083 0.0111111 0.54325
0 0.708594 0.571296 0.00677083 0.0111111 0.584524
0 0.811719 0.410648 0.00677083 0.0101852 0.594979
0 0.581771 0.244444 0.00833333 0.0148148 0.609415
0 0.719792 0.39537 0.00833333 0.012963 0.624115
0 0.49401 0.4375 0.00989583 0.0138889 0.624927
0 0.675781 0.391204 0.0078125 0.012037 0.625663
0 0.81875 0.322685 0.00729167 0.012037 0.630839
0 0.751302 0.57963 0.00677083 0.0111111 0.634498
0 0.759115 0.489352 0.0078125 0.0138889 0.644131
0 0.658333 0.655093 0.00625 0.012037 0.655378
0 0.741146 0.759722 0.00729167 0.012037 0.659526
0 0.728906 0.306481 0.0078125 0.012963 0.667799
0 0.690104 0.300926 0.00729167 0.012963 0.66877
0 0.640885 0.271759 0.0078125 0.0138889 0.675453
0 0.470052 0.737963 0.0078125 0.0111111 0.677984
0 0.801302 0.586111 0.0078125 0.012963 0.684148
0 0.501042 0.331944 0.0114583 0.0157407 0.697326
0 0.615365 0.458796 0.0078125 0.0138889 0.719518
0 0.794792 0.675926 0.009375 0.012963 0.723158
0 0.696615 0.752315 0.00885417 0.0157407 0.72334
0 0.747656 0.666667 0.0078125 0.012963 0.724668
0 0.48151 0.539815 0.0109375 0.0148148 0.724888
0 0.560156 0.444907 0.0078125 0.0138889 0.735051
0 0.654167 0.744907 0.0104167 0.0175926 0.741009
0 0.703385 0.661574 0.00885417 0.0138889 0.750359
0 0.475 0.636574 0.009375 0.0138889 0.752564
0 0.78099 0.860185 0.00885417 0.0148148 0.755131
0 0.608594 0.653241 0.00885417 0.0138889 0.760681
0 0.567708 0.345833 0.009375 0.0157407 0.763923
0 0.734115 0.849074 0.0078125 0.0148148 0.766737
0 0.464583 0.839352 0.0125 0.0157407 0.77383
0 0.610156 0.557407 0.00885417 0.0148148 0.776237
0 0.808073 0.501389 0.00989583 0.0157407 0.779138
0 0.691667 0.846296 0.009375 0.0166667 0.779687
0 0.608594 0.842593 0.0078125 0.0148148 0.78317
0 0.554167 0.548148 0.009375 0.0166667 0.786654
0 0.542969 0.75 0.00885417 0.012963 0.787598
0 0.601562 0.75 0.009375 0.0148148 0.787849
0 0.548698 0.646759 0.0119792 0.0157407 0.808548
0 0.789844 0.770833 0.0109375 0.0157407 0.809906
0 0.538281 0.849074 0.0130208 0.0166667 0.846287
