0 0.583594 0.435648 0.00572917 0.0101852 0.256639
0 0.627344 0.433796 0.00572917 0.0101852 0.274163
0 0.673437 0.256019 0.00625 0.012037 0.287396
0 0.630729 0.519907 0.00625 0.0101852 0.326876
0 0.539844 0.437037 0.00677083 0.0111111 0.333589
0 0.543229 0.171296 0.00625 0.0111111 0.338941
0 0.586198 0.525926 0.00677083 0.0111111 0.350877
0 0.677083 0.344444 0.009375 0.012963 0.353147
0 0.541146 0.527315 0.00625 0.0101852 0.354761
0 0.677083 0.42963 0.00625 0.0111111 0.366855
0 0.632031 0.704167 0.00677083 0.012037 0.37087
0 0.428906 0.137037 0.00677083 0.0111111 0.380338
0 0.536458 0.262037 0.00729167 0.012963 0.387547
0 0.492188 0.152778 0.00625 0.0111111 0.387724
0 0.630729 0.614352 0.00729167 0.012037 0.398878
0 0.590365 0.709722 0.0078125 0.0138889 0.402772
0 0.426562 0.338889 0.00729167 0.0111111 0.404085
0 0.483073 0.342593 0.00677083 0.0111111 0.409679
0 0.358073 0.345833 0.0078125 0.012037 0.412818
0 0.549479 0.705093 0.00833333 0.0138889 0.413219
0 0.357292 0.144907 0.00729167 0.012037 0.422441
0 0.678125 0.521296 0.00729167 0.0111111 0.422926
0 0.492448 0.534722 0.0078125 0.012037 0.423567
0 0.360938 0.647222 0.00625 0.0111111 0.424029
0 0.358333 0.544444 0.00729167 0.0111111 0.433615
0 0.429167 0.443056 0.00833333 0.012037 0.436965
0 0.35625 0.447685 0.00833333 0.012037 0.445584
0 0.484115 0.239815 0.0078125 0.012963 0.446286
0 0.435417 0.645833 0.00625 0.0101852 0.452312
0 0.358333 0.243056 0.0104167 0.0138889 0.455615
0 0.485938 0.440741 0.00833333 0.012963 0.462641
0 0.431771 0.542593 0.009375 0.0111111 0.464738
0 0.68151 0.61713 0.00989583 0.0138889 0.470078
0 0.680469 0.706019 0.00885417 0.0138889 0.47492
0 0.586979 0.615278 0.00833333 0.0138889 0.479158
0 0.425521 0.238426 0.00729167 0.012037 0.484888
0 0.49349 0.63287 0.00885417 0.0138889 0.485719
0 0.544271 0.616667 0.009375 0.0148148 0.502743
0 0.507292 0.723148 0.00729167 0.012963 0.506375
0 0.363802 0.746296 0.00989583 0.0166667 0.531695
0 0.438802 0.743056 0.0130208 0.0157407 0.581242
