0 0.465365 0.356944 0.0078125 0.0138889 0.269352
0 0.408073 0.31713 0.00989583 0.0175926 0.269737
0 0.469271 0.258796 0.00833333 0.0175926 0.34721
0 0.607813 0.527778 0.00625 0.00925926 0.368168
0 0.369792 0.55463 0.0104167 0.0166667 0.386078
0 0.563281 0.617593 0.0078125 0.0111111 0.392924
0 0.606771 0.615278 0.00729167 0.0101852 0.455961
0 0.657031 0.354167 0.00572917 0.0101852 0.463785
0 0.56276 0.702315 0.00677083 0.012037 0.464
0 0.607813 0.35463 0.00625 0.0111111 0.48782
0 0.411198 0.249074 0.00989583 0.0166667 0.521631
0 0.608073 0.443981 0.00677083 0.0101852 0.52414
0 0.657031 0.527778 0.0078125 0.0111111 0.528577
0 0.608594 0.702778 0.00677083 0.0111111 0.554495
0 0.417969 0.705093 0.00677083 0.012037 0.579985
0 0.466406 0.547222 0.00677083 0.0111111 0.593194
0 0.655729 0.443519 0.00729167 0.0111111 0.594876
0 0.370833 0.706019 0.00729167 0.012037 0.60136
0 0.563281 0.361574 0.00677083 0.012037 0.603278
0 0.563281 0.533333 0.0078125 0.0111111 0.603506
0 0.516406 0.705093 0.00677083 0.012037 0.60872
0 0.65599 0.783796 0.0078125 0.012037 0.610793
0 0.419271 0.623611 0.00729167 0.012037 0.612038
0 0.467448 0.627315 0.00677083 0.012037 0.612507
0 0.563021 0.450926 0.00729167 0.0111111 0.614823
0 0.657031 0.710648 0.0078125 0.012037 0.626844
0 0.417188 0.546759 0.00729167 0.0138889 0.631253
0 0.56276 0.786111 0.00677083 0.012963 0.649087
0 0.655729 0.27037 0.00729167 0.012963 0.652581
0 0.515104 0.365278 0.00729167 0.012037 0.656972
0 0.610417 0.786574 0.00729167 0.012037 0.667484
0 0.460417 0.451852 0.00625 0.012963 0.668502
0 0.370052 0.778704 0.0078125 0.012963 0.668719
0 0.468229 0.710185 0.00729167 0.012963 0.684421
0 0.516927 0.786574 0.00677083 0.0138889 0.694022
0 0.370313 0.631019 0.00833333 0.0157407 0.695263
0 0.657292 0.618056 0.0104167 0.0138889 0.697408
0 0.466927 0.789815 0.00677083 0.012963 0.699387
0 0.608073 0.267593 0.00677083 0.012963 0.716475
0 0.514844 0.452778 0.0078125 0.012963 0.717683
0 0.417969 0.785648 0.0078125 0.012037 0.726429
0 0.513542 0.623148 0.00833333 0.012963 0.736837
0 0.516406 0.536574 0.00885417 0.0138889 0.737497
0 0.5625 0.266204 0.00729167 0.0138889 0.738386
0 0.517708 0.275 0.00833333 0.0166667 0.768708
