0 0.504948 0.987963 0.0078125 0.012963 0.260213
0 0.54375 0.440278 0.00729167 0.012037 0.26054
0 0.610156 0.54537 0.0078125 0.012963 0.266032
0 0.725521 0.634259 0.00729167 0.0148148 0.270359
0 0.551562 0.55787 0.00833333 0.012037 0.272346
0 0.669271 0.416204 0.00833333 0.0138889 0.276235
0 0.786979 0.514352 0.00729167 0.012037 0.281369
0 0.794271 0.393519 0.015625 0.0222222 0.286603
0 0.56276 0.978241 0.0078125 0.0138889 0.287634
0 0.421875 0.363889 0.00833333 0.012963 0.288839
0 0.557552 0.664815 0.0078125 0.0148148 0.290453
0 0.504167 0.87963 0.00729167 0.012963 0.290474
0 0.792188 0.825 0.00729167 0.012963 0.291725
0 0.607031 0.429167 0.0078125 0.012037 0.296248
0 0.561198 0.866204 0.00885417 0.0157407 0.31558
0 0.482292 0.45 0.00729167 0.012963 0.322083
0 0.603646 0.325463 0.00729167 0.012037 0.342317
0 0.729948 0.401852 0.00989583 0.0148148 0.343219
0 0.727083 0.526389 0.00833333 0.0157407 0.351509
0 0.665104 0.313889 0.00833333 0.012963 0.354419
0 0.559115 0.764815 0.0078125 0.0148148 0.375026
0 0.730208 0.734722 0.00833333 0.0157407 0.382444
0 0.739844 0.945833 0.0078125 0.0138889 0.383727
0 0.504167 0.776389 0.00729167 0.012037 0.387045
0 0.786198 0.722685 0.00885417 0.0138889 0.388471
0 0.501823 0.675463 0.0078125 0.0138889 0.393473
0 0.446615 0.889815 0.00885417 0.0148148 0.397168
0 0.726562 0.301852 0.00833333 0.012963 0.399214
0 0.490885 0.565741 0.0078125 0.012963 0.405273
0 0.421875 0.4625 0.00729167 0.0138889 0.405926
0 0.445052 0.685185 0.0078125 0.0148148 0.409227
0 0.432292 0.576389 0.00729167 0.0138889 0.41601
0 0.445573 0.789352 0.00677083 0.012037 0.418845
0 0.786198 0.291204 0.00885417 0.0138889 0.419781
0 0.798177 0.934722 0.00677083 0.012037 0.421276
0 0.735417 0.836111 0.0125 0.0222222 0.423982
