0 0.490104 0.390278 0.00833333 0.0157407 0.572378
0 0.516927 0.932407 0.0078125 0.012963 0.644764
0 0.467448 0.947222 0.0078125 0.012963 0.649361
0 0.564583 0.837963 0.00833333 0.0111111 0.655367
0 0.510417 0.698611 0.00833333 0.012037 0.673811
0 0.560938 0.760648 0.00833333 0.012037 0.692537
0 0.752865 0.708796 0.0078125 0.0138889 0.698557
0 0.608333 0.666204 0.009375 0.0138889 0.706561
0 0.513542 0.781482 0.009375 0.012963 0.712732
0 0.558594 0.683796 0.00885417 0.0138889 0.71339
0 0.708854 0.874537 0.00729167 0.012037 0.719482
0 0.463021 0.795833 0.00833333 0.0138889 0.731693
0 0.659375 0.469444 0.00833333 0.0166667 0.732119
0 0.601042 0.481944 0.0104167 0.0175926 0.734125
0 0.497135 0.606944 0.0078125 0.012037 0.734713
0 0.707552 0.795833 0.00677083 0.012037 0.736564
0 0.552344 0.598148 0.0078125 0.012963 0.743742
0 0.432292 0.40463 0.00833333 0.0148148 0.743893
0 0.705729 0.719907 0.00729167 0.012037 0.744229
0 0.465625 0.868981 0.00833333 0.0138889 0.744768
0 0.657552 0.568519 0.0078125 0.012963 0.746276
0 0.516146 0.853241 0.009375 0.0138889 0.747648
0 0.564844 0.918519 0.00989583 0.012963 0.748955
0 0.545052 0.494907 0.0130208 0.0194444 0.750784
0 0.615885 0.903704 0.00885417 0.012963 0.751094
0 0.614583 0.824074 0.0104167 0.012963 0.751778
0 0.754427 0.782407 0.0078125 0.012963 0.75484
0 0.460938 0.718056 0.00833333 0.0138889 0.755687
0 0.54375 0.380556 0.00833333 0.0166667 0.76062
0 0.6625 0.888889 0.00833333 0.012963 0.767151
0 0.757552 0.857407 0.00885417 0.0148148 0.771633
0 0.598698 0.362037 0.0109375 0.0222222 0.774109
0 0.611979 0.748611 0.0104167 0.0138889 0.775014
0 0.605469 0.584259 0.00885417 0.0148148 0.776658
0 0.661719 0.808333 0.00885417 0.012963 0.77758
0 0.703646 0.64537 0.00833333 0.0148148 0.782894
0 0.708073 0.556019 0.00677083 0.0138889 0.787541
0 0.489844 0.501389 0.0182292 0.025 0.787926
0 0.75651 0.55 0.0078125 0.0166667 0.789768
0 0.657031 0.654167 0.0109375 0.0157407 0.796752
0 0.659635 0.732407 0.00989583 0.0148148 0.813667
0 0.710156 0.339352 0.00885417 0.0194444 0.814065
0 0.711719 0.446296 0.0140625 0.0259259 0.814675
0 0.446354 0.624074 0.0114583 0.0203704 0.818747
0 0.750521 0.639352 0.009375 0.0175926 0.818838
0 0.760677 0.324074 0.00885417 0.0185185 0.819493
0 0.653906 0.353241 0.00885417 0.0194444 0.837893
0 0.433073 0.514352 0.0119792 0.0212963 0.848698
0 0.766146 0.430093 0.009375 0.0212963 0.849246
