0 0.640625 0.655556 0.00833333 0.012963 0.252069
0 0.539323 0.671296 0.00885417 0.0148148 0.253985
0 0.728385 0.638426 0.00677083 0.0101852 0.260409
0 0.73776 0.813889 0.0078125 0.0111111 0.262531
0 0.632812 0.571296 0.00729167 0.0111111 0.264779
0 0.515625 0.375463 0.009375 0.0157407 0.268446
0 0.578906 0.571296 0.0078125 0.012963 0.270261
0 0.732813 0.726852 0.00625 0.0111111 0.278375
0 0.545052 0.750463 0.0078125 0.0138889 0.279144
0 0.684375 0.647685 0.009375 0.012037 0.279921
0 0.594271 0.749537 0.00833333 0.0138889 0.289836
0 0.692969 0.815741 0.0078125 0.012963 0.291618
0 0.68776 0.73287 0.00989583 0.0138889 0.293027
0 0.527083 0.579167 0.0104167 0.0157407 0.293382
0 0.576302 0.477778 0.0078125 0.0148148 0.295572
0 0.503125 0.833796 0.00833333 0.0138889 0.301308
0 0.54974 0.82963 0.00989583 0.0148148 0.305434
0 0.697656 0.901852 0.0078125 0.012963 0.312392
0 0.598958 0.830556 0.00833333 0.012963 0.315169
0 0.74401 0.896759 0.0078125 0.0138889 0.317747
0 0.650781 0.904167 0.0078125 0.0138889 0.324737
0 0.76875 0.4625 0.00729167 0.012037 0.328059
0 0.669531 0.382407 0.0078125 0.0148148 0.330493
0 0.790104 0.890278 0.00833333 0.0138889 0.343127
0 0.50625 0.90787 0.00729167 0.0138889 0.345525
0 0.76224 0.379167 0.0078125 0.0138889 0.346347
0 0.646094 0.822222 0.0078125 0.012963 0.357594
0 0.62526 0.394444 0.00885417 0.0166667 0.357993
0 0.627083 0.483796 0.00833333 0.0138889 0.358142
0 0.78776 0.818056 0.00885417 0.0138889 0.364589
0 0.602604 0.911574 0.00729167 0.0138889 0.374059
0 0.640885 0.741204 0.0109375 0.0157407 0.381299
0 0.553906 0.910648 0.00885417 0.0157407 0.417584
0 0.772917 0.552315 0.009375 0.0157407 0.428533
0 0.777344 0.635648 0.00885417 0.0138889 0.42992
0 0.782292 0.725926 0.0114583 0.0166667 0.435535
