0 0.536979 0.34537 0.00729167 0.0111111 0.328546
0 0.581771 0.256944 0.00833333 0.0138889 0.34104
0 0.674219 0.255556 0.00572917 0.0111111 0.359441
0 0.364844 0.746296 0.0109375 0.0148148 0.469071
0 0.584115 0.433333 0.00677083 0.0111111 0.486911
0 0.623177 0.166667 0.00677083 0.0111111 0.508882
0 0.627604 0.434259 0.00625 0.0111111 0.510377
0 0.672656 0.166667 0.00677083 0.0111111 0.516876
0 0.541406 0.437037 0.0078125 0.0111111 0.551584
0 0.536198 0.263426 0.0078125 0.012037 0.568037
0 0.631771 0.52037 0.00729167 0.0111111 0.568292
0 0.633594 0.615741 0.00677083 0.0111111 0.580409
0 0.482812 0.341204 0.00729167 0.0101852 0.595896
0 0.357292 0.143981 0.009375 0.0157407 0.616115
0 0.677865 0.430556 0.00677083 0.0111111 0.622446
0 0.586979 0.525926 0.00729167 0.0111111 0.625617
0 0.583073 0.168056 0.00677083 0.012037 0.637248
0 0.546094 0.616204 0.00885417 0.0138889 0.641009
0 0.633854 0.706019 0.00729167 0.012037 0.654618
0 0.429427 0.137963 0.0078125 0.012963 0.655452
0 0.356771 0.347222 0.009375 0.012963 0.65747
0 0.543229 0.172222 0.00729167 0.012963 0.679607
0 0.677083 0.34537 0.00833333 0.012963 0.680891
0 0.360677 0.645833 0.0078125 0.012037 0.682627
0 0.484375 0.239815 0.009375 0.0166667 0.684491
0 0.359115 0.544444 0.00989583 0.0148148 0.686446
0 0.542448 0.527778 0.0078125 0.012963 0.690321
0 0.5875 0.61713 0.00833333 0.0138889 0.696424
0 0.427083 0.338889 0.009375 0.012963 0.698541
0 0.426562 0.237037 0.009375 0.012963 0.69923
0 0.491927 0.152778 0.0078125 0.012963 0.705373
0 0.357552 0.24213 0.00989583 0.0138889 0.710444
0 0.678906 0.522222 0.0078125 0.012963 0.711442
0 0.485677 0.440278 0.00885417 0.012037 0.723882
0 0.428906 0.443519 0.0078125 0.012963 0.731552
0 0.492448 0.535185 0.00885417 0.012963 0.735171
0 0.35651 0.447222 0.0109375 0.012963 0.737256
0 0.493229 0.632407 0.009375 0.0148148 0.737688
0 0.438802 0.743056 0.0119792 0.0157407 0.764684
0 0.682031 0.706481 0.00885417 0.012963 0.764868
0 0.590365 0.710648 0.00885417 0.0157407 0.764947
0 0.43151 0.540278 0.0109375 0.0138889 0.770086
0 0.683594 0.617593 0.00989583 0.0148148 0.775696
0 0.507292 0.722222 0.00729167 0.0148148 0.776436
0 0.435677 0.644907 0.00885417 0.012037 0.780081
