0 0.576042 0.565278 0.00729167 0.0138889 0.254223
0 0.60599 0.739815 0.0109375 0.0166667 0.260788
0 0.614583 0.446759 0.00729167 0.0138889 0.26827
0 0.475 0.857407 0.0135417 0.0166667 0.270179
0 0.624219 0.572685 0.00677083 0.0138889 0.273371
0 0.48099 0.949537 0.00885417 0.0138889 0.274106
0 0.556771 0.449537 0.00729167 0.012037 0.277497
0 0.592448 0.656018 0.0078125 0.0138889 0.284198
0 0.769792 0.654167 0.00729167 0.0138889 0.287322
0 0.603125 0.827315 0.00729167 0.0157407 0.2903
0 0.499479 0.450926 0.009375 0.0166667 0.301008
0 0.530729 0.740741 0.009375 0.0166667 0.308712
0 0.673177 0.566204 0.0078125 0.0157407 0.31353
0 0.69349 0.802778 0.00677083 0.0148148 0.316974
0 0.548177 0.340741 0.00989583 0.0166667 0.320877
0 0.430208 0.353704 0.00729167 0.0148148 0.324765
0 0.438542 0.452778 0.0104167 0.0185185 0.325568
0 0.603906 0.336574 0.0078125 0.0157407 0.339887
0 0.611458 0.913426 0.00729167 0.0175926 0.342687
0 0.735677 0.796296 0.0078125 0.0166667 0.351897
0 0.78151 0.791204 0.0078125 0.0138889 0.359375
0 0.651563 0.805556 0.0104167 0.0185185 0.36353
0 0.46901 0.755556 0.0130208 0.0166667 0.370367
0 0.728906 0.725926 0.00885417 0.0148148 0.371256
0 0.786458 0.863426 0.009375 0.0157407 0.379699
0 0.542448 0.844444 0.00989583 0.0166667 0.379979
0 0.699219 0.881019 0.00677083 0.0138889 0.38124
0 0.657292 0.896759 0.009375 0.0231481 0.394796
0 0.551302 0.942593 0.0119792 0.0185185 0.402398
0 0.724219 0.572685 0.00677083 0.012037 0.405779
0 0.743229 0.866667 0.009375 0.0185185 0.406596
0 0.666667 0.452315 0.009375 0.0212963 0.412417
0 0.511979 0.55 0.009375 0.0185185 0.43749
0 0.638281 0.661574 0.0130208 0.0194444 0.43967
0 0.677344 0.649074 0.0109375 0.0203704 0.443797
0 0.657031 0.333796 0.0119792 0.0212963 0.451701
0 0.723177 0.649074 0.00885417 0.0148148 0.455231
0 0.716667 0.44537 0.00833333 0.0166667 0.490468
0 0.776823 0.578241 0.0078125 0.0157407 0.499572
0 0.770833 0.463426 0.0104167 0.0175926 0.512306
0 0.776302 0.721759 0.0151042 0.0212963 0.550878
0 0.711979 0.336574 0.0104167 0.0212963 0.553934
0 0.754167 0.331019 0.009375 0.0175926 0.591379
