0 0.578906 0.915278 0.00572917 0.0101852 0.253754
0 0.527865 0.744907 0.00677083 0.012037 0.25432
0 0.714063 0.573148 0.00625 0.0111111 0.265968
0 0.4875 0.913426 0.00520833 0.0101852 0.274397
0 0.723437 0.915278 0.00625 0.0101852 0.276818
0 0.559115 0.383796 0.00677083 0.0101852 0.280048
0 0.627865 0.916667 0.00572917 0.0111111 0.302385
0 0.576302 0.829167 0.00572917 0.012037 0.315232
0 0.611979 0.401852 0.00729167 0.0111111 0.352298
0 0.720833 0.828241 0.00625 0.0101852 0.354323
0 0.771615 0.91713 0.00677083 0.0101852 0.356662
0 0.532812 0.914815 0.00625 0.0111111 0.360444
0 0.511198 0.568981 0.00572917 0.0101852 0.369102
0 0.659115 0.400926 0.0078125 0.0111111 0.374968
0 0.7625 0.573611 0.00625 0.0101852 0.384374
0 0.770312 0.831019 0.00729167 0.0101852 0.394267
0 0.759896 0.484722 0.00625 0.0101852 0.402
0 0.766667 0.742593 0.00625 0.0111111 0.437846
0 0.485156 0.827778 0.00572917 0.0111111 0.460554
0 0.482812 0.745833 0.00729167 0.012037 0.469023
0 0.715625 0.656018 0.00729167 0.012037 0.471265
0 0.50026 0.462963 0.0078125 0.0111111 0.472688
0 0.479427 0.663889 0.00677083 0.012963 0.480511
0 0.765365 0.656944 0.00677083 0.012037 0.484456
0 0.498958 0.37037 0.00833333 0.0111111 0.502371
0 0.461458 0.568981 0.00729167 0.012037 0.513387
0 0.709375 0.4 0.00729167 0.0111111 0.535258
0 0.757292 0.399074 0.00729167 0.012963 0.603733
0 0.445312 0.372222 0.00729167 0.012963 0.634908
0 0.447135 0.467593 0.00885417 0.012963 0.644322
