0 0.405469 0.791667 0.0078125 0.012963 0.253642
0 0.595052 0.538889 0.0078125 0.012963 0.267569
0 0.330729 0.348148 0.00833333 0.012963 0.289548
0 0.54375 0.281944 0.00833333 0.012037 0.292464
0 0.359115 0.627778 0.00885417 0.012963 0.294684
0 0.643229 0.456481 0.00729167 0.012963 0.31705
0 0.59401 0.281944 0.0078125 0.012037 0.329992
0 0.642708 0.368056 0.00833333 0.012037 0.339068
0 0.330729 0.251389 0.00833333 0.0138889 0.367465
0 0.384896 0.249537 0.00833333 0.012037 0.445452
0 0.642708 0.281019 0.009375 0.0138889 0.482273
