0 0.797396 0.548148 0.00833333 0.0111111 0.353322
0 0.752865 0.733333 0.00677083 0.0111111 0.376749
0 0.609115 0.272222 0.00572917 0.0111111 0.39258
0 0.707812 0.734722 0.00833333 0.012037 0.39389
0 0.66224 0.647222 0.00572917 0.0111111 0.395207
0 0.754687 0.823611 0.00729167 0.0138889 0.397129
0 0.706771 0.644444 0.00729167 0.0111111 0.434122
0 0.659635 0.293056 0.00677083 0.0101852 0.435193
0 0.752083 0.639815 0.00729167 0.0111111 0.437761
0 0.795313 0.463426 0.00833333 0.012037 0.441139
0 0.476823 0.263426 0.0078125 0.0138889 0.45117
0 0.476042 0.464352 0.00833333 0.012037 0.459187
0 0.798437 0.639815 0.00833333 0.0111111 0.503621
0 0.604167 0.560185 0.00833333 0.0111111 0.553845
0 0.802083 0.824537 0.00833333 0.0138889 0.556623
0 0.601302 0.462037 0.00885417 0.0111111 0.577721
0 0.802865 0.733796 0.00989583 0.0138889 0.578595
0 0.611458 0.653704 0.00833333 0.012963 0.579661
0 0.476562 0.365278 0.009375 0.0138889 0.596497
0 0.665104 0.734722 0.009375 0.0157407 0.604764
0 0.628385 0.841667 0.0078125 0.012963 0.612366
0 0.553125 0.659722 0.0114583 0.012037 0.632807
0 0.711198 0.827778 0.00885417 0.0148148 0.653691
0 0.613542 0.751389 0.009375 0.0138889 0.662061
0 0.602344 0.361574 0.00885417 0.0138889 0.668821
0 0.48151 0.768519 0.0078125 0.0111111 0.669603
0 0.542969 0.362037 0.00885417 0.012963 0.676197
0 0.545313 0.458796 0.00833333 0.012037 0.678447
0 0.55625 0.764815 0.00833333 0.0111111 0.694011
0 0.478906 0.664815 0.0078125 0.012963 0.704173
0 0.476042 0.568056 0.0104167 0.0138889 0.715679
0 0.547656 0.563889 0.00989583 0.0148148 0.755346
0 0.560156 0.863889 0.0119792 0.0148148 0.787737
0 0.485156 0.868056 0.0109375 0.0175926 0.793127
