0 0.679167 0.732407 0.00625 0.0111111 0.416428
0 0.771354 0.810648 0.009375 0.0157407 0.483663
0 0.566406 0.441667 0.00677083 0.0111111 0.529754
0 0.720052 0.661111 0.00677083 0.0111111 0.533538
0 0.459896 0.633796 0.00729167 0.012037 0.537087
0 0.728385 0.35 0.00989583 0.0166667 0.543472
0 0.522135 0.728241 0.0078125 0.012037 0.549346
0 0.682292 0.809259 0.00625 0.012963 0.553503
0 0.621875 0.447222 0.00729167 0.012963 0.561457
0 0.724479 0.80787 0.00833333 0.0157407 0.563323
0 0.461198 0.733333 0.0130208 0.0148148 0.565445
0 0.463542 0.931019 0.00833333 0.012037 0.568996
0 0.626823 0.571759 0.00677083 0.012037 0.571846
0 0.578125 0.558796 0.00625 0.012037 0.572571
0 0.726042 0.585648 0.00729167 0.012037 0.579387
0 0.726042 0.45787 0.00729167 0.0157407 0.582973
0 0.778385 0.596296 0.00677083 0.012963 0.589913
0 0.597917 0.736111 0.00833333 0.012963 0.593436
0 0.778125 0.483333 0.009375 0.0148148 0.593583
0 0.520052 0.639352 0.0078125 0.012037 0.597005
0 0.461198 0.830093 0.0119792 0.0138889 0.600911
0 0.589844 0.651389 0.0078125 0.012037 0.609391
0 0.721615 0.736111 0.00885417 0.012963 0.615811
0 0.770312 0.348611 0.00729167 0.0157407 0.626728
0 0.505208 0.327778 0.00729167 0.0111111 0.62871
0 0.510417 0.434259 0.00729167 0.012963 0.631982
0 0.454427 0.534259 0.0078125 0.012963 0.637465
0 0.676042 0.572685 0.00729167 0.0138889 0.644707
0 0.676302 0.458333 0.00885417 0.0185185 0.653114
0 0.771094 0.884259 0.00885417 0.0166667 0.656841
0 0.619271 0.335185 0.00729167 0.0148148 0.657895
0 0.640625 0.807407 0.009375 0.0185185 0.664508
0 0.591146 0.821759 0.00729167 0.0138889 0.667887
0 0.683333 0.8875 0.00625 0.0138889 0.677804
0 0.527604 0.830093 0.0114583 0.0157407 0.702062
0 0.769792 0.740741 0.0135417 0.0203704 0.71044
0 0.444531 0.328241 0.00677083 0.0138889 0.71118
0 0.675 0.655093 0.009375 0.0175926 0.716246
0 0.727865 0.87963 0.00989583 0.0185185 0.725868
0 0.563802 0.333333 0.00885417 0.0166667 0.727866
0 0.635938 0.665278 0.0125 0.0175926 0.738295
0 0.673177 0.339352 0.0109375 0.0194444 0.738607
0 0.641927 0.89537 0.00885417 0.0222222 0.754345
0 0.59375 0.908333 0.00729167 0.0185185 0.762896
0 0.446875 0.42963 0.0104167 0.0185185 0.764965
0 0.515365 0.535648 0.00989583 0.0175926 0.770769
0 0.533073 0.930556 0.0119792 0.0166667 0.779535
