0 0.646094 0.55787 0.00677083 0.012037 0.465351
0 0.399219 0.605093 0.0078125 0.0138889 0.474388
0 0.333333 0.797685 0.00833333 0.012037 0.560048
0 0.336198 0.70787 0.0109375 0.0138889 0.632811
0 0.451562 0.318056 0.00625 0.012037 0.638692
0 0.40026 0.515278 0.0078125 0.0138889 0.651553
0 0.645052 0.769907 0.00885417 0.0157407 0.675862
0 0.598437 0.621296 0.00729167 0.012963 0.677183
0 0.332812 0.202315 0.00729167 0.012037 0.681126
0 0.338281 0.506944 0.0078125 0.0138889 0.693556
0 0.663021 0.368981 0.009375 0.0138889 0.702654
0 0.647135 0.695833 0.0078125 0.0138889 0.704437
0 0.392188 0.309722 0.00833333 0.0157407 0.704767
0 0.607031 0.468981 0.00572917 0.0101852 0.708091
0 0.392969 0.203704 0.0078125 0.012963 0.713133
0 0.341146 0.60787 0.0125 0.0157407 0.713972
0 0.558333 0.691204 0.00625 0.012037 0.737376
0 0.475 0.616667 0.00833333 0.012963 0.737644
0 0.508073 0.325926 0.00677083 0.012963 0.738256
0 0.615104 0.236111 0.00833333 0.0185185 0.743216
0 0.468229 0.531018 0.00729167 0.012037 0.746342
0 0.60026 0.547222 0.0078125 0.012963 0.746531
0 0.557031 0.769907 0.00677083 0.0138889 0.747638
0 0.3375 0.409259 0.00729167 0.0148148 0.749392
0 0.460156 0.4375 0.00677083 0.012037 0.751354
0 0.659375 0.484722 0.00729167 0.012037 0.75311
0 0.401042 0.707407 0.009375 0.0166667 0.762704
0 0.452344 0.211574 0.0078125 0.0157407 0.773735
0 0.657812 0.235648 0.00729167 0.0157407 0.774077
0 0.508333 0.453704 0.00729167 0.012963 0.77692
0 0.557552 0.455556 0.00677083 0.012963 0.778895
0 0.60026 0.693981 0.0078125 0.0157407 0.779771
0 0.609635 0.343519 0.00677083 0.0148148 0.783039
0 0.334115 0.305093 0.00885417 0.0175926 0.791866
0 0.465104 0.700926 0.00625 0.0148148 0.797084
0 0.515104 0.544907 0.0114583 0.0194444 0.805585
0 0.553646 0.537037 0.00833333 0.0148148 0.806281
0 0.397396 0.4125 0.009375 0.0194444 0.821804
0 0.507292 0.216667 0.00729167 0.0148148 0.830732
0 0.560938 0.341667 0.00833333 0.0185185 0.842069
0 0.465625 0.788426 0.00729167 0.0194444 0.844149
0 0.601302 0.762963 0.00989583 0.0185185 0.848352
0 0.404427 0.805556 0.00989583 0.0185185 0.852286
0 0.516406 0.688426 0.0078125 0.0175926 0.852736
0 0.560938 0.222222 0.0114583 0.0203704 0.860868
0 0.515365 0.780556 0.00885417 0.0203704 0.867165
0 0.647135 0.627315 0.0130208 0.0175926 0.879602
