0 0.578125 0.818056 0.00729167 0.0138889 0.261477
0 0.590625 0.73287 0.009375 0.0138889 0.289077
0 0.715625 0.743056 0.00729167 0.012037 0.293139
0 0.670313 0.812963 0.00625 0.012963 0.293709
0 0.758854 0.82037 0.009375 0.0166667 0.298542
0 0.588021 0.646759 0.00833333 0.0138889 0.300187
0 0.444531 0.911111 0.00885417 0.012963 0.302596
0 0.629948 0.571759 0.00677083 0.012037 0.306907
0 0.713281 0.816204 0.0078125 0.0157407 0.308418
0 0.578646 0.437037 0.00729167 0.012963 0.310601
0 0.728385 0.592593 0.0078125 0.012963 0.316114
0 0.583073 0.55463 0.00677083 0.012963 0.329509
0 0.448698 0.818981 0.0130208 0.0138889 0.331272
0 0.717188 0.667593 0.00729167 0.012963 0.332791
0 0.753125 0.894907 0.00833333 0.0157407 0.341374
0 0.633854 0.44537 0.00729167 0.012963 0.344246
0 0.788021 0.496759 0.009375 0.0157407 0.345531
0 0.575781 0.906018 0.0078125 0.0194444 0.345979
0 0.779948 0.60787 0.00677083 0.0138889 0.346077
0 0.679427 0.576852 0.0078125 0.0148148 0.34715
0 0.459375 0.619444 0.00729167 0.012963 0.347521
0 0.666146 0.890278 0.00625 0.0138889 0.348902
0 0.515104 0.821296 0.0104167 0.0166667 0.351399
0 0.516406 0.719907 0.00885417 0.0138889 0.352741
0 0.461198 0.519444 0.00677083 0.012963 0.352816
0 0.627344 0.806944 0.00989583 0.0175926 0.363715
0 0.710938 0.886574 0.009375 0.0194444 0.369145
0 0.62474 0.896296 0.00989583 0.0222222 0.371159
0 0.63776 0.334722 0.0078125 0.0157407 0.383956
0 0.52474 0.318981 0.0078125 0.0138889 0.387139
0 0.735937 0.465741 0.00729167 0.0148148 0.389915
0 0.519792 0.628241 0.00833333 0.0138889 0.405873
0 0.513542 0.918519 0.0135417 0.0185185 0.413168
0 0.463802 0.313889 0.00677083 0.012963 0.413665
0 0.686458 0.4625 0.00833333 0.0175926 0.418385
0 0.788021 0.359722 0.00833333 0.0175926 0.428148
0 0.76276 0.750463 0.0151042 0.0212963 0.42819
0 0.455208 0.720833 0.0135417 0.0175926 0.429641
0 0.582552 0.327315 0.00885417 0.0157407 0.43844
0 0.521615 0.526389 0.00989583 0.0175926 0.450206
0 0.460156 0.414815 0.00989583 0.0185185 0.466274
0 0.691146 0.343056 0.0114583 0.0194444 0.472203
0 0.522396 0.425926 0.00833333 0.0148148 0.477025
0 0.74375 0.361574 0.0104167 0.0194444 0.480308
0 0.633854 0.663889 0.0114583 0.0185185 0.480762
0 0.672917 0.658796 0.0104167 0.0194444 0.496418
