0 0.595052 0.456481 0.00572917 0.00925926 0.274197
0 0.595052 0.627315 0.00677083 0.0101852 0.288109
0 0.497656 0.369444 0.00677083 0.0111111 0.290246
0 0.358073 0.545833 0.0078125 0.0157407 0.291565
0 0.546875 0.457407 0.00625 0.0111111 0.295115
0 0.595312 0.710648 0.00625 0.0101852 0.300348
0 0.40625 0.791667 0.00625 0.0111111 0.331397
0 0.444271 0.448148 0.00625 0.0111111 0.332678
0 0.644531 0.626852 0.00677083 0.0111111 0.347133
0 0.359635 0.791204 0.00572917 0.0101852 0.368639
0 0.644792 0.714352 0.00625 0.0101852 0.378802
0 0.595312 0.368056 0.00625 0.0101852 0.423466
0 0.596094 0.539815 0.0078125 0.0111111 0.432791
0 0.342969 0.449074 0.00572917 0.0111111 0.434449
0 0.644792 0.541667 0.00833333 0.0111111 0.434986
0 0.358333 0.625 0.009375 0.012963 0.449054
0 0.546615 0.369444 0.00677083 0.0111111 0.466043
0 0.643229 0.456944 0.00625 0.0101852 0.471464
0 0.358594 0.706944 0.00572917 0.0101852 0.473274
0 0.595833 0.796759 0.00729167 0.012037 0.486245
0 0.385417 0.343519 0.00625 0.0111111 0.491967
0 0.392448 0.449537 0.00677083 0.012037 0.49553
0 0.497656 0.283796 0.00677083 0.012037 0.505553
0 0.64349 0.369444 0.00677083 0.0111111 0.505589
0 0.33151 0.348148 0.0078125 0.012963 0.5975
0 0.446094 0.265278 0.0078125 0.012037 0.617736
0 0.546615 0.28287 0.0078125 0.0138889 0.649787
0 0.595312 0.28287 0.00729167 0.0138889 0.651728
0 0.642969 0.281481 0.0078125 0.012963 0.671768
0 0.33125 0.250463 0.00729167 0.012037 0.693253
0 0.386198 0.25 0.0078125 0.012963 0.721851
