0 0.309952 0.132363 0.010186 0.015594
0 0.305255 0.227557 0.006543 0.012637
0 0.301217 0.331580 0.006780 0.013562
0 0.300793 0.438074 0.008863 0.015253
0 0.297562 0.540279 0.007063 0.013059
0 0.296947 0.641672 0.008863 0.015253
0 0.292961 0.741992 0.008149 0.012475
0 0.365702 0.132010 0.007538 0.014911
0 0.363539 0.232409 0.008387 0.013401
0 0.362898 0.335654 0.009711 0.013742
0 0.360671 0.440680 0.006305 0.011712
0 0.357942 0.544297 0.007957 0.010122
0 0.355987 0.648410 0.012270 0.017285
0 0.353290 0.749712 0.004787 0.009014
0 0.423192 0.137754 0.007345 0.012556
0 0.421568 0.236787 0.005875 0.008431
0 0.423995 0.344332 0.004313 0.007164
0 0.422111 0.443353 0.008387 0.013401
0 0.421585 0.538267 0.004029 0.007667
0 0.418500 0.629827 0.007108 0.011630
0 0.416617 0.728848 0.009100 0.016178
0 0.484829 0.145067 0.011465 0.017365
0 0.480074 0.244427 0.007584 0.013481
0 0.479116 0.351826 0.009100 0.016178
0 0.476769 0.446658 0.009338 0.017104
0 0.477673 0.532371 0.008058 0.015333
0 0.475478 0.616098 0.009338 0.017104
0 0.472127 0.708108 0.008058 0.015333
0 0.539125 0.155766 0.007256 0.015414
0 0.536505 0.251513 0.009146 0.014750
0 0.532161 0.358764 0.007108 0.011631
0 0.526202 0.451125 0.009100 0.016178
0 0.525080 0.532582 0.006067 0.010785
0 0.521285 0.619018 0.006305 0.011712
0 0.520583 0.707901 0.007912 0.011550
0 0.593720 0.163699 0.008954 0.012395
0 0.592414 0.258578 0.007584 0.013481
0 0.582598 0.366053 0.008387 0.013401
0 0.574599 0.455084 0.008149 0.012475
0 0.569566 0.536834 0.005784 0.011288
0 0.569918 0.624838 0.010425 0.016520
0 0.567741 0.707176 0.007300 0.013984
0 0.646480 0.172478 0.008908 0.013824
0 0.645459 0.265517 0.009666 0.015172
0 0.632304 0.369606 0.008579 0.015756
0 0.619650 0.456117 0.008104 0.013904
0 0.615633 0.539765 0.010380 0.017949
0 0.618099 0.625546 0.007584 0.013481
0 0.613250 0.712861 0.009905 0.016098
