0 0.433594 0.385648 0.00572917 0.0101852 0.256057
0 0.58724 0.206944 0.00572917 0.0101852 0.296361
0 0.59375 0.561574 0.00625 0.0101852 0.32514
0 0.540365 0.295833 0.00677083 0.012037 0.33477
0 0.584896 0.120833 0.00625 0.0101852 0.35204
0 0.589844 0.293981 0.00677083 0.012037 0.375442
0 0.590104 0.383796 0.00625 0.0101852 0.386243
0 0.370052 0.184722 0.00677083 0.0101852 0.387018
0 0.640104 0.385648 0.00625 0.0101852 0.388133
0 0.372396 0.0800926 0.00625 0.0101852 0.425171
0 0.591406 0.471759 0.0078125 0.012037 0.454408
0 0.310677 0.0884259 0.00677083 0.0101852 0.459061
0 0.645052 0.560185 0.00677083 0.0111111 0.471215
0 0.31276 0.291204 0.00677083 0.0101852 0.484176
0 0.635156 0.118519 0.00677083 0.0111111 0.484556
0 0.311979 0.188889 0.00625 0.0111111 0.491959
0 0.374479 0.600926 0.00625 0.0111111 0.516496
0 0.643229 0.46713 0.00833333 0.012037 0.54134
0 0.638802 0.294907 0.00677083 0.012037 0.541352
0 0.645312 0.65 0.00729167 0.0111111 0.559888
0 0.438802 0.678704 0.00677083 0.0111111 0.560287
0 0.319531 0.705093 0.0078125 0.0101852 0.566993
0 0.636719 0.207407 0.00677083 0.0111111 0.570452
0 0.314323 0.496296 0.00677083 0.0111111 0.573117
0 0.435937 0.484259 0.00729167 0.0111111 0.584091
0 0.59401 0.651389 0.00677083 0.012037 0.585382
0 0.316146 0.601852 0.00625 0.0111111 0.619891
0 0.3125 0.395833 0.00625 0.012037 0.61991
0 0.43776 0.58287 0.0078125 0.012037 0.64553
