0 0.505469 0.65787 0.00677083 0.012037 0.263892
0 0.466667 0.975463 0.00625 0.012037 0.26414
0 0.489323 0.545833 0.00677083 0.012037 0.281807
0 0.722656 0.546759 0.0078125 0.0138889 0.28735
0 0.736979 0.755093 0.00729167 0.012037 0.298616
0 0.459635 0.864352 0.00677083 0.012037 0.312331
0 0.454948 0.760648 0.00677083 0.0138889 0.313142
0 0.758594 0.968518 0.00677083 0.012963 0.315256
0 0.727083 0.656018 0.00625 0.012037 0.32825
0 0.448698 0.659259 0.00677083 0.0148148 0.350512
0 0.782031 0.653704 0.00677083 0.0111111 0.352823
0 0.648958 0.321759 0.00833333 0.012037 0.358312
0 0.429688 0.546296 0.00625 0.012963 0.359388
0 0.534375 0.428704 0.00833333 0.0111111 0.365615
0 0.747396 0.856944 0.009375 0.0157407 0.375925
0 0.720052 0.421759 0.0078125 0.012037 0.378445
0 0.816406 0.968518 0.0078125 0.012963 0.378898
0 0.658073 0.426389 0.0078125 0.012037 0.382094
0 0.596875 0.429167 0.00729167 0.012037 0.383366
0 0.804167 0.85463 0.00833333 0.012963 0.393862
0 0.527344 0.323611 0.0078125 0.012037 0.396295
0 0.473698 0.428241 0.00885417 0.012037 0.400849
0 0.791927 0.751852 0.00885417 0.012963 0.403983
0 0.413281 0.430556 0.00677083 0.012963 0.411435
0 0.782812 0.54537 0.00729167 0.012963 0.414113
0 0.467708 0.324074 0.00729167 0.0111111 0.441246
0 0.589323 0.323611 0.0078125 0.012037 0.456648
0 0.709635 0.319907 0.0078125 0.012037 0.460771
0 0.782292 0.424074 0.0135417 0.0185185 0.522489
0 0.769531 0.319444 0.00885417 0.012963 0.536014
0 0.408073 0.329167 0.0078125 0.012037 0.539763
