0 0.705729 0.407407 0.00729167 0.0111111 0.254083
0 0.651042 0.238889 0.00625 0.0111111 0.256845
0 0.484115 0.317593 0.00572917 0.00925926 0.277428
0 0.707812 0.497222 0.00625 0.0111111 0.284245
0 0.555729 0.611574 0.00625 0.0101852 0.301399
0 0.560938 0.802778 0.00520833 0.00925926 0.302121
0 0.655469 0.412963 0.00885417 0.012963 0.30402
0 0.75 0.228704 0.00625 0.0111111 0.321555
0 0.702604 0.319444 0.00625 0.0111111 0.346702
0 0.758333 0.490741 0.00625 0.0111111 0.349741
0 0.442969 0.843056 0.00677083 0.0101852 0.360106
0 0.765365 0.665278 0.00677083 0.012037 0.370689
0 0.698438 0.23287 0.00729167 0.0101852 0.393905
0 0.767187 0.75463 0.00625 0.0111111 0.395688
0 0.752083 0.314352 0.00729167 0.012037 0.444454
0 0.754948 0.402778 0.00677083 0.0111111 0.455759
0 0.7625 0.574074 0.00729167 0.0111111 0.478858
0 0.426302 0.226852 0.00677083 0.0111111 0.506362
0 0.715625 0.761111 0.00625 0.0111111 0.509565
0 0.711458 0.581481 0.00729167 0.0111111 0.517948
0 0.428906 0.42963 0.00572917 0.0111111 0.51844
0 0.484896 0.213889 0.00729167 0.00925926 0.520341
0 0.434115 0.634722 0.00572917 0.012037 0.52037
0 0.43724 0.739815 0.00572917 0.0111111 0.542155
0 0.427344 0.328241 0.00572917 0.012037 0.568319
0 0.43151 0.534259 0.00677083 0.012963 0.582466
