0 0.619531 0.658333 0.00677083 0.0111111 0.252222
0 0.622135 0.827315 0.00677083 0.0101852 0.2737
0 0.563281 0.467593 0.0078125 0.0111111 0.277966
0 0.573958 0.820833 0.00729167 0.012037 0.29858
0 0.571354 0.652315 0.00729167 0.012037 0.307684
0 0.719271 0.927778 0.00729167 0.0111111 0.311125
0 0.670313 0.835185 0.00625 0.0111111 0.312535
0 0.620833 0.743519 0.00729167 0.012963 0.331851
0 0.713802 0.498148 0.00677083 0.0111111 0.338141
0 0.56276 0.378704 0.00677083 0.0111111 0.341765
0 0.614583 0.403704 0.00833333 0.0111111 0.359184
0 0.510938 0.55463 0.00729167 0.0111111 0.365872
0 0.461979 0.547685 0.00729167 0.012037 0.36925
0 0.575 0.906018 0.00729167 0.012037 0.375338
0 0.525521 0.649074 0.00625 0.0111111 0.385098
0 0.670052 0.918981 0.00677083 0.0101852 0.386804
0 0.66849 0.750463 0.00677083 0.012037 0.391569
0 0.482552 0.893056 0.00677083 0.012037 0.393111
0 0.714583 0.587037 0.00625 0.0111111 0.405732
0 0.478906 0.643056 0.00677083 0.0138889 0.422343
0 0.716927 0.756944 0.00677083 0.012037 0.431284
0 0.622656 0.914815 0.00677083 0.0111111 0.434908
0 0.48125 0.808796 0.00729167 0.012037 0.437608
0 0.529167 0.899537 0.00729167 0.012037 0.441561
0 0.48099 0.727778 0.0078125 0.012963 0.464415
0 0.502604 0.449074 0.00833333 0.012963 0.519934
0 0.449219 0.447222 0.0078125 0.012963 0.533777
0 0.7125 0.414815 0.00729167 0.0111111 0.542805
0 0.766667 0.850463 0.00729167 0.012037 0.569077
0 0.717708 0.841204 0.00729167 0.012037 0.577033
0 0.715625 0.669444 0.00833333 0.012963 0.58006
0 0.763021 0.593056 0.00729167 0.012037 0.593011
0 0.502344 0.356019 0.0078125 0.012037 0.59305
0 0.764844 0.676852 0.0078125 0.012963 0.600046
0 0.765104 0.763426 0.00729167 0.012037 0.608239
0 0.76276 0.50463 0.0078125 0.0111111 0.619486
0 0.448438 0.35 0.00833333 0.0148148 0.649648
0 0.761458 0.42037 0.009375 0.012963 0.716236
