0 0.379167 0.739352 0.00625 0.0101852 0.358208
0 0.496094 0.851389 0.00677083 0.0101852 0.474766
0 0.553385 0.849537 0.00572917 0.0101852 0.475852
0 0.495573 0.738889 0.00677083 0.0111111 0.494564
0 0.382031 0.638889 0.00572917 0.0111111 0.522828
0 0.552865 0.740278 0.00677083 0.012037 0.523124
0 0.54974 0.535185 0.00677083 0.0111111 0.526488
0 0.377344 0.849074 0.00677083 0.0111111 0.536578
0 0.550781 0.427315 0.00677083 0.012037 0.53718
0 0.433594 0.427315 0.00677083 0.012037 0.538503
0 0.492969 0.427315 0.00677083 0.012037 0.555659
0 0.429688 0.204167 0.00729167 0.0101852 0.561823
0 0.613281 0.204167 0.00677083 0.0101852 0.563592
0 0.553125 0.204167 0.00729167 0.0101852 0.565373
0 0.43776 0.535648 0.00677083 0.012037 0.576414
0 0.369792 0.204167 0.00729167 0.0101852 0.580798
0 0.491406 0.203704 0.0078125 0.00925926 0.590828
0 0.373437 0.423611 0.00729167 0.012037 0.607408
0 0.493229 0.531482 0.00729167 0.012963 0.61745
0 0.436198 0.737037 0.0078125 0.0111111 0.626389
0 0.436198 0.850463 0.0078125 0.0101852 0.630754
0 0.670313 0.427778 0.00729167 0.0111111 0.632039
0 0.615885 0.304167 0.00885417 0.012037 0.634048
0 0.438021 0.635648 0.00729167 0.012037 0.643314
0 0.609896 0.429167 0.00729167 0.012037 0.644852
0 0.382812 0.536574 0.00729167 0.012037 0.6529
0 0.554688 0.307407 0.00729167 0.012963 0.655476
0 0.66875 0.738889 0.00729167 0.0111111 0.655612
0 0.605729 0.536111 0.00625 0.012963 0.66763
0 0.613021 0.849074 0.00729167 0.012963 0.66998
0 0.427865 0.306944 0.0078125 0.012037 0.670425
0 0.664062 0.634259 0.00833333 0.012963 0.670649
0 0.661198 0.535185 0.00677083 0.0111111 0.674487
0 0.322917 0.637037 0.00625 0.0111111 0.675381
0 0.492448 0.308796 0.00677083 0.012037 0.687371
0 0.367969 0.306019 0.0078125 0.012037 0.690448
0 0.315365 0.424074 0.0078125 0.012963 0.694527
0 0.671094 0.849074 0.0078125 0.012963 0.705181
0 0.673177 0.203704 0.0078125 0.0111111 0.708444
0 0.609115 0.636111 0.00677083 0.012963 0.713557
0 0.308073 0.209259 0.0078125 0.0111111 0.714885
0 0.320052 0.850463 0.0078125 0.012037 0.718542
0 0.32526 0.5375 0.0078125 0.0138889 0.733369
0 0.321615 0.740741 0.00885417 0.012963 0.744813
0 0.307031 0.307407 0.0078125 0.012963 0.771213
0 0.610937 0.738889 0.0114583 0.0185185 0.823826
0 0.678646 0.309259 0.0145833 0.0203704 0.832111
