0 0.536458 0.122685 0.00625 0.0101852 0.26231
0 0.494271 0.657407 0.00625 0.0111111 0.269679
0 0.369531 0.185648 0.00572917 0.0101852 0.278545
0 0.434375 0.386574 0.00625 0.0101852 0.295438
0 0.490625 0.211574 0.00625 0.0101852 0.333798
0 0.59375 0.562037 0.00625 0.0111111 0.33597
0 0.584896 0.120833 0.00625 0.0101852 0.339046
0 0.375521 0.702778 0.00729167 0.00925926 0.355779
0 0.640104 0.386574 0.00625 0.0101852 0.360987
0 0.589844 0.383796 0.00572917 0.0101852 0.390983
0 0.58724 0.20787 0.00572917 0.0101852 0.41262
0 0.371875 0.0814815 0.00625 0.00925926 0.421826
0 0.540365 0.295833 0.00677083 0.012037 0.435381
0 0.589844 0.293519 0.00677083 0.0111111 0.436705
0 0.645052 0.559722 0.00677083 0.0101852 0.449047
0 0.635156 0.119907 0.00677083 0.0101852 0.449059
0 0.311198 0.0884259 0.00677083 0.0101852 0.472689
0 0.31224 0.189815 0.00572917 0.0111111 0.4752
0 0.374479 0.600463 0.00625 0.0101852 0.52837
0 0.3125 0.290741 0.00625 0.0111111 0.53732
0 0.636979 0.208333 0.00729167 0.0111111 0.55731
0 0.638802 0.29537 0.00677083 0.0111111 0.558693
0 0.591927 0.471759 0.0078125 0.012037 0.561455
0 0.594271 0.651389 0.00625 0.012037 0.564659
0 0.438542 0.67963 0.00729167 0.0111111 0.569424
0 0.642969 0.467593 0.0078125 0.0111111 0.569426
0 0.435937 0.484259 0.00729167 0.0111111 0.580865
0 0.319531 0.706019 0.0078125 0.0101852 0.581415
0 0.645833 0.650463 0.00729167 0.012037 0.584987
0 0.316406 0.602315 0.00572917 0.0101852 0.599964
0 0.43776 0.58287 0.00677083 0.012037 0.611174
0 0.314583 0.496296 0.00625 0.0111111 0.613609
0 0.31276 0.39537 0.00677083 0.0111111 0.669051
