0 0.723437 0.718982 0.00729167 0.012037 0.476684
0 0.725 0.566204 0.00625 0.012037 0.480241
0 0.767708 0.646296 0.00729167 0.012963 0.509038
0 0.773177 0.78287 0.0078125 0.0138889 0.524228
0 0.722917 0.33287 0.00833333 0.0175926 0.531319
0 0.524219 0.746759 0.00885417 0.0138889 0.531984
0 0.464063 0.953704 0.00833333 0.012963 0.57064
0 0.620052 0.446296 0.00677083 0.012963 0.577248
0 0.563542 0.449537 0.00729167 0.012037 0.580759
0 0.775 0.857407 0.00729167 0.0148148 0.586543
0 0.777604 0.453704 0.009375 0.0148148 0.589549
0 0.726823 0.790278 0.0078125 0.0157407 0.591507
0 0.590104 0.656018 0.00729167 0.012037 0.601199
0 0.59349 0.826389 0.00677083 0.012037 0.60231
0 0.778385 0.57037 0.00677083 0.012963 0.602847
0 0.684375 0.797222 0.00625 0.012963 0.604136
0 0.59974 0.740278 0.00885417 0.0138889 0.620243
0 0.520312 0.652778 0.00833333 0.0148148 0.626514
0 0.720833 0.643056 0.00833333 0.012037 0.630601
0 0.686198 0.875926 0.00677083 0.0148148 0.64751
0 0.723698 0.440278 0.00677083 0.0157407 0.647637
0 0.536458 0.943519 0.0114583 0.0166667 0.658037
0 0.626302 0.572222 0.00677083 0.012963 0.660931
0 0.459896 0.661111 0.009375 0.012963 0.665382
0 0.730729 0.860185 0.00833333 0.0185185 0.675766
0 0.577604 0.566667 0.00729167 0.012963 0.676844
0 0.766146 0.324074 0.00833333 0.0166667 0.679594
0 0.464063 0.856944 0.0114583 0.0157407 0.691803
0 0.453125 0.563889 0.00729167 0.012963 0.696538
0 0.465104 0.760648 0.0125 0.0175926 0.698503
0 0.440885 0.359722 0.0078125 0.0138889 0.700139
0 0.642448 0.804167 0.00885417 0.0175926 0.701976
0 0.67526 0.562037 0.0078125 0.0148148 0.707275
0 0.597396 0.9125 0.00729167 0.0194444 0.712352
0 0.53099 0.84537 0.00989583 0.0166667 0.712559
0 0.560417 0.343981 0.00833333 0.0157407 0.715513
0 0.645833 0.893519 0.00833333 0.0185185 0.719123
0 0.502344 0.349074 0.0078125 0.0148148 0.724845
0 0.673437 0.448148 0.00833333 0.0185185 0.732194
0 0.6375 0.660185 0.0125 0.0185185 0.742444
0 0.676302 0.644907 0.00989583 0.0175926 0.756391
0 0.504948 0.454167 0.00885417 0.0175926 0.759908
0 0.616146 0.335648 0.00833333 0.0157407 0.764346
0 0.771875 0.714352 0.0135417 0.0194444 0.772291
0 0.66901 0.331019 0.00989583 0.0194444 0.78096
0 0.444792 0.460648 0.009375 0.0194444 0.795893
0 0.514583 0.553704 0.009375 0.0185185 0.798828
