0 0.523177 0.720833 0.0078125 0.0138889 0.368918
0 0.621094 0.44537 0.00677083 0.012963 0.551791
0 0.563021 0.437037 0.00625 0.0111111 0.561176
0 0.682813 0.737037 0.00729167 0.0111111 0.626641
0 0.519792 0.627778 0.00729167 0.012963 0.641721
0 0.722656 0.359722 0.00989583 0.0194444 0.669527
0 0.465885 0.911574 0.0078125 0.012037 0.673688
0 0.723958 0.744907 0.00833333 0.012037 0.688025
0 0.721094 0.667593 0.00677083 0.0111111 0.694234
0 0.725521 0.593056 0.00729167 0.012037 0.702453
0 0.773698 0.821759 0.00885417 0.0157407 0.705584
0 0.501823 0.319444 0.00677083 0.012963 0.709512
0 0.536198 0.920833 0.0140625 0.0175926 0.71408
0 0.589323 0.648148 0.0078125 0.012963 0.716535
0 0.723437 0.466204 0.00729167 0.0157407 0.72194
0 0.577865 0.556019 0.00677083 0.012037 0.72227
0 0.626302 0.572222 0.00677083 0.012963 0.724718
0 0.466667 0.719444 0.0114583 0.0148148 0.725973
0 0.599219 0.734259 0.00885417 0.012963 0.728178
0 0.777083 0.49537 0.009375 0.0166667 0.729044
0 0.778385 0.607407 0.00677083 0.012963 0.731527
0 0.453125 0.521296 0.00729167 0.012963 0.740349
0 0.50599 0.427315 0.00885417 0.0138889 0.745574
0 0.766146 0.360648 0.00729167 0.0157407 0.745974
0 0.459115 0.621296 0.0078125 0.012963 0.749594
0 0.685156 0.814815 0.00677083 0.012963 0.750592
0 0.464323 0.818519 0.0119792 0.0148148 0.751109
0 0.727083 0.81713 0.00833333 0.0157407 0.753049
0 0.77526 0.894444 0.00885417 0.0148148 0.75531
0 0.68724 0.892593 0.00677083 0.0148148 0.768714
0 0.53151 0.824074 0.0109375 0.0148148 0.770365
0 0.67526 0.577778 0.0078125 0.0148148 0.770691
0 0.514583 0.527315 0.009375 0.0175926 0.772057
0 0.445573 0.42037 0.00989583 0.0185185 0.783325
0 0.441406 0.314815 0.0078125 0.0148148 0.792289
0 0.63724 0.667593 0.0130208 0.0185185 0.802033
0 0.675521 0.659722 0.009375 0.0175926 0.803097
0 0.59375 0.82037 0.00729167 0.0148148 0.805031
0 0.559896 0.328241 0.00729167 0.0157407 0.816839
0 0.669531 0.342593 0.00989583 0.0203704 0.830207
0 0.615885 0.335185 0.0078125 0.0148148 0.830757
0 0.597135 0.906018 0.0078125 0.0212963 0.833276
0 0.673698 0.4625 0.0078125 0.0175926 0.842688
0 0.73125 0.8875 0.009375 0.0194444 0.851209
0 0.641927 0.806481 0.00989583 0.0203704 0.859073
0 0.772135 0.752778 0.0140625 0.0203704 0.862093
0 0.646354 0.898148 0.009375 0.0222222 0.862844
