0 0.718229 0.493519 0.00625 0.0111111 0.251327
0 0.515365 0.905093 0.00677083 0.012037 0.252088
0 0.610156 0.913889 0.00677083 0.012963 0.256072
0 0.570573 0.469444 0.00572917 0.012963 0.256555
0 0.47474 0.736111 0.00572917 0.0111111 0.26003
0 0.62474 0.402315 0.0078125 0.0138889 0.278993
0 0.714844 0.580093 0.00572917 0.012037 0.279966
0 0.75625 0.842593 0.00625 0.0111111 0.280683
0 0.477344 0.651852 0.00677083 0.012963 0.280826
0 0.707031 0.835185 0.00572917 0.0111111 0.281245
0 0.764844 0.583796 0.00572917 0.012037 0.281594
0 0.766927 0.496296 0.00572917 0.0111111 0.285259
0 0.567448 0.740278 0.00677083 0.012037 0.289832
0 0.752604 0.925463 0.00625 0.012037 0.289972
0 0.521094 0.736111 0.00677083 0.012963 0.296273
0 0.71276 0.662963 0.00677083 0.012963 0.298031
0 0.761198 0.667593 0.00677083 0.012963 0.306635
0 0.464583 0.556944 0.00625 0.012037 0.309945
0 0.709635 0.750463 0.00677083 0.012037 0.33124
0 0.721354 0.406944 0.00729167 0.0138889 0.334088
0 0.458073 0.456481 0.00677083 0.012963 0.342788
0 0.759115 0.753704 0.00677083 0.0111111 0.359356
0 0.76901 0.410185 0.0078125 0.0148148 0.360009
0 0.673177 0.40463 0.0078125 0.0148148 0.371955
0 0.515104 0.362037 0.00625 0.012963 0.390575
0 0.460677 0.360185 0.00677083 0.012963 0.408143
