0 0.689969 0.092776 0.005268 0.008452
0 0.689756 0.193242 0.004261 0.013058
0 0.689797 0.294641 0.004774 0.012144
0 0.687720 0.400620 0.005302 0.013082
0 0.684640 0.501483 0.004754 0.009366
0 0.683091 0.606549 0.004228 0.008428
0 0.677911 0.709680 0.005796 0.009390
0 0.631698 0.083560 0.005275 0.009378
0 0.631969 0.189130 0.005262 0.007527
0 0.630190 0.290024 0.002150 0.009306
0 0.627850 0.396461 0.003179 0.007479
0 0.627120 0.496452 0.003165 0.005628
0 0.624249 0.604265 0.004227 0.008428
0 0.622731 0.705165 0.006818 0.006637
0 0.571378 0.105318 0.004727 0.005664
0 0.570178 0.198353 0.004734 0.006589
0 0.567662 0.293211 0.003192 0.009330
0 0.567212 0.390431 0.003713 0.009342
0 0.563114 0.488030 0.004227 0.008428
0 0.561619 0.585688 0.004741 0.007515
0 0.559895 0.679175 0.003713 0.009342
0 0.515521 0.122085 0.005762 0.004762
0 0.466287 0.123727 0.005282 0.010304
0 0.417356 0.119357 0.006331 0.011254
0 0.367360 0.118203 0.004234 0.009354
0 0.512005 0.211364 0.005289 0.011230
0 0.463835 0.209789 0.004734 0.006589
0 0.415929 0.207757 0.004761 0.010292
0 0.364641 0.205184 0.004234 0.009354
0 0.510578 0.299764 0.002651 0.006541
0 0.508863 0.391862 0.001617 0.007442
0 0.506408 0.478387 0.002144 0.008380
0 0.504197 0.567233 0.002130 0.006529
0 0.503267 0.658885 0.003707 0.008416
0 0.462154 0.297258 0.010003 0.015042
0 0.460453 0.387504 0.003707 0.008416
0 0.412182 0.292863 0.006858 0.012192
0 0.364002 0.292677 0.005282 0.010304
0 0.411526 0.382670 0.003720 0.010268
0 0.361271 0.381510 0.003186 0.008404
0 0.458516 0.474503 0.005255 0.006601
0 0.408805 0.470115 0.005796 0.009390
0 0.357273 0.465222 0.006852 0.011266
0 0.457082 0.563830 0.002658 0.007466
0 0.456690 0.653180 0.005282 0.010304
0 0.406586 0.559886 0.004754 0.009366
0 0.405156 0.648750 0.004248 0.011206
0 0.353990 0.558209 0.003720 0.010268
0 0.353858 0.647566 0.004741 0.007515
