0 0.595833 0.403241 0.009375 0.0157407 0.258441
0 0.661719 0.568056 0.00677083 0.0138889 0.263514
0 0.632552 0.743519 0.0078125 0.0148148 0.267158
0 0.460677 0.589352 0.00885417 0.0157407 0.270003
0 0.559896 0.574537 0.00729167 0.0138889 0.285942
0 0.438802 0.489815 0.0078125 0.0166667 0.306635
0 0.542448 0.393519 0.00885417 0.0166667 0.306832
0 0.643229 0.394444 0.009375 0.0166667 0.307574
0 0.551562 0.481944 0.00729167 0.0138889 0.314177
0 0.678646 0.738889 0.00729167 0.012963 0.328171
0 0.51224 0.928704 0.00572917 0.012963 0.330461
0 0.640885 0.828704 0.00677083 0.012963 0.332296
0 0.491146 0.478704 0.00729167 0.012963 0.334308
0 0.429167 0.39537 0.00833333 0.0166667 0.336021
0 0.585156 0.750463 0.00885417 0.0157407 0.341233
0 0.486979 0.68287 0.00833333 0.0175926 0.341694
0 0.726042 0.731944 0.00729167 0.012037 0.347326
0 0.696875 0.905556 0.00729167 0.012963 0.353474
0 0.482031 0.386574 0.00885417 0.0175926 0.356348
0 0.708333 0.561111 0.00729167 0.012963 0.357916
0 0.539844 0.758333 0.0078125 0.0166667 0.360425
0 0.69974 0.474537 0.00677083 0.012037 0.361635
0 0.691927 0.389352 0.00885417 0.0157407 0.361748
0 0.792969 0.896296 0.00677083 0.012963 0.364554
0 0.688281 0.823148 0.00677083 0.012963 0.373172
0 0.757292 0.554167 0.00625 0.012037 0.379307
0 0.745313 0.900463 0.00729167 0.0138889 0.379551
0 0.59349 0.835185 0.00677083 0.012963 0.380205
0 0.529688 0.672222 0.00833333 0.0166667 0.387829
0 0.670573 0.651389 0.0078125 0.0157407 0.388286
0 0.509375 0.583333 0.00833333 0.0166667 0.396277
0 0.546615 0.841667 0.00677083 0.012963 0.399591
0 0.651042 0.913426 0.00729167 0.0138889 0.410781
0 0.735937 0.815278 0.00625 0.012037 0.413686
0 0.747917 0.468519 0.00625 0.0111111 0.41445
0 0.602344 0.919444 0.00677083 0.012963 0.419046
0 0.557031 0.923611 0.0078125 0.0138889 0.428115
0 0.784896 0.811111 0.00729167 0.012963 0.441654
0 0.775 0.725 0.00729167 0.012963 0.44412
0 0.765885 0.6375 0.00885417 0.0157407 0.492963
0 0.739062 0.381019 0.009375 0.0175926 0.523334
0 0.717969 0.644444 0.00989583 0.0166667 0.523841
