0 0.763802 0.831944 0.00677083 0.0101852 0.25427
0 0.763021 0.745833 0.00729167 0.0101852 0.277108
0 0.477083 0.911574 0.00625 0.0101852 0.283114
0 0.478125 0.662037 0.00625 0.0111111 0.287301
0 0.463021 0.567593 0.00625 0.0111111 0.320913
0 0.477344 0.827778 0.00572917 0.0111111 0.326684
0 0.764063 0.487037 0.00625 0.0111111 0.333429
0 0.716667 0.400926 0.00625 0.0111111 0.334994
0 0.477604 0.744907 0.00729167 0.012037 0.359046
0 0.504948 0.462037 0.00677083 0.012963 0.3741
0 0.764323 0.574537 0.00677083 0.0101852 0.378596
0 0.764583 0.656944 0.00729167 0.012037 0.434587
0 0.507812 0.368981 0.00729167 0.012037 0.467241
0 0.452083 0.466667 0.00833333 0.012963 0.52614
0 0.763542 0.401389 0.00729167 0.012037 0.543308
0 0.452344 0.371296 0.00677083 0.012963 0.572064
