0 0.672877 1.000000 0.006666 0.011120
0 0.688226 0.949904 0.006261 0.015468
0 0.703981 0.844460 0.006668 0.014743
0 0.718244 0.733214 0.007349 0.015952
0 0.730668 0.626799 0.006258 0.011844
0 0.745339 0.516762 0.005579 0.010636
0 0.755930 0.406960 0.007346 0.012329
0 0.610806 1.000000 0.006803 0.012087
0 0.627449 0.925896 0.006529 0.010154
0 0.641233 0.820085 0.003540 0.010632
0 0.655292 0.708235 0.004355 0.009184
0 0.670027 0.603876 0.004082 0.007253
0 0.683746 0.490335 0.005579 0.010635
0 0.697803 0.384647 0.008026 0.009915
0 0.551402 0.983410 0.005713 0.007980
0 0.564571 0.886056 0.005849 0.008945
0 0.576652 0.786163 0.004627 0.011118
0 0.591250 0.684825 0.005172 0.011360
0 0.602110 0.581307 0.005579 0.010636
0 0.615688 0.479000 0.005986 0.009911
0 0.628381 0.380921 0.005172 0.011360
0 0.495869 0.938629 0.006665 0.007498
0 0.444885 0.912822 0.006940 0.013053
0 0.393284 0.893417 0.008164 0.014505
0 0.341074 0.870144 0.005715 0.011602
0 0.506046 0.844050 0.007075 0.014019
0 0.455670 0.822110 0.005849 0.008945
0 0.405499 0.800773 0.006395 0.012810
0 0.351725 0.778344 0.005715 0.011602
0 0.518259 0.751406 0.003674 0.007976
0 0.530747 0.654775 0.002724 0.008458
0 0.541601 0.563580 0.003403 0.009666
0 0.553069 0.470089 0.003130 0.007733
0 0.566303 0.374306 0.005035 0.010393
0 0.467476 0.730311 0.012516 0.020067
0 0.479691 0.635613 0.005035 0.010393
0 0.414789 0.710421 0.008844 0.015713
0 0.364618 0.687030 0.006938 0.013053
0 0.428023 0.616691 0.005309 0.012326
0 0.375542 0.593298 0.004491 0.010150
0 0.491157 0.544176 0.006394 0.009187
0 0.438741 0.524407 0.007346 0.012329
0 0.384353 0.504272 0.008707 0.014747
0 0.503507 0.450565 0.003811 0.008942
0 0.516946 0.357441 0.006940 0.013053
0 0.450344 0.429951 0.006258 0.011844
0 0.462627 0.336824 0.005989 0.013535
0 0.395347 0.405950 0.005309 0.012326
0 0.409057 0.312946 0.005986 0.009911
