0 0.626042 0.256481 0.00625 0.0111111 0.272928
0 0.582552 0.257407 0.0078125 0.012963 0.353381
0 0.627083 0.434722 0.00520833 0.0101852 0.373958
0 0.53724 0.346296 0.0078125 0.0111111 0.380537
0 0.674479 0.256944 0.00625 0.012037 0.436078
0 0.622917 0.166667 0.00625 0.0111111 0.484486
0 0.364323 0.746296 0.0109375 0.0148148 0.502749
0 0.584635 0.435185 0.00677083 0.0111111 0.511806
0 0.63125 0.52037 0.00729167 0.0111111 0.519954
0 0.672656 0.166667 0.00677083 0.0111111 0.530897
0 0.583073 0.168056 0.00677083 0.012037 0.547794
0 0.536719 0.262963 0.0078125 0.0111111 0.548363
0 0.359375 0.544444 0.0104167 0.0148148 0.566601
0 0.633073 0.615741 0.00677083 0.0111111 0.584866
0 0.357031 0.143056 0.0078125 0.0138889 0.588617
0 0.586979 0.526852 0.00833333 0.0111111 0.600072
0 0.484375 0.239352 0.00833333 0.0157407 0.609663
0 0.540885 0.437963 0.0078125 0.0111111 0.613435
0 0.677865 0.431019 0.0078125 0.012037 0.615996
0 0.429427 0.138426 0.0078125 0.0138889 0.620236
0 0.426042 0.236574 0.009375 0.0138889 0.645342
0 0.633594 0.706019 0.00677083 0.012037 0.647409
0 0.356771 0.348148 0.009375 0.012963 0.64808
0 0.482812 0.341667 0.00729167 0.0111111 0.651331
0 0.58776 0.616667 0.0078125 0.012963 0.651402
0 0.543229 0.171759 0.00729167 0.012037 0.651461
0 0.541927 0.527315 0.0078125 0.012037 0.653115
0 0.360417 0.645833 0.00833333 0.012037 0.656923
0 0.546354 0.616204 0.009375 0.0138889 0.680055
0 0.491927 0.152778 0.0078125 0.012963 0.686243
0 0.590625 0.711111 0.00833333 0.0148148 0.690251
0 0.485417 0.440278 0.00833333 0.012037 0.700148
0 0.678646 0.522685 0.00833333 0.012037 0.709635
0 0.677083 0.34537 0.009375 0.012963 0.719741
0 0.35625 0.448611 0.0114583 0.0138889 0.720962
0 0.357292 0.241667 0.0104167 0.0148148 0.724244
0 0.428646 0.443981 0.00833333 0.0138889 0.726585
0 0.426823 0.339815 0.00989583 0.0148148 0.739941
0 0.49349 0.633333 0.00885417 0.0148148 0.754853
0 0.491927 0.535648 0.00885417 0.0138889 0.758542
0 0.683594 0.617593 0.00989583 0.0148148 0.761207
0 0.435677 0.644907 0.00885417 0.012037 0.763225
0 0.43125 0.540278 0.0104167 0.0138889 0.766958
0 0.507552 0.722685 0.00677083 0.0138889 0.766973
0 0.682031 0.706944 0.00885417 0.0138889 0.769826
0 0.438281 0.743056 0.0119792 0.0157407 0.792553
