0 0.652387 0.129092 0.007297 0.012324
0 0.668195 0.223465 0.006567 0.013621
0 0.675585 0.335691 0.008535 0.014524
0 0.681792 0.445195 0.009153 0.015624
0 0.698410 0.541528 0.006805 0.012098
0 0.714719 0.637537 0.008281 0.012776
0 0.730807 0.739240 0.009026 0.014749
0 0.596010 0.150784 0.007662 0.011676
0 0.610043 0.247372 0.009755 0.013453
0 0.621691 0.361837 0.007678 0.014947
0 0.628818 0.470453 0.006678 0.011224
0 0.642779 0.564742 0.006186 0.010998
0 0.660326 0.662047 0.004458 0.008573
0 0.675858 0.763540 0.007297 0.012324
0 0.538793 0.177524 0.007043 0.010576
0 0.553691 0.274645 0.007662 0.011676
0 0.566885 0.390732 0.008424 0.016921
0 0.575542 0.497247 0.007789 0.012550
0 0.590233 0.589336 0.007551 0.014072
0 0.605178 0.683174 0.008772 0.013001
0 0.620925 0.791561 0.007789 0.012550
0 0.480229 0.205814 0.006678 0.011224
0 0.493897 0.303500 0.007059 0.013847
0 0.510088 0.414947 0.006678 0.011224
0 0.522346 0.513749 0.008899 0.013875
0 0.535165 0.614622 0.007773 0.009279
0 0.550673 0.710532 0.006440 0.012747
0 0.564438 0.816100 0.004950 0.008799
0 0.421584 0.229945 0.008154 0.011902
0 0.434950 0.329169 0.006186 0.010998
0 0.454775 0.440347 0.007170 0.011450
0 0.469134 0.540979 0.004458 0.008573
0 0.482865 0.639104 0.005440 0.009024
0 0.494567 0.737694 0.005568 0.009898
0 0.510908 0.841146 0.003839 0.007473
0 0.364557 0.257996 0.006678 0.011224
0 0.376116 0.351989 0.009026 0.014750
0 0.399842 0.468368 0.008424 0.016921
0 0.417698 0.565997 0.005093 0.012944
0 0.428352 0.664601 0.008297 0.016047
0 0.440728 0.762416 0.012247 0.021124
0 0.454794 0.866447 0.007424 0.013198
0 0.308133 0.282972 0.009390 0.014101
0 0.317448 0.384988 0.014832 0.023127
0 0.343228 0.492033 0.005331 0.011421
0 0.364961 0.589280 0.007789 0.012550
0 0.377146 0.685783 0.008408 0.013650
0 0.385771 0.784854 0.007297 0.012324
0 0.398251 0.892410 0.006694 0.014495
