0 0.313021 0.911574 0.005208 0.008333
0 0.312500 0.811111 0.004167 0.012963
0 0.311719 0.709722 0.004687 0.012037
0 0.313021 0.603704 0.005208 0.012963
0 0.315365 0.502778 0.004687 0.009259
0 0.316146 0.397685 0.004167 0.008333
0 0.320573 0.294444 0.005729 0.009259
0 0.371354 0.919444 0.005208 0.009259
0 0.370312 0.813889 0.005208 0.007407
0 0.371354 0.712963 0.002083 0.009259
0 0.372917 0.606481 0.003125 0.007407
0 0.372917 0.506481 0.003125 0.005556
0 0.375000 0.398611 0.004167 0.008333
0 0.375781 0.297685 0.006771 0.006481
0 0.431510 0.896296 0.004687 0.005556
0 0.432031 0.803241 0.004687 0.006481
0 0.433854 0.708333 0.003125 0.009259
0 0.433594 0.611111 0.003646 0.009259
0 0.436979 0.513426 0.004167 0.008333
0 0.437760 0.415741 0.004687 0.007407
0 0.438802 0.322222 0.003646 0.009259
0 0.487240 0.878241 0.005729 0.004630
0 0.536458 0.875463 0.005208 0.010185
0 0.585417 0.878704 0.006250 0.011111
0 0.635417 0.878704 0.004167 0.009259
0 0.490104 0.788889 0.005208 0.011111
0 0.538281 0.789352 0.004687 0.006481
0 0.586198 0.790278 0.004687 0.010185
0 0.637500 0.791667 0.004167 0.009259
0 0.490885 0.700463 0.002604 0.006481
0 0.491927 0.608333 0.001563 0.007407
0 0.493750 0.521759 0.002083 0.008333
0 0.495312 0.432870 0.002083 0.006481
0 0.495573 0.341204 0.003646 0.008333
0 0.539323 0.701852 0.009896 0.014815
0 0.540365 0.611574 0.003646 0.008333
0 0.589323 0.705093 0.006771 0.012037
0 0.637500 0.704167 0.005208 0.010185
0 0.589323 0.615278 0.003646 0.010185
0 0.639583 0.615278 0.003125 0.008333
0 0.541667 0.524537 0.005208 0.006481
0 0.591406 0.527778 0.005729 0.009259
0 0.642969 0.531481 0.006771 0.011111
0 0.542448 0.435185 0.002604 0.007407
0 0.542188 0.345833 0.005208 0.010185
0 0.592969 0.437963 0.004687 0.009259
0 0.593750 0.349074 0.004167 0.011111
0 0.645573 0.438426 0.003646 0.010185
0 0.645052 0.349074 0.004687 0.007407
