0 0.639266 0.159913 0.006193 0.013325
0 0.580035 0.178746 0.006627 0.012553
0 0.669160 0.562088 0.013044 0.017017
0 0.688236 0.751717 0.007061 0.011782
0 0.679855 0.656581 0.011339 0.014757
0 0.621272 0.775516 0.013961 0.021734
0 0.613583 0.679249 0.011227 0.019188
0 0.558766 0.775111 0.007111 0.018042
0 0.509631 0.779888 0.009733 0.025018
0 0.467782 0.783573 0.005759 0.014096
0 0.422708 0.789562 0.010713 0.019045
0 0.381295 0.807184 0.008927 0.015871
0 0.551665 0.688522 0.005517 0.011352
0 0.501179 0.689926 0.011227 0.019188
0 0.460160 0.706033 0.007303 0.014526
0 0.418263 0.718166 0.009088 0.017700
0 0.373304 0.734432 0.007737 0.013754
0 0.493598 0.612842 0.005709 0.007835
0 0.454066 0.630878 0.005951 0.010580
0 0.412316 0.647656 0.009441 0.016014
0 0.365677 0.665796 0.015505 0.022164
0 0.449749 0.551948 0.010793 0.019960
0 0.406182 0.572044 0.010390 0.015386
0 0.360566 0.598802 0.006274 0.014239
0 0.489147 0.550351 0.012851 0.020533
0 0.534812 0.607928 0.010310 0.014471
0 0.533790 0.521521 0.007657 0.012840
0 0.608457 0.576178 0.008413 0.015728
0 0.599869 0.487659 0.008927 0.015871
0 0.660336 0.461920 0.007818 0.014669
0 0.652565 0.364739 0.006112 0.012410
0 0.593158 0.384559 0.010793 0.019960
0 0.649039 0.258879 0.010874 0.020875
0 0.587719 0.283917 0.009088 0.017700
0 0.321419 0.283083 0.008059 0.017414
0 0.363436 0.272322 0.009925 0.021502
0 0.416473 0.243029 0.012256 0.019475
0 0.468611 0.221484 0.008413 0.015728
0 0.522278 0.202324 0.009522 0.016929
0 0.532912 0.308080 0.005436 0.010437
0 0.477767 0.331400 0.007222 0.013611
0 0.426571 0.360650 0.008735 0.019387
0 0.377431 0.374331 0.007898 0.015584
0 0.327878 0.416243 0.009956 0.016157
0 0.534005 0.428208 0.005678 0.013181
0 0.488469 0.455881 0.007576 0.011925
0 0.439570 0.472308 0.007384 0.015441
0 0.391936 0.500096 0.006112 0.012410
0 0.341431 0.528215 0.006788 0.014383
