0 0.622917 0.168519 0.00625 0.0111111 0.26763
0 0.627083 0.435185 0.00520833 0.00925926 0.363083
0 0.582031 0.258796 0.00677083 0.012037 0.36309
0 0.364323 0.749074 0.0109375 0.0148148 0.405131
0 0.672135 0.168519 0.00677083 0.0111111 0.415006
0 0.673958 0.257407 0.00625 0.0111111 0.434903
0 0.582552 0.169444 0.00677083 0.0111111 0.439657
0 0.584635 0.436574 0.00677083 0.0101852 0.454554
0 0.53724 0.347222 0.0078125 0.0111111 0.479392
0 0.63151 0.520833 0.00677083 0.0101852 0.501802
0 0.429427 0.139352 0.0078125 0.012037 0.515081
0 0.677865 0.43287 0.00677083 0.0101852 0.518002
0 0.536979 0.263889 0.00833333 0.0111111 0.527537
0 0.54349 0.172685 0.00677083 0.012037 0.530087
0 0.632292 0.616667 0.00729167 0.0111111 0.54582
0 0.586979 0.526852 0.00833333 0.012963 0.550118
0 0.360156 0.647685 0.0078125 0.012037 0.560128
0 0.586979 0.617593 0.00833333 0.012963 0.572436
0 0.541146 0.437963 0.00729167 0.0111111 0.574444
0 0.679167 0.523611 0.00833333 0.012037 0.580441
0 0.683594 0.617593 0.00989583 0.012963 0.587508
0 0.632812 0.706481 0.00729167 0.012963 0.612053
0 0.677083 0.346759 0.009375 0.0138889 0.613337
0 0.541667 0.528704 0.00833333 0.012963 0.614798
0 0.359115 0.546296 0.00989583 0.012963 0.628587
0 0.545833 0.618056 0.009375 0.0138889 0.639071
0 0.483073 0.343519 0.0078125 0.0111111 0.644364
0 0.357031 0.146759 0.00885417 0.0157407 0.645785
0 0.358073 0.349074 0.00989583 0.012963 0.655513
0 0.681771 0.706944 0.009375 0.0138889 0.655814
0 0.492448 0.153704 0.0078125 0.012963 0.664053
0 0.590104 0.711111 0.00833333 0.0148148 0.6645
0 0.484375 0.241667 0.009375 0.012963 0.665599
0 0.425521 0.239352 0.009375 0.012037 0.672915
0 0.358073 0.242593 0.0109375 0.012963 0.681884
0 0.438281 0.743981 0.0130208 0.0157407 0.686325
0 0.507031 0.724074 0.0078125 0.012963 0.698434
0 0.35599 0.449074 0.0109375 0.012963 0.702911
0 0.428646 0.444907 0.009375 0.012037 0.704597
0 0.426562 0.340741 0.009375 0.012963 0.704779
0 0.485677 0.44213 0.00885417 0.012037 0.705411
0 0.49375 0.634259 0.009375 0.012963 0.7109
0 0.492708 0.536574 0.009375 0.0138889 0.722652
0 0.435156 0.646759 0.00885417 0.012037 0.734536
0 0.43151 0.541667 0.0109375 0.012963 0.736149
