0 0.542969 0.943056 0.00677083 0.0101852 0.362511
0 0.60599 0.851389 0.00677083 0.012037 0.383025
0 0.660937 0.980556 0.00625 0.0111111 0.38819
0 0.546875 0.83287 0.00729167 0.012037 0.422787
0 0.491146 0.815741 0.00729167 0.0111111 0.451655
0 0.666927 0.769907 0.00677083 0.012037 0.46087
0 0.484896 0.921759 0.00729167 0.0101852 0.519797
0 0.609896 0.750463 0.00729167 0.012037 0.554495
0 0.663542 0.873611 0.00729167 0.012037 0.567947
0 0.555469 0.525463 0.00677083 0.012037 0.593388
0 0.66849 0.671759 0.0078125 0.0138889 0.61483
0 0.745052 0.3625 0.0078125 0.0101852 0.615484
0 0.615365 0.543981 0.00677083 0.012037 0.627053
0 0.5 0.282407 0.00833333 0.0111111 0.631595
0 0.6125 0.647685 0.00833333 0.0138889 0.63222
0 0.496354 0.716204 0.00729167 0.012037 0.650616
0 0.426562 0.903704 0.00833333 0.012963 0.651204
0 0.496615 0.503241 0.0078125 0.012037 0.655276
0 0.555729 0.633333 0.00729167 0.0148148 0.670195
0 0.673177 0.562963 0.0078125 0.0148148 0.67794
0 0.560417 0.303704 0.00729167 0.0111111 0.680079
0 0.500781 0.616204 0.0078125 0.0138889 0.684406
0 0.68151 0.446296 0.0078125 0.012963 0.685503
0 0.777865 0.909259 0.0078125 0.012963 0.687711
0 0.722917 0.789352 0.00729167 0.0138889 0.688161
0 0.555469 0.406481 0.0078125 0.012963 0.691395
0 0.552344 0.73287 0.0078125 0.0138889 0.697855
0 0.684375 0.343981 0.00833333 0.012037 0.701854
0 0.622396 0.324074 0.00833333 0.012963 0.70244
0 0.778906 0.706944 0.0078125 0.0138889 0.703514
0 0.61875 0.427315 0.00729167 0.0138889 0.707042
0 0.791927 0.603704 0.0078125 0.012963 0.709398
0 0.731771 0.585648 0.00729167 0.0138889 0.713803
0 0.495573 0.383333 0.00989583 0.012963 0.714332
0 0.721615 0.891204 0.00885417 0.0157407 0.715755
0 0.432031 0.797222 0.0078125 0.012963 0.724604
0 0.438021 0.696759 0.00729167 0.0138889 0.725094
0 0.723177 0.689352 0.0078125 0.0138889 0.725689
0 0.804688 0.381944 0.0104167 0.012037 0.741168
0 0.777865 0.805093 0.00885417 0.0138889 0.743437
0 0.439844 0.267593 0.00989583 0.012963 0.746872
0 0.44349 0.597222 0.0078125 0.0148148 0.754144
0 0.74375 0.464815 0.0104167 0.0148148 0.758831
0 0.43724 0.483333 0.0078125 0.0148148 0.775447
0 0.434375 0.366204 0.00833333 0.0138889 0.792713
0 0.805208 0.488426 0.0145833 0.0212963 0.870121
