0 0.546615 0.540278 0.00572917 0.0101852 0.265667
0 0.444792 0.449074 0.00625 0.0111111 0.265728
0 0.595312 0.368056 0.00625 0.0101852 0.266474
0 0.595052 0.710648 0.00572917 0.0101852 0.279446
0 0.452083 0.79537 0.00625 0.00925926 0.28559
0 0.497656 0.284259 0.00677083 0.0111111 0.287738
0 0.446354 0.264815 0.00729167 0.0111111 0.301508
0 0.644271 0.626852 0.00625 0.0111111 0.340078
0 0.40625 0.79213 0.00625 0.0101852 0.346196
0 0.644792 0.714352 0.00625 0.0101852 0.351435
0 0.359635 0.79213 0.00572917 0.0101852 0.367491
0 0.392188 0.450926 0.00625 0.0111111 0.387701
0 0.342969 0.45 0.00572917 0.0111111 0.387815
0 0.384896 0.344907 0.00625 0.0101852 0.415973
0 0.643229 0.368981 0.00625 0.0101852 0.419052
0 0.595573 0.796759 0.00677083 0.012037 0.430522
0 0.644531 0.541204 0.00677083 0.012037 0.436032
0 0.358854 0.70787 0.00625 0.0101852 0.445217
0 0.642708 0.456944 0.00625 0.0101852 0.448531
0 0.358854 0.546296 0.00729167 0.0148148 0.474876
0 0.332031 0.348611 0.00677083 0.012037 0.477051
0 0.358854 0.625926 0.00833333 0.012963 0.47814
0 0.546094 0.283333 0.00677083 0.0111111 0.502459
0 0.595833 0.538889 0.00833333 0.0111111 0.517355
0 0.595052 0.28287 0.00677083 0.012037 0.544591
0 0.385938 0.250463 0.00729167 0.012037 0.621567
0 0.33151 0.250926 0.00677083 0.0111111 0.625742
0 0.642969 0.282407 0.0078125 0.012963 0.631797
