0 0.475 0.931019 0.009375 0.012037 0.363405
0 0.684635 0.731019 0.00677083 0.0101852 0.53783
0 0.521094 0.638889 0.0078125 0.012963 0.561381
0 0.460417 0.636574 0.00833333 0.0138889 0.606253
0 0.558333 0.443519 0.00729167 0.0111111 0.607697
0 0.615885 0.44537 0.00677083 0.012963 0.620771
0 0.471354 0.838889 0.0114583 0.0148148 0.628111
0 0.492708 0.32963 0.00729167 0.012963 0.628959
0 0.727344 0.733333 0.00885417 0.012963 0.634981
0 0.467969 0.735648 0.0130208 0.0157407 0.642427
0 0.538542 0.831944 0.0104167 0.0157407 0.64411
0 0.724219 0.582407 0.00677083 0.012963 0.647433
0 0.590625 0.651389 0.00729167 0.012037 0.650959
0 0.690625 0.808333 0.00625 0.012963 0.651225
0 0.576042 0.560648 0.00625 0.012037 0.660682
0 0.432552 0.334722 0.00677083 0.012037 0.668904
0 0.452083 0.539352 0.00729167 0.0138889 0.672217
0 0.721354 0.65787 0.00729167 0.012037 0.672375
0 0.771615 0.478704 0.00885417 0.0148148 0.68278
0 0.717969 0.454167 0.00677083 0.0138889 0.684679
0 0.778646 0.806481 0.00833333 0.012963 0.685801
0 0.603125 0.736111 0.009375 0.012963 0.695842
0 0.776823 0.593056 0.0078125 0.0138889 0.702835
0 0.695312 0.886111 0.00625 0.0148148 0.702961
0 0.624479 0.572222 0.00625 0.012963 0.703635
0 0.501562 0.438426 0.00833333 0.0157407 0.705334
0 0.782292 0.880556 0.00833333 0.0148148 0.721865
0 0.527865 0.730556 0.00885417 0.0148148 0.722757
0 0.715365 0.346759 0.00885417 0.0194444 0.724366
0 0.551823 0.333796 0.0078125 0.0157407 0.724691
0 0.439844 0.434722 0.00989583 0.0194444 0.736996
0 0.758333 0.343981 0.00729167 0.0157407 0.742464
0 0.733333 0.803704 0.00729167 0.0166667 0.745722
0 0.668229 0.456944 0.00833333 0.0175926 0.746868
0 0.673177 0.571296 0.0078125 0.012963 0.750932
0 0.738281 0.876852 0.00885417 0.0185185 0.760519
0 0.59974 0.823148 0.00677083 0.0148148 0.765471
0 0.546354 0.932407 0.009375 0.0185185 0.771024
0 0.638542 0.6625 0.0125 0.0175926 0.777341
0 0.648177 0.806944 0.00885417 0.0157407 0.779472
0 0.51224 0.537963 0.00989583 0.0185185 0.79226
0 0.677083 0.653241 0.009375 0.0175926 0.79427
0 0.607031 0.335648 0.0078125 0.0157407 0.804182
0 0.653906 0.898611 0.00885417 0.0194444 0.81786
0 0.661458 0.3375 0.009375 0.0194444 0.818938
0 0.77474 0.736574 0.0140625 0.0194444 0.824644
0 0.60651 0.910185 0.0078125 0.0203704 0.826211
