0 0.670573 0.828704 0.00989583 0.0148148 0.250024
0 0.604427 0.560185 0.00885417 0.0148148 0.251177
0 0.798437 0.652315 0.00729167 0.012037 0.251806
0 0.746094 0.562037 0.00677083 0.0111111 0.253924
0 0.752865 0.742593 0.00677083 0.0111111 0.256025
0 0.796615 0.561574 0.00677083 0.012037 0.266163
0 0.60026 0.362963 0.00885417 0.0148148 0.270063
0 0.652604 0.385185 0.00729167 0.012963 0.278463
0 0.711979 0.834259 0.009375 0.0148148 0.283642
0 0.473698 0.25463 0.0078125 0.012963 0.289187
0 0.755208 0.831481 0.00729167 0.0111111 0.290522
0 0.60026 0.461574 0.0078125 0.0138889 0.294187
0 0.698698 0.294444 0.00677083 0.012963 0.29642
0 0.544271 0.251389 0.00729167 0.012037 0.299384
0 0.658073 0.294907 0.00677083 0.012037 0.304975
0 0.794792 0.475926 0.00729167 0.012963 0.305819
0 0.803385 0.837037 0.00885417 0.0148148 0.310376
0 0.60651 0.270833 0.0078125 0.0138889 0.33163
0 0.803385 0.747685 0.00989583 0.0138889 0.339537
0 0.54349 0.453704 0.0078125 0.012963 0.342217
0 0.47474 0.557407 0.0078125 0.012963 0.354974
0 0.476823 0.456481 0.0078125 0.012963 0.359896
0 0.475 0.352778 0.0104167 0.0148148 0.360118
0 0.479167 0.655093 0.00833333 0.0138889 0.371955
0 0.55651 0.760185 0.0078125 0.012963 0.375634
0 0.541927 0.356481 0.0078125 0.012963 0.384474
0 0.482031 0.757407 0.00677083 0.012963 0.388665
0 0.629687 0.842593 0.00833333 0.0148148 0.388781
0 0.547396 0.558796 0.00833333 0.0138889 0.392989
0 0.486198 0.857407 0.0119792 0.0166667 0.442751
0 0.560677 0.859259 0.0119792 0.0166667 0.468911
