0 0.504427 0.767593 0.00989583 0.0166667 0.355397
0 0.460938 0.500926 0.0135417 0.0222222 0.385756
0 0.676823 0.560185 0.00677083 0.0111111 0.404416
0 0.728385 0.631481 0.00677083 0.0111111 0.406469
0 0.640104 0.651389 0.00729167 0.012037 0.438357
0 0.685417 0.640278 0.00729167 0.012037 0.445839
0 0.736719 0.71713 0.00677083 0.012037 0.475146
0 0.691406 0.725926 0.0078125 0.012963 0.480263
0 0.510938 0.486111 0.009375 0.0166667 0.482974
0 0.669531 0.471759 0.00677083 0.012037 0.4956
0 0.745833 0.805556 0.00729167 0.012963 0.510156
0 0.69974 0.809259 0.0078125 0.012963 0.51748
0 0.798958 0.87963 0.00729167 0.012963 0.518069
0 0.661979 0.901852 0.00729167 0.012963 0.525026
0 0.713281 0.458796 0.00677083 0.012037 0.52604
0 0.599479 0.750926 0.009375 0.0148148 0.532418
0 0.55625 0.835648 0.00729167 0.012037 0.539532
0 0.707812 0.894907 0.00729167 0.0138889 0.542849
0 0.653646 0.819444 0.00833333 0.0148148 0.543088
0 0.591146 0.670833 0.00729167 0.012037 0.556572
0 0.613021 0.9125 0.00729167 0.0138889 0.565305
0 0.76276 0.452315 0.00677083 0.012037 0.570186
0 0.63125 0.568519 0.00729167 0.012963 0.571938
0 0.722396 0.55 0.00833333 0.012963 0.577117
0 0.754427 0.888426 0.0078125 0.012037 0.581399
0 0.776823 0.625 0.0078125 0.012963 0.586929
0 0.54974 0.756481 0.0078125 0.0148148 0.588127
0 0.577604 0.573148 0.00729167 0.012963 0.594122
0 0.511719 0.843056 0.00885417 0.0157407 0.595706
0 0.623698 0.483796 0.0078125 0.0138889 0.612618
0 0.794531 0.807407 0.0078125 0.0148148 0.615794
0 0.517187 0.914815 0.00729167 0.012963 0.626108
0 0.564323 0.913426 0.0078125 0.0138889 0.628406
0 0.70651 0.372685 0.0078125 0.0157407 0.633417
0 0.447396 0.388426 0.00833333 0.0157407 0.646214
0 0.752865 0.369444 0.0078125 0.0148148 0.657257
0 0.645052 0.739352 0.00989583 0.0138889 0.6579
0 0.607813 0.832407 0.009375 0.0166667 0.660775
0 0.770052 0.541204 0.00989583 0.0157407 0.690761
0 0.785417 0.715741 0.009375 0.0148148 0.693727
0 0.661198 0.376852 0.0078125 0.0166667 0.704283
0 0.617708 0.391667 0.00833333 0.0185185 0.738833
0 0.510156 0.380093 0.00885417 0.0175926 0.740431
0 0.541927 0.678241 0.00989583 0.0194444 0.74655
0 0.552865 0.414815 0.0109375 0.0203704 0.764914
