0 0.628906 0.703704 0.00677083 0.012963 0.251707
0 0.597656 0.354167 0.0140625 0.025 0.256433
0 0.540625 0.361574 0.009375 0.0175926 0.25785
0 0.589063 0.462037 0.00729167 0.012963 0.265818
0 0.582031 0.550463 0.0078125 0.012037 0.26606
0 0.629427 0.630093 0.00677083 0.0138889 0.297983
0 0.628646 0.782407 0.00833333 0.012963 0.304818
0 0.541667 0.241667 0.00833333 0.0185185 0.308244
0 0.648958 0.353241 0.0104167 0.0212963 0.32244
0 0.648698 0.246759 0.0078125 0.0157407 0.352148
0 0.63724 0.470833 0.00677083 0.0138889 0.352577
0 0.628385 0.558796 0.00885417 0.0157407 0.36012
0 0.597917 0.243981 0.009375 0.0194444 0.393513
0 0.38724 0.354167 0.0182292 0.025 0.414829
