0 0.563281 0.747685 0.0078125 0.0101852 0.560306
0 0.428906 0.356019 0.0078125 0.0138889 0.575077
0 0.608854 0.663426 0.009375 0.012037 0.579087
0 0.515885 0.755093 0.0078125 0.012037 0.609522
0 0.461198 0.678704 0.0078125 0.012963 0.630254
0 0.545313 0.471759 0.0135417 0.0194444 0.639704
0 0.485417 0.356019 0.00729167 0.0138889 0.647152
0 0.75625 0.356481 0.00833333 0.0148148 0.65967
0 0.657552 0.477778 0.0078125 0.0148148 0.659745
0 0.511198 0.671759 0.0078125 0.012037 0.666162
0 0.520573 0.82963 0.0109375 0.0166667 0.668273
0 0.496354 0.575463 0.00729167 0.0138889 0.679066
0 0.541146 0.356481 0.00729167 0.012963 0.680249
0 0.568229 0.826389 0.0104167 0.0138889 0.680686
0 0.552604 0.580556 0.00729167 0.012963 0.681169
0 0.711719 0.899074 0.0078125 0.012963 0.686002
0 0.521094 0.90787 0.0078125 0.0138889 0.699238
0 0.707552 0.356944 0.00885417 0.0175926 0.708927
0 0.616927 0.825 0.00885417 0.0111111 0.711354
0 0.703646 0.665278 0.00729167 0.012037 0.711583
0 0.707552 0.577315 0.00677083 0.012037 0.715158
0 0.61875 0.905093 0.00833333 0.012037 0.715381
0 0.665625 0.901852 0.00833333 0.012963 0.716533
0 0.657031 0.576852 0.0078125 0.012963 0.716897
0 0.599219 0.472685 0.00989583 0.0157407 0.716908
0 0.488281 0.469907 0.0182292 0.0231481 0.720381
0 0.464844 0.756944 0.00885417 0.0138889 0.721574
0 0.560156 0.668519 0.00885417 0.012963 0.722489
0 0.471354 0.910185 0.00833333 0.012963 0.722568
0 0.710156 0.819907 0.0078125 0.012037 0.727091
0 0.707552 0.74213 0.0078125 0.012037 0.729817
0 0.56849 0.906944 0.0078125 0.0138889 0.730115
0 0.759115 0.896296 0.0078125 0.012963 0.736984
0 0.46849 0.83287 0.0078125 0.0138889 0.739317
0 0.753385 0.742593 0.00885417 0.0148148 0.745151
0 0.75599 0.818056 0.0078125 0.0138889 0.746743
0 0.604948 0.580556 0.0078125 0.0148148 0.748448
0 0.663802 0.821759 0.00885417 0.012037 0.749422
0 0.596615 0.355556 0.00885417 0.0203704 0.753235
0 0.750781 0.672685 0.0078125 0.0157407 0.758034
0 0.613021 0.746759 0.0114583 0.0138889 0.758128
0 0.660937 0.743056 0.0114583 0.0138889 0.773949
0 0.755729 0.583333 0.00833333 0.0166667 0.788472
0 0.446875 0.57963 0.0104167 0.0185185 0.797272
0 0.657552 0.664815 0.0109375 0.0148148 0.799437
0 0.651563 0.359722 0.00833333 0.0194444 0.80071
0 0.763021 0.465741 0.009375 0.0185185 0.81144
0 0.432031 0.46713 0.0109375 0.0194444 0.830399
0 0.710156 0.468519 0.0130208 0.0240741 0.849918
