0 0.643229 0.714815 0.00625 0.0111111 0.251235
0 0.594271 0.282407 0.00833333 0.0148148 0.258015
0 0.359635 0.790741 0.00572917 0.0111111 0.259576
0 0.330729 0.347222 0.00729167 0.012963 0.259842
0 0.405208 0.79213 0.00625 0.012037 0.260625
0 0.391667 0.449537 0.00625 0.012037 0.262552
0 0.642187 0.368056 0.00625 0.012037 0.262602
0 0.594531 0.537963 0.00677083 0.0111111 0.26837
0 0.358594 0.625 0.0078125 0.012963 0.268888
0 0.642187 0.455093 0.00625 0.012037 0.269268
0 0.342187 0.449074 0.00729167 0.012963 0.273368
0 0.546094 0.793981 0.00677083 0.012037 0.285043
0 0.329948 0.250926 0.00677083 0.012963 0.285325
0 0.499479 0.79537 0.00625 0.012963 0.30019
0 0.384375 0.343981 0.00729167 0.012037 0.30844
0 0.546354 0.711574 0.00625 0.012037 0.317976
0 0.594531 0.710648 0.00572917 0.012037 0.319126
0 0.642187 0.281481 0.00833333 0.0148148 0.328708
0 0.385156 0.250926 0.0078125 0.012963 0.336063
0 0.595312 0.796296 0.00729167 0.012963 0.374485
