0 0.658073 0.840741 0.00572917 0.00925926 0.252714
0 0.627604 0.404167 0.00729167 0.012037 0.296841
0 0.521875 0.636111 0.00625 0.0111111 0.310705
0 0.702865 0.937963 0.00572917 0.0111111 0.327443
0 0.514063 0.800926 0.00625 0.0111111 0.336433
0 0.566667 0.729167 0.00729167 0.012037 0.34297
0 0.561719 0.814815 0.00572917 0.0111111 0.350313
0 0.674219 0.414815 0.00677083 0.0111111 0.355617
0 0.653646 0.922222 0.00625 0.0111111 0.366737
0 0.567187 0.550926 0.00625 0.0111111 0.377513
0 0.5125 0.884722 0.00625 0.012037 0.413491
0 0.467708 0.873148 0.00625 0.0111111 0.4157
0 0.519792 0.71713 0.00729167 0.012037 0.420888
0 0.751042 0.953241 0.00729167 0.012037 0.425904
0 0.558333 0.897222 0.00625 0.0111111 0.426227
0 0.609896 0.825926 0.00625 0.0111111 0.431178
0 0.477344 0.625463 0.0078125 0.0138889 0.441212
0 0.70625 0.851852 0.00625 0.0111111 0.450723
0 0.576302 0.371296 0.0078125 0.0111111 0.462501
0 0.571875 0.459722 0.00833333 0.012037 0.503412
0 0.607292 0.911111 0.00625 0.0111111 0.504104
0 0.76901 0.525463 0.0078125 0.012037 0.508813
0 0.716406 0.598611 0.00677083 0.012037 0.518318
0 0.713281 0.681019 0.0078125 0.012037 0.542455
0 0.754427 0.868519 0.00677083 0.0111111 0.542604
0 0.723698 0.427315 0.0078125 0.012037 0.577467
0 0.473177 0.70463 0.0078125 0.012963 0.603217
0 0.709375 0.768056 0.00729167 0.012037 0.605724
0 0.765365 0.6125 0.00677083 0.012037 0.613951
0 0.514583 0.540741 0.00729167 0.012963 0.630691
0 0.470052 0.787037 0.0078125 0.012963 0.631711
0 0.511719 0.433796 0.0078125 0.012037 0.636022
0 0.761979 0.694444 0.00729167 0.012963 0.646032
0 0.758333 0.781018 0.00833333 0.012037 0.675393
0 0.517708 0.341204 0.00833333 0.012037 0.68803
0 0.465104 0.527315 0.00833333 0.0138889 0.701209
0 0.458333 0.423148 0.00833333 0.012963 0.721125
0 0.772396 0.440741 0.00833333 0.012963 0.728929
0 0.46224 0.328704 0.0078125 0.012963 0.769711
