0 0.495573 0.634259 0.00677083 0.0111111 0.254127
0 0.379687 0.738889 0.00625 0.0111111 0.46541
0 0.55026 0.534722 0.00677083 0.012037 0.470423
0 0.553906 0.848611 0.00572917 0.0101852 0.472897
0 0.496354 0.85 0.00625 0.0111111 0.532903
0 0.553125 0.739352 0.00625 0.012037 0.540583
0 0.496354 0.737963 0.00729167 0.0111111 0.56235
0 0.551302 0.426389 0.00677083 0.012037 0.563047
0 0.613802 0.202315 0.00677083 0.0101852 0.565592
0 0.433854 0.426389 0.00729167 0.012037 0.565603
0 0.438021 0.534722 0.00625 0.012037 0.567815
0 0.382292 0.6375 0.00625 0.012037 0.569865
0 0.492188 0.203241 0.00729167 0.0101852 0.58519
0 0.552865 0.203241 0.00677083 0.0101852 0.585247
0 0.49349 0.425926 0.00677083 0.012963 0.594154
0 0.429688 0.202315 0.00729167 0.0101852 0.597614
0 0.49401 0.531018 0.0078125 0.012037 0.605691
0 0.377865 0.848148 0.00677083 0.0111111 0.612577
0 0.373958 0.422685 0.00729167 0.012037 0.621268
0 0.438021 0.634722 0.00729167 0.012037 0.624537
0 0.554688 0.306481 0.00729167 0.0111111 0.63209
0 0.369792 0.203704 0.00729167 0.0111111 0.633416
0 0.616146 0.303241 0.00833333 0.012037 0.636756
0 0.436979 0.736574 0.00833333 0.012037 0.649591
0 0.368229 0.305093 0.00729167 0.0101852 0.653682
0 0.323438 0.637037 0.00625 0.0111111 0.662657
0 0.610156 0.427778 0.00677083 0.012963 0.664054
0 0.382812 0.535648 0.00729167 0.012037 0.664688
0 0.428906 0.306944 0.0078125 0.012037 0.665127
0 0.669271 0.738426 0.00729167 0.012037 0.665526
0 0.670052 0.425926 0.00677083 0.0111111 0.667437
0 0.492969 0.307407 0.00677083 0.0111111 0.672891
0 0.661719 0.534259 0.00677083 0.0111111 0.677254
0 0.605469 0.535185 0.00677083 0.012963 0.677412
0 0.6125 0.848611 0.00729167 0.012037 0.688235
0 0.315365 0.423148 0.00677083 0.012963 0.690614
0 0.436719 0.849537 0.0078125 0.012037 0.69414
0 0.664323 0.633333 0.00885417 0.012963 0.699501
0 0.609375 0.635648 0.00729167 0.0138889 0.716694
0 0.673698 0.203241 0.0078125 0.012037 0.717261
0 0.325521 0.536574 0.00729167 0.0138889 0.720533
0 0.671615 0.848148 0.0078125 0.012963 0.723225
0 0.308594 0.208333 0.0078125 0.0111111 0.737145
0 0.307292 0.306944 0.00729167 0.012037 0.75048
0 0.320312 0.85 0.00833333 0.012963 0.750984
0 0.321875 0.739815 0.00833333 0.012963 0.757519
0 0.611458 0.737963 0.0114583 0.0185185 0.826177
0 0.678646 0.308796 0.0135417 0.0194444 0.831029
