0 0.679167 0.725926 0.00625 0.0111111 0.27765
0 0.465885 0.993981 0.0078125 0.012037 0.436617
0 0.522396 0.74213 0.00833333 0.0138889 0.53665
0 0.721875 0.722685 0.00729167 0.012037 0.603583
0 0.460156 0.656018 0.0078125 0.012037 0.620331
0 0.770573 0.788426 0.0078125 0.0138889 0.637554
0 0.519792 0.651852 0.00833333 0.012963 0.649211
0 0.766406 0.652315 0.00677083 0.012037 0.653842
0 0.726562 0.443981 0.00729167 0.0157407 0.657228
0 0.566667 0.448148 0.00729167 0.012963 0.66473
0 0.597656 0.740278 0.0078125 0.012037 0.670753
0 0.461198 0.753241 0.0130208 0.0157407 0.67762
0 0.453646 0.55787 0.00729167 0.0138889 0.683159
0 0.68125 0.800463 0.00625 0.0138889 0.689579
0 0.726302 0.569907 0.00677083 0.012037 0.6902
0 0.589844 0.65463 0.0078125 0.012963 0.694316
0 0.778646 0.575926 0.00729167 0.012963 0.695376
0 0.525521 0.844907 0.009375 0.0157407 0.69795
0 0.720573 0.645833 0.0078125 0.012037 0.705848
0 0.445312 0.35463 0.00729167 0.012963 0.705909
0 0.460677 0.852315 0.0119792 0.0157407 0.707941
0 0.724219 0.793981 0.0078125 0.0157407 0.712691
0 0.578385 0.565278 0.00677083 0.012037 0.718899
0 0.622917 0.444907 0.00625 0.0138889 0.722117
0 0.627344 0.571759 0.00677083 0.0138889 0.72566
0 0.770573 0.328241 0.0078125 0.0157407 0.741893
0 0.589844 0.826389 0.0078125 0.0138889 0.74704
0 0.676562 0.564815 0.00729167 0.0148148 0.753974
0 0.778646 0.458796 0.009375 0.0157407 0.754552
0 0.683333 0.878704 0.00729167 0.0148148 0.756002
0 0.506771 0.346296 0.00833333 0.0148148 0.759642
0 0.771094 0.860185 0.00989583 0.0166667 0.769506
0 0.729167 0.336111 0.009375 0.0203704 0.780972
0 0.565625 0.340741 0.00833333 0.0166667 0.781023
0 0.509375 0.450926 0.00833333 0.0166667 0.78113
0 0.531771 0.942593 0.0104167 0.0166667 0.781972
0 0.591927 0.912037 0.00677083 0.0185185 0.793071
0 0.677083 0.450463 0.00833333 0.0194444 0.794471
0 0.640365 0.805556 0.00885417 0.0185185 0.795685
0 0.727083 0.864815 0.009375 0.0185185 0.796077
0 0.635677 0.662963 0.0119792 0.0185185 0.805058
0 0.67526 0.64537 0.00989583 0.0166667 0.809447
0 0.447917 0.455556 0.0104167 0.0203704 0.815607
0 0.515104 0.55 0.009375 0.0185185 0.818453
0 0.621354 0.336111 0.00833333 0.0166667 0.822049
0 0.640885 0.894907 0.00885417 0.0212963 0.823006
0 0.674479 0.333796 0.0104167 0.0212963 0.82905
0 0.769531 0.718982 0.0130208 0.0194444 0.843069
