0 0.642969 0.368981 0.00572917 0.0101852 0.253555
0 0.445052 0.265278 0.00677083 0.012037 0.26084
0 0.546354 0.369444 0.00625 0.0111111 0.290828
0 0.40625 0.791204 0.00625 0.0101852 0.300109
0 0.385677 0.343519 0.00572917 0.00925926 0.306726
0 0.595052 0.368056 0.00572917 0.0101852 0.311135
0 0.358594 0.550926 0.00885417 0.0148148 0.314253
0 0.359896 0.790741 0.00520833 0.00925926 0.332383
0 0.595312 0.796296 0.00625 0.0111111 0.359499
0 0.392448 0.450463 0.00572917 0.0101852 0.366119
0 0.359115 0.625 0.00885417 0.012963 0.376586
0 0.595052 0.283333 0.00677083 0.0111111 0.426417
0 0.359115 0.706019 0.00572917 0.0101852 0.43675
0 0.546354 0.283796 0.00729167 0.012037 0.440958
0 0.642187 0.28287 0.00729167 0.012037 0.464703
0 0.342969 0.45 0.00677083 0.0111111 0.507063
0 0.386198 0.250926 0.00677083 0.0111111 0.588413
0 0.332552 0.349074 0.0078125 0.012963 0.597394
0 0.331771 0.250926 0.00729167 0.0111111 0.65026
