0 0.559375 0.342593 0.0104167 0.0185185 0.264245
0 0.52474 0.718518 0.00885417 0.0148148 0.289325
0 0.59375 0.397685 0.0114583 0.0231481 0.403191
0 0.613802 0.372222 0.0109375 0.0203704 0.420103
0 0.651563 0.92037 0.00729167 0.012963 0.43328
0 0.572917 0.735648 0.009375 0.012037 0.467559
0 0.515885 0.796759 0.0078125 0.0138889 0.546823
0 0.741927 0.508333 0.0078125 0.012963 0.557414
0 0.620573 0.744444 0.00885417 0.012963 0.558712
0 0.722917 0.677778 0.00833333 0.012963 0.57168
0 0.640104 0.576389 0.00833333 0.012037 0.575508
0 0.74349 0.943981 0.0078125 0.012037 0.586678
0 0.581771 0.65463 0.009375 0.012963 0.590733
0 0.565625 0.816667 0.009375 0.012963 0.590822
0 0.713802 0.764352 0.00885417 0.0138889 0.596625
0 0.733594 0.597685 0.00885417 0.0138889 0.612035
0 0.697135 0.934259 0.0078125 0.012963 0.617379
0 0.696354 0.501389 0.00833333 0.0138889 0.61866
0 0.604688 0.906944 0.00729167 0.0138889 0.618771
0 0.613542 0.824537 0.00833333 0.012037 0.623938
0 0.790365 0.522222 0.0078125 0.012963 0.624838
0 0.477344 0.711574 0.00989583 0.0175926 0.637153
0 0.649219 0.49213 0.0078125 0.0138889 0.638312
0 0.586458 0.55787 0.00729167 0.012037 0.647167
0 0.668229 0.754167 0.0104167 0.0138889 0.647293
0 0.484115 0.542593 0.0109375 0.0203704 0.656008
0 0.660677 0.835648 0.00885417 0.0138889 0.662569
0 0.704948 0.851852 0.0078125 0.012963 0.663565
0 0.555729 0.896759 0.00833333 0.0138889 0.666666
0 0.751302 0.421759 0.0078125 0.0157407 0.683758
0 0.677865 0.668519 0.0109375 0.0148148 0.685986
0 0.508333 0.876389 0.00833333 0.0138889 0.687976
0 0.633594 0.659722 0.00989583 0.0138889 0.700209
0 0.686198 0.586574 0.00885417 0.0138889 0.701912
0 0.4875 0.6375 0.009375 0.0175926 0.703318
0 0.461979 0.855093 0.009375 0.0157407 0.724541
0 0.533594 0.547685 0.00989583 0.0175926 0.72585
0 0.470573 0.784722 0.00989583 0.0175926 0.726912
0 0.751562 0.873611 0.009375 0.0157407 0.73473
0 0.778646 0.609722 0.0104167 0.0157407 0.748385
0 0.532292 0.641204 0.00833333 0.0157407 0.751169
0 0.771094 0.691204 0.00885417 0.0157407 0.759424
0 0.797396 0.439815 0.00833333 0.0166667 0.770203
0 0.661458 0.402315 0.009375 0.0194444 0.786202
0 0.76224 0.781944 0.0109375 0.0175926 0.793983
0 0.70625 0.408333 0.009375 0.0203704 0.796085
