0 0.676302 0.739352 0.00677083 0.0101852 0.47525
0 0.452344 0.903241 0.00885417 0.0138889 0.480782
0 0.571615 0.438426 0.00677083 0.012037 0.569773
0 0.519531 0.627315 0.0078125 0.0138889 0.589844
0 0.520833 0.716204 0.00833333 0.0138889 0.611125
0 0.71901 0.747685 0.0078125 0.012037 0.616007
0 0.628385 0.444444 0.00677083 0.012963 0.630736
0 0.764323 0.899537 0.0078125 0.0138889 0.655898
0 0.513281 0.314815 0.0078125 0.012963 0.667741
0 0.736198 0.363889 0.00989583 0.0203704 0.678265
0 0.727083 0.596759 0.00729167 0.012037 0.692455
0 0.717969 0.67037 0.00885417 0.012963 0.693537
0 0.457031 0.516204 0.00677083 0.012037 0.695153
0 0.627865 0.572685 0.00677083 0.012037 0.70485
0 0.453646 0.81713 0.0104167 0.0157407 0.709912
0 0.459896 0.614352 0.00833333 0.0138889 0.713136
0 0.779427 0.613889 0.00677083 0.012963 0.713889
0 0.579427 0.554167 0.00677083 0.012037 0.7153
0 0.676823 0.816667 0.00677083 0.012963 0.717405
0 0.765625 0.826852 0.00833333 0.0148148 0.73644
0 0.457031 0.716204 0.0119792 0.0175926 0.738363
0 0.453906 0.309259 0.00677083 0.012963 0.738568
0 0.765625 0.689352 0.00833333 0.0138889 0.741663
0 0.59401 0.733333 0.00885417 0.012963 0.742396
0 0.522917 0.916204 0.009375 0.0175926 0.749518
0 0.676042 0.894907 0.00729167 0.0157407 0.750969
0 0.778125 0.365741 0.00729167 0.0166667 0.75204
0 0.588281 0.646759 0.0078125 0.012037 0.754135
0 0.677083 0.580556 0.00833333 0.0148148 0.758929
0 0.730469 0.470833 0.00677083 0.0157407 0.766477
0 0.782292 0.498611 0.009375 0.0157407 0.767004
0 0.719271 0.82037 0.00729167 0.0166667 0.775391
0 0.520833 0.819907 0.009375 0.0157407 0.777048
0 0.452865 0.4125 0.00989583 0.0194444 0.786587
0 0.514323 0.421759 0.00885417 0.0157407 0.793688
0 0.635156 0.668056 0.0119792 0.0175926 0.794934
0 0.572396 0.327315 0.00833333 0.0157407 0.803373
0 0.584635 0.818981 0.0078125 0.0157407 0.806308
0 0.720052 0.891204 0.00885417 0.0175926 0.80768
0 0.585156 0.906482 0.00677083 0.0185185 0.817323
0 0.517708 0.523611 0.009375 0.0175926 0.818363
0 0.628385 0.336574 0.0078125 0.0157407 0.825613
0 0.673698 0.660648 0.00989583 0.0194444 0.832241
0 0.635156 0.80787 0.00989583 0.0194444 0.835209
0 0.68099 0.346296 0.00989583 0.0203704 0.835509
0 0.633073 0.899074 0.00885417 0.0203704 0.843082
0 0.766667 0.756944 0.0125 0.0194444 0.852148
0 0.680208 0.465278 0.00833333 0.0194444 0.861147
