0 0.589063 0.970833 0.00625 0.0101852 0.255331
0 0.470833 0.979167 0.00625 0.0101852 0.267915
0 0.647135 0.966667 0.00677083 0.0111111 0.291654
0 0.659115 0.754167 0.00572917 0.0101852 0.340245
0 0.694531 0.317593 0.0078125 0.0111111 0.363402
0 0.596354 0.858796 0.00729167 0.012037 0.398406
0 0.538542 0.860648 0.00833333 0.012037 0.447788
0 0.652865 0.85787 0.00677083 0.012037 0.449105
0 0.634115 0.322222 0.0078125 0.0111111 0.458753
0 0.617708 0.547685 0.00729167 0.012037 0.45941
0 0.755729 0.313889 0.00729167 0.0111111 0.465717
0 0.676562 0.543519 0.00729167 0.012963 0.479191
0 0.572656 0.325463 0.0078125 0.0101852 0.499463
0 0.491667 0.764352 0.00625 0.012037 0.500625
0 0.665885 0.653241 0.00677083 0.012037 0.5062
0 0.559375 0.550463 0.00729167 0.012037 0.509869
0 0.705729 0.962963 0.00729167 0.012963 0.514203
0 0.610677 0.651389 0.0078125 0.012037 0.520829
0 0.413542 0.983333 0.00833333 0.012963 0.523725
0 0.554948 0.659259 0.0078125 0.012963 0.534475
0 0.776563 0.646759 0.00625 0.0101852 0.561581
0 0.733594 0.54213 0.0078125 0.0138889 0.569857
0 0.763281 0.961111 0.0078125 0.012963 0.571818
0 0.688542 0.422685 0.00833333 0.012037 0.576202
0 0.49974 0.663426 0.00677083 0.012037 0.577861
0 0.5 0.550926 0.00729167 0.012963 0.583778
0 0.794531 0.536574 0.00677083 0.012037 0.588544
0 0.751042 0.415741 0.009375 0.0148148 0.598797
0 0.432813 0.768056 0.00625 0.012037 0.606215
0 0.563542 0.430556 0.00833333 0.0111111 0.608051
0 0.546875 0.760648 0.00729167 0.012037 0.61139
0 0.626302 0.427778 0.0078125 0.012963 0.612725
0 0.815625 0.3125 0.00833333 0.012037 0.624656
0 0.422917 0.871296 0.00729167 0.012963 0.625058
0 0.502865 0.43287 0.00885417 0.012037 0.628351
0 0.511719 0.327778 0.0078125 0.0111111 0.631295
0 0.721615 0.650463 0.00677083 0.012037 0.632083
0 0.767448 0.849537 0.0078125 0.012037 0.633035
0 0.442708 0.665741 0.00729167 0.012963 0.638711
0 0.452344 0.336574 0.0078125 0.012037 0.642619
0 0.771354 0.746296 0.00833333 0.012963 0.646494
0 0.442187 0.553704 0.00729167 0.012963 0.650705
0 0.716667 0.750926 0.00729167 0.012963 0.665979
0 0.442708 0.4375 0.00833333 0.0138889 0.69917
0 0.711719 0.852315 0.00989583 0.0157407 0.711436
0 0.811979 0.41713 0.0125 0.0194444 0.741276
