0 0.696094 0.816204 0.00677083 0.0101852 0.251904
0 0.477344 0.584722 0.00572917 0.0101852 0.253293
0 0.470573 0.275463 0.00572917 0.0101852 0.254013
0 0.475521 0.478704 0.00625 0.0111111 0.261654
0 0.411719 0.283333 0.00677083 0.0111111 0.265494
0 0.691406 0.5625 0.00572917 0.0101852 0.274218
0 0.643229 0.565741 0.00625 0.0111111 0.278166
0 0.594531 0.57037 0.00677083 0.0111111 0.347377
0 0.479167 0.685185 0.00625 0.0111111 0.359648
0 0.647135 0.737037 0.00677083 0.0111111 0.362399
0 0.592448 0.475463 0.00677083 0.0101852 0.363912
0 0.600521 0.740741 0.00625 0.0111111 0.367956
0 0.645052 0.472685 0.00677083 0.0101852 0.380997
0 0.544271 0.762037 0.00729167 0.0111111 0.394959
0 0.701563 0.364352 0.00833333 0.0101852 0.403247
0 0.646875 0.365741 0.00729167 0.0111111 0.411977
0 0.752604 0.267593 0.00729167 0.0111111 0.414142
0 0.694792 0.730556 0.00729167 0.0111111 0.427462
0 0.416927 0.589352 0.00572917 0.0101852 0.427978
0 0.529427 0.370833 0.00677083 0.0101852 0.442213
0 0.528125 0.270833 0.00625 0.0101852 0.449631
0 0.589063 0.268519 0.00729167 0.0111111 0.451255
0 0.738021 0.640741 0.00729167 0.0111111 0.455579
0 0.471615 0.375926 0.00677083 0.0111111 0.461465
0 0.649479 0.822685 0.00729167 0.012037 0.466825
0 0.738021 0.55787 0.00729167 0.0101852 0.49905
0 0.418229 0.693519 0.00729167 0.0111111 0.502501
0 0.480729 0.790741 0.00729167 0.0111111 0.510718
0 0.740885 0.725 0.0078125 0.0111111 0.515207
0 0.421615 0.79537 0.00677083 0.0111111 0.515981
0 0.697135 0.469907 0.00677083 0.0101852 0.521777
0 0.6 0.830556 0.00729167 0.0111111 0.525863
0 0.413021 0.37963 0.00625 0.0111111 0.542461
0 0.742448 0.813889 0.00677083 0.0111111 0.545265
0 0.414323 0.484259 0.00677083 0.0111111 0.555521
0 0.546615 0.861574 0.00677083 0.012037 0.563153
0 0.590365 0.366667 0.0078125 0.0111111 0.570723
0 0.747135 0.466667 0.00677083 0.0111111 0.584686
0 0.754948 0.3625 0.0078125 0.012037 0.678414
