0 0.642708 0.980093 0.00729167 0.0101852 0.271117
0 0.658073 0.768056 0.0078125 0.012037 0.322921
0 0.583594 0.9625 0.00572917 0.0101852 0.415316
0 0.698698 0.993981 0.00885417 0.012037 0.447996
0 0.603125 0.750463 0.00729167 0.012037 0.466752
0 0.524219 0.946296 0.0078125 0.0111111 0.505531
0 0.775781 0.699074 0.0078125 0.012963 0.5168
0 0.638021 0.322685 0.00833333 0.0101852 0.522116
0 0.478906 0.820833 0.0078125 0.012037 0.552691
0 0.467969 0.928241 0.0078125 0.0101852 0.574002
0 0.665625 0.668519 0.00729167 0.012963 0.577073
0 0.490365 0.721296 0.00677083 0.012963 0.615194
0 0.594271 0.852778 0.00729167 0.012963 0.615473
0 0.517187 0.288426 0.00729167 0.0101852 0.618411
0 0.610677 0.648611 0.00677083 0.0138889 0.624789
0 0.763281 0.902315 0.00885417 0.0138889 0.632297
0 0.65026 0.871296 0.0078125 0.012963 0.641876
0 0.554167 0.636111 0.00729167 0.0148148 0.647339
0 0.576823 0.305556 0.0078125 0.0111111 0.653782
0 0.409896 0.912037 0.00833333 0.0111111 0.668584
0 0.566146 0.408796 0.00729167 0.012037 0.675938
0 0.61901 0.543981 0.00677083 0.0138889 0.677742
0 0.676302 0.561111 0.0078125 0.0148148 0.681057
0 0.715104 0.783796 0.00833333 0.0138889 0.684745
0 0.690885 0.444444 0.0078125 0.012963 0.692329
0 0.79375 0.594444 0.00729167 0.012963 0.695436
0 0.560677 0.528241 0.00677083 0.0138889 0.697044
0 0.50026 0.620833 0.0078125 0.0138889 0.697638
0 0.629167 0.427778 0.00729167 0.012963 0.698522
0 0.534896 0.836111 0.00833333 0.012963 0.699263
0 0.759115 0.357407 0.00885417 0.0111111 0.716421
0 0.443229 0.60463 0.00833333 0.0148148 0.718246
0 0.501042 0.506944 0.00833333 0.0138889 0.71907
0 0.545313 0.734722 0.00729167 0.0138889 0.720664
0 0.421094 0.806019 0.00989583 0.0138889 0.723654
0 0.50651 0.389352 0.0078125 0.012037 0.726558
0 0.698438 0.340278 0.00833333 0.012037 0.727845
0 0.720573 0.683796 0.00677083 0.0138889 0.731117
0 0.45651 0.277315 0.0078125 0.012037 0.734655
0 0.76901 0.798611 0.00885417 0.0138889 0.737649
0 0.734896 0.57963 0.00833333 0.0166667 0.744635
0 0.44349 0.490741 0.0078125 0.0148148 0.75051
0 0.817969 0.374074 0.00885417 0.012963 0.751619
0 0.751823 0.458796 0.00885417 0.0157407 0.755044
0 0.432552 0.705556 0.00677083 0.012963 0.764702
0 0.446354 0.374074 0.00833333 0.012963 0.766886
0 0.813542 0.480556 0.0135417 0.0203704 0.791034
0 0.708333 0.887963 0.0114583 0.0185185 0.807726
