0 0.534115 0.151389 0.00572917 0.0101852 0.250757
0 0.297917 0.548148 0.00625 0.0111111 0.251093
0 0.361719 0.136574 0.00677083 0.0101852 0.252273
0 0.416927 0.239815 0.0078125 0.0111111 0.254261
0 0.299219 0.443519 0.00572917 0.0111111 0.254732
0 0.420312 0.731019 0.00729167 0.012037 0.264549
0 0.299479 0.649537 0.00625 0.012037 0.272287
0 0.641406 0.163426 0.00572917 0.0101852 0.273707
0 0.477083 0.350926 0.00729167 0.012963 0.280481
0 0.615365 0.706481 0.00885417 0.012963 0.323487
0 0.632292 0.3625 0.00833333 0.012037 0.337301
0 0.305208 0.138426 0.00729167 0.0101852 0.387756
0 0.30026 0.339815 0.00677083 0.0111111 0.38926
0 0.477083 0.243519 0.00833333 0.012963 0.401815
0 0.642448 0.258333 0.00989583 0.012963 0.415406
0 0.478646 0.144907 0.00833333 0.012037 0.447782
0 0.302083 0.235185 0.00729167 0.0111111 0.46444
