0 0.578906 0.817593 0.00677083 0.012963 0.251886
0 0.545052 0.54537 0.0078125 0.012963 0.272731
0 0.467708 0.734722 0.009375 0.012037 0.273446
0 0.726562 0.765741 0.00833333 0.012963 0.275199
0 0.686979 0.671296 0.00729167 0.012963 0.297761
0 0.408333 0.718518 0.00625 0.0111111 0.305844
0 0.71875 0.852315 0.009375 0.0138889 0.305906
0 0.423958 0.514815 0.00625 0.0111111 0.349103
0 0.599479 0.560648 0.00729167 0.012037 0.362766
0 0.694531 0.589352 0.0078125 0.012037 0.369712
0 0.659115 0.484259 0.0078125 0.012963 0.37038
0 0.414844 0.617593 0.00677083 0.0111111 0.392145
0 0.564323 0.242593 0.00677083 0.0111111 0.416093
0 0.507552 0.226389 0.0078125 0.012037 0.416887
0 0.497917 0.325463 0.00833333 0.012037 0.417274
0 0.613802 0.360648 0.00677083 0.012037 0.428555
0 0.649479 0.574537 0.00833333 0.0138889 0.449846
0 0.731771 0.681944 0.00833333 0.0138889 0.460295
0 0.740104 0.599537 0.00729167 0.012037 0.472416
0 0.43125 0.4125 0.00729167 0.012037 0.480973
0 0.671354 0.380093 0.00729167 0.012037 0.489058
0 0.45026 0.214352 0.00885417 0.012037 0.492523
0 0.678646 0.283333 0.00833333 0.012963 0.505212
0 0.441406 0.308796 0.00677083 0.012037 0.527195
0 0.709635 0.501389 0.00885417 0.0138889 0.539289
0 0.731771 0.302778 0.00833333 0.012963 0.563427
0 0.758854 0.515278 0.00833333 0.0138889 0.578202
0 0.784115 0.323148 0.00885417 0.012963 0.589371
0 0.623177 0.262963 0.00989583 0.0148148 0.596083
0 0.72474 0.398611 0.00989583 0.0138889 0.600919
0 0.777344 0.415278 0.0109375 0.0157407 0.659793
