0 0.691146 0.664352 0.00625 0.0101852 0.25452
0 0.435677 0.230556 0.00677083 0.0111111 0.291578
0 0.489323 0.3375 0.00677083 0.0101852 0.377338
0 0.485938 0.439815 0.00625 0.0111111 0.378707
0 0.54401 0.552778 0.00677083 0.0111111 0.387017
0 0.49401 0.237037 0.00677083 0.0111111 0.38893
0 0.647917 0.571759 0.00625 0.012037 0.390097
0 0.695052 0.58287 0.00677083 0.012037 0.405757
0 0.535677 0.738426 0.0078125 0.012037 0.419903
0 0.639583 0.740278 0.00729167 0.012037 0.423586
0 0.68776 0.750463 0.0078125 0.012037 0.455909
0 0.635938 0.827778 0.00729167 0.0111111 0.478913
0 0.601562 0.469444 0.00729167 0.0111111 0.480047
0 0.430469 0.326852 0.00677083 0.0111111 0.5009
0 0.654167 0.481019 0.00729167 0.012037 0.502201
0 0.598698 0.561574 0.0078125 0.012037 0.502507
0 0.532292 0.838889 0.00729167 0.0111111 0.502534
0 0.721094 0.292593 0.00677083 0.0111111 0.503788
0 0.421354 0.533796 0.00625 0.0101852 0.51857
0 0.552344 0.249074 0.00677083 0.0111111 0.51883
0 0.592448 0.73287 0.0078125 0.012037 0.518997
0 0.42526 0.42963 0.00677083 0.0111111 0.535968
0 0.4125 0.738889 0.00729167 0.0111111 0.545108
0 0.546354 0.348611 0.00729167 0.012037 0.553714
0 0.5875 0.822222 0.00729167 0.0111111 0.55962
0 0.666146 0.277778 0.00729167 0.0111111 0.569108
0 0.682813 0.831944 0.00729167 0.012037 0.576868
0 0.415365 0.6375 0.00677083 0.012037 0.582189
0 0.740104 0.589352 0.00729167 0.012037 0.595887
0 0.471875 0.750463 0.00833333 0.012037 0.604478
0 0.705208 0.493056 0.00729167 0.012037 0.608539
0 0.732552 0.756481 0.0078125 0.0111111 0.613626
0 0.66276 0.373611 0.0078125 0.012037 0.63918
0 0.716406 0.387963 0.0078125 0.0111111 0.640306
0 0.734635 0.672685 0.0078125 0.0138889 0.654096
0 0.728125 0.843982 0.00833333 0.012037 0.665644
0 0.754687 0.502315 0.00729167 0.012037 0.668052
0 0.60625 0.360648 0.00833333 0.012037 0.675333
0 0.611198 0.262963 0.00885417 0.012963 0.687679
0 0.773177 0.308333 0.0078125 0.0111111 0.696402
0 0.770052 0.401389 0.0078125 0.012037 0.745737
