0 0.582031 0.916667 0.00572917 0.0111111 0.264471
0 0.630469 0.914352 0.00572917 0.0101852 0.272147
0 0.710156 0.476852 0.00572917 0.0111111 0.274549
0 0.715625 0.649537 0.00625 0.0101852 0.279052
0 0.489323 0.922685 0.00572917 0.0101852 0.292398
0 0.57526 0.747222 0.0078125 0.012963 0.303767
0 0.773958 0.902315 0.00729167 0.012037 0.317297
0 0.529427 0.752315 0.00677083 0.012037 0.330654
0 0.726302 0.905556 0.00677083 0.0111111 0.339421
0 0.721875 0.82037 0.00625 0.0111111 0.344286
0 0.657812 0.398611 0.00729167 0.012037 0.379142
0 0.535156 0.919444 0.00572917 0.0111111 0.379252
0 0.510677 0.576852 0.00677083 0.0111111 0.38811
0 0.609635 0.403241 0.0078125 0.012037 0.390451
0 0.767969 0.731481 0.00677083 0.0111111 0.415333
0 0.483854 0.755556 0.00729167 0.012963 0.433234
0 0.771615 0.818981 0.0078125 0.012037 0.450659
0 0.480469 0.674537 0.00677083 0.0138889 0.464638
0 0.764583 0.647685 0.00729167 0.012037 0.467055
0 0.76224 0.563426 0.00677083 0.012037 0.472685
0 0.486458 0.837963 0.00625 0.0111111 0.481014
0 0.461198 0.581944 0.0078125 0.012037 0.507933
0 0.707812 0.393056 0.00729167 0.012037 0.515646
0 0.497135 0.37963 0.0078125 0.0111111 0.516568
0 0.499219 0.472222 0.0078125 0.012963 0.518205
0 0.758594 0.473611 0.00677083 0.0101852 0.547002
0 0.446615 0.482407 0.00885417 0.012963 0.572249
0 0.442969 0.385185 0.0078125 0.012963 0.573131
0 0.754687 0.388426 0.00833333 0.0138889 0.633081
