0 0.669531 0.418519 0.0078125 0.012963 0.252873
0 0.765365 0.514352 0.00572917 0.0101852 0.302593
0 0.719792 0.42037 0.00625 0.0111111 0.312903
0 0.514063 0.189352 0.00729167 0.0101852 0.324049
0 0.721615 0.333796 0.00572917 0.0101852 0.33652
0 0.430208 0.809259 0.00729167 0.0111111 0.355817
0 0.760677 0.690741 0.00572917 0.0111111 0.360236
0 0.76875 0.425463 0.00625 0.0101852 0.363569
0 0.704427 0.777315 0.00572917 0.0101852 0.390328
0 0.75599 0.780556 0.00572917 0.0111111 0.416018
0 0.775521 0.250463 0.00625 0.0101852 0.417678
0 0.763021 0.599074 0.00729167 0.0111111 0.434938
0 0.725521 0.246759 0.00729167 0.012037 0.442767
0 0.439063 0.499074 0.00625 0.012963 0.474638
0 0.772656 0.337963 0.00677083 0.0111111 0.486384
0 0.435677 0.6 0.00572917 0.0111111 0.496219
0 0.430469 0.706019 0.00572917 0.0101852 0.504328
0 0.455208 0.191204 0.00729167 0.012037 0.555249
0 0.44375 0.394444 0.00625 0.0111111 0.560379
0 0.449219 0.29213 0.00677083 0.012037 0.628387
