0 0.378906 0.739815 0.00677083 0.0111111 0.324614
0 0.495052 0.632407 0.00677083 0.0111111 0.341717
0 0.551562 0.634722 0.00729167 0.012037 0.429854
0 0.382292 0.637037 0.00625 0.0111111 0.455111
0 0.433854 0.425926 0.00729167 0.0111111 0.462472
0 0.377083 0.849074 0.00729167 0.0111111 0.501201
0 0.372917 0.423148 0.00729167 0.0111111 0.507618
0 0.495833 0.738426 0.00729167 0.012037 0.514298
0 0.438021 0.533796 0.00729167 0.012037 0.520927
0 0.553125 0.203704 0.00729167 0.0111111 0.527189
0 0.492448 0.426389 0.00677083 0.012037 0.541767
0 0.553646 0.849537 0.00625 0.012037 0.552428
0 0.552865 0.740278 0.00677083 0.012037 0.557968
0 0.435937 0.737037 0.00729167 0.0111111 0.576614
0 0.369792 0.203704 0.00729167 0.0111111 0.582561
0 0.613542 0.203241 0.00833333 0.0101852 0.584913
0 0.551562 0.426389 0.00729167 0.012037 0.596866
0 0.497396 0.850926 0.00729167 0.0111111 0.611498
0 0.429427 0.203704 0.0078125 0.0111111 0.613397
0 0.438021 0.634259 0.00729167 0.0111111 0.613413
0 0.427865 0.306019 0.0078125 0.012037 0.636051
0 0.491667 0.204167 0.00833333 0.0101852 0.642689
0 0.549479 0.534259 0.00729167 0.012963 0.644374
0 0.493229 0.530556 0.00729167 0.012963 0.646139
0 0.382292 0.535648 0.00729167 0.012037 0.649124
0 0.368229 0.305093 0.00833333 0.012037 0.663897
0 0.554167 0.306019 0.00833333 0.012037 0.67395
0 0.492448 0.306944 0.0078125 0.012037 0.680004
0 0.669792 0.426389 0.00729167 0.012037 0.687288
0 0.610156 0.427315 0.00677083 0.012037 0.696451
0 0.609375 0.635648 0.00729167 0.012037 0.697459
0 0.322917 0.636574 0.00625 0.012037 0.700324
0 0.315365 0.423611 0.0078125 0.012037 0.700494
0 0.605208 0.535185 0.00729167 0.012963 0.704033
0 0.616406 0.30463 0.00989583 0.012963 0.704094
0 0.435677 0.850463 0.0078125 0.012037 0.724522
0 0.673698 0.203241 0.00885417 0.012037 0.746589
0 0.669271 0.738426 0.00833333 0.0138889 0.752187
0 0.309375 0.207407 0.00833333 0.0111111 0.758177
0 0.307031 0.306944 0.0078125 0.0138889 0.760542
0 0.613281 0.848611 0.0078125 0.0138889 0.761388
0 0.320052 0.850463 0.00885417 0.012037 0.769445
0 0.66224 0.534259 0.0078125 0.012963 0.771959
0 0.32526 0.536111 0.0078125 0.0148148 0.773557
0 0.664323 0.633333 0.00885417 0.0148148 0.776116
0 0.321615 0.739815 0.00989583 0.012963 0.777666
0 0.671615 0.848611 0.00885417 0.0138889 0.800789
0 0.611979 0.737963 0.009375 0.0166667 0.833325
0 0.678646 0.307407 0.0135417 0.0185185 0.871287
