0 0.58125 0.25787 0.00729167 0.012037 0.288196
0 0.547917 0.709259 0.00833333 0.0166667 0.318639
0 0.673958 0.255556 0.00625 0.0111111 0.330091
0 0.536979 0.346296 0.00729167 0.0111111 0.462524
0 0.672656 0.16713 0.00677083 0.0101852 0.499745
0 0.628125 0.344444 0.00729167 0.0111111 0.510198
0 0.627344 0.434722 0.00572917 0.0101852 0.525754
0 0.622917 0.166667 0.00625 0.0111111 0.543199
0 0.631771 0.519907 0.00729167 0.0101852 0.578018
0 0.363542 0.748148 0.0114583 0.0148148 0.578579
0 0.584375 0.434722 0.00625 0.0101852 0.58506
0 0.359635 0.544444 0.0109375 0.0148148 0.606563
0 0.426042 0.2375 0.009375 0.0138889 0.612574
0 0.357031 0.143056 0.0078125 0.0138889 0.614023
0 0.540365 0.437037 0.0078125 0.0111111 0.614531
0 0.536719 0.262963 0.0078125 0.0111111 0.626579
0 0.484635 0.238889 0.00885417 0.0148148 0.636358
0 0.677604 0.431019 0.00729167 0.0101852 0.643347
0 0.429948 0.137963 0.0078125 0.012963 0.644292
0 0.357552 0.347685 0.00885417 0.0138889 0.651478
0 0.632552 0.615741 0.00677083 0.0111111 0.652134
0 0.633594 0.705093 0.00677083 0.012037 0.665785
0 0.583073 0.168056 0.00677083 0.012037 0.667528
0 0.586458 0.526852 0.00729167 0.0111111 0.668641
0 0.483073 0.34213 0.0078125 0.012037 0.66867
0 0.58776 0.61713 0.0078125 0.0138889 0.677885
0 0.54349 0.171759 0.00677083 0.012037 0.681835
0 0.491927 0.152315 0.0078125 0.012037 0.693983
0 0.541667 0.528704 0.00729167 0.012963 0.698984
0 0.678385 0.522685 0.0078125 0.012037 0.700131
0 0.546354 0.617593 0.009375 0.0148148 0.700676
0 0.35625 0.448611 0.0114583 0.0138889 0.70632
0 0.426823 0.339352 0.00989583 0.0157407 0.708817
0 0.485677 0.440278 0.0078125 0.012037 0.710838
0 0.677083 0.34537 0.00833333 0.012963 0.715415
0 0.360677 0.645833 0.0078125 0.012037 0.715848
0 0.438281 0.743519 0.0119792 0.0148148 0.735255
0 0.357292 0.24213 0.0104167 0.0157407 0.740628
0 0.68151 0.706481 0.0078125 0.012963 0.744059
0 0.492188 0.535648 0.00833333 0.0138889 0.745534
0 0.435417 0.64537 0.00833333 0.0111111 0.750183
0 0.590885 0.711111 0.0078125 0.0148148 0.750996
0 0.49349 0.633333 0.00885417 0.0148148 0.758946
0 0.507552 0.722685 0.0078125 0.0138889 0.764018
0 0.428906 0.443981 0.00885417 0.0138889 0.766371
0 0.43125 0.539352 0.0104167 0.0138889 0.768441
0 0.683333 0.617593 0.009375 0.0148148 0.77198
