0 0.494531 0.657407 0.00572917 0.0111111 0.28728
0 0.490625 0.211574 0.00625 0.0101852 0.312142
0 0.375781 0.702778 0.00677083 0.00925926 0.314462
0 0.433594 0.386111 0.00572917 0.00925926 0.322337
0 0.640104 0.386574 0.00625 0.0101852 0.325949
0 0.584896 0.121296 0.00625 0.00925926 0.327989
0 0.59375 0.562037 0.00625 0.0111111 0.331573
0 0.589844 0.383796 0.00572917 0.0101852 0.351095
0 0.540104 0.295833 0.00625 0.012037 0.361738
0 0.370052 0.185648 0.00572917 0.0101852 0.370672
0 0.58724 0.20787 0.00572917 0.0101852 0.375597
0 0.372135 0.0810185 0.00677083 0.0101852 0.379211
0 0.589844 0.293519 0.00677083 0.0111111 0.385661
0 0.644792 0.560185 0.00625 0.0111111 0.408835
0 0.311198 0.0884259 0.00677083 0.0101852 0.416196
0 0.635156 0.119444 0.00677083 0.00925926 0.450243
0 0.311979 0.188889 0.00625 0.0111111 0.474796
0 0.374479 0.600463 0.00625 0.0101852 0.488837
0 0.3125 0.290741 0.00625 0.0111111 0.509951
0 0.645833 0.650463 0.00729167 0.012037 0.518074
0 0.642969 0.467593 0.0078125 0.0111111 0.519282
0 0.594271 0.651852 0.00625 0.0111111 0.524676
0 0.638802 0.294907 0.00677083 0.0101852 0.526971
0 0.591667 0.471296 0.00729167 0.0111111 0.533599
0 0.636719 0.208333 0.00677083 0.0111111 0.536295
0 0.435937 0.483796 0.00729167 0.0101852 0.544745
0 0.316406 0.602315 0.00572917 0.0101852 0.574544
0 0.314323 0.496296 0.00677083 0.0111111 0.578585
0 0.43776 0.583333 0.00677083 0.0111111 0.578956
0 0.438802 0.679167 0.00677083 0.012037 0.580528
0 0.319792 0.705093 0.00833333 0.0101852 0.591035
0 0.313021 0.39537 0.00625 0.0111111 0.648334
