0 0.721875 0.856944 0.0104167 0.0175926 0.253295
0 0.779167 0.968518 0.00729167 0.012963 0.25453
0 0.723698 0.75463 0.0078125 0.012963 0.255593
0 0.433333 0.861111 0.00625 0.012963 0.25624
0 0.73099 0.544907 0.00677083 0.012037 0.258773
0 0.496094 0.544907 0.00677083 0.012037 0.259978
0 0.679948 0.425463 0.00677083 0.012037 0.260355
0 0.722917 0.653704 0.00729167 0.012963 0.261181
0 0.44375 0.655556 0.00729167 0.012963 0.271946
0 0.439063 0.758333 0.00625 0.012963 0.277713
0 0.779167 0.652778 0.00625 0.0111111 0.282316
0 0.617969 0.427315 0.00677083 0.012037 0.285272
0 0.554427 0.426389 0.00677083 0.012037 0.286983
0 0.790365 0.544444 0.00572917 0.0111111 0.289756
0 0.721094 0.968982 0.0078125 0.0138889 0.295594
0 0.558854 0.320833 0.00833333 0.012037 0.299152
0 0.777865 0.753704 0.0078125 0.012963 0.315143
0 0.436719 0.543519 0.00677083 0.012963 0.32181
0 0.621094 0.322222 0.00677083 0.0111111 0.322679
0 0.741146 0.421296 0.00833333 0.012963 0.325093
0 0.494271 0.425 0.00729167 0.0111111 0.329946
0 0.682031 0.320833 0.0078125 0.012037 0.335806
0 0.498177 0.321759 0.00677083 0.0101852 0.34421
0 0.742448 0.319907 0.00677083 0.012037 0.38894
0 0.433333 0.427315 0.00729167 0.012037 0.39644
0 0.802604 0.320833 0.00729167 0.012037 0.402027
0 0.804167 0.423611 0.0135417 0.0194444 0.410228
0 0.439063 0.326852 0.00729167 0.012963 0.459303
