0 0.60625 0.661111 0.00833333 0.012963 0.411603
0 0.560938 0.734259 0.00729167 0.0111111 0.606709
0 0.544531 0.349537 0.0078125 0.0138889 0.617386
0 0.558854 0.659259 0.009375 0.012963 0.629739
0 0.752865 0.838426 0.0078125 0.012037 0.639462
0 0.552604 0.569907 0.00729167 0.012037 0.657803
0 0.754687 0.916667 0.00729167 0.012963 0.658399
0 0.510938 0.653704 0.00833333 0.0111111 0.662101
0 0.513021 0.737037 0.00833333 0.0111111 0.665783
0 0.465625 0.885185 0.00833333 0.012963 0.668589
0 0.447656 0.553241 0.0109375 0.0194444 0.668604
0 0.761198 0.380556 0.0078125 0.0148148 0.671976
0 0.702865 0.679167 0.0078125 0.012037 0.678303
0 0.489323 0.335185 0.00885417 0.0148148 0.678374
0 0.56276 0.896296 0.0078125 0.012963 0.679736
0 0.70625 0.83287 0.00833333 0.012037 0.681296
0 0.613281 0.903241 0.0078125 0.012037 0.684442
0 0.660417 0.825926 0.00833333 0.0111111 0.684863
0 0.752083 0.763889 0.00833333 0.012963 0.686233
0 0.497396 0.556019 0.00729167 0.012037 0.692777
0 0.714063 0.48287 0.0135417 0.0231481 0.693092
0 0.434375 0.328241 0.00833333 0.0157407 0.696494
0 0.704687 0.755093 0.00729167 0.012037 0.697171
0 0.658594 0.748148 0.00989583 0.012963 0.703821
0 0.705729 0.911574 0.00729167 0.012037 0.713055
0 0.708073 0.59213 0.00677083 0.0138889 0.716565
0 0.65625 0.669907 0.009375 0.0138889 0.724463
0 0.658073 0.584259 0.0078125 0.012963 0.72592
0 0.610417 0.744444 0.0104167 0.012963 0.726
0 0.660417 0.906944 0.00729167 0.012037 0.72907
0 0.460417 0.651852 0.00833333 0.012963 0.734304
0 0.463542 0.807407 0.00833333 0.0148148 0.737002
0 0.613281 0.822222 0.00885417 0.0111111 0.744369
0 0.515365 0.811111 0.00989583 0.0148148 0.750777
0 0.461198 0.731019 0.0078125 0.012037 0.75152
0 0.564062 0.816204 0.0104167 0.0138889 0.76085
0 0.605469 0.577778 0.0078125 0.0148148 0.761629
0 0.599479 0.355093 0.009375 0.0194444 0.763888
0 0.514583 0.889352 0.00833333 0.0138889 0.766079
0 0.547656 0.463426 0.0119792 0.0194444 0.776504
0 0.755729 0.606019 0.00833333 0.0157407 0.781106
0 0.489844 0.449074 0.0171875 0.0240741 0.788864
0 0.659115 0.48287 0.0078125 0.0157407 0.789726
0 0.71224 0.375 0.00885417 0.0185185 0.790059
0 0.602604 0.469907 0.009375 0.0157407 0.793635
0 0.750521 0.693056 0.0104167 0.0157407 0.800718
0 0.65599 0.365278 0.00885417 0.0212963 0.832445
0 0.434115 0.438426 0.0119792 0.0212963 0.837723
0 0.765885 0.491204 0.00989583 0.0194444 0.845295
