0 0.441927 0.294907 0.00885417 0.0138889 0.499666
0 0.555729 0.721759 0.00729167 0.012037 0.552142
0 0.439323 0.403704 0.0130208 0.0240741 0.563402
0 0.457812 0.619907 0.00729167 0.012037 0.577286
0 0.507552 0.713889 0.00885417 0.012963 0.579627
0 0.457031 0.697222 0.0078125 0.012963 0.583906
0 0.455208 0.850926 0.00833333 0.0148148 0.586278
0 0.552865 0.878704 0.0078125 0.012963 0.597615
0 0.499219 0.534259 0.00677083 0.012963 0.607025
0 0.508333 0.630556 0.00729167 0.012963 0.611311
0 0.456771 0.773148 0.009375 0.0166667 0.626063
0 0.55599 0.800463 0.0078125 0.012037 0.629148
0 0.448438 0.519444 0.0125 0.0222222 0.630778
0 0.603906 0.894907 0.0078125 0.012037 0.635461
0 0.696615 0.923611 0.0078125 0.012037 0.642352
0 0.500521 0.315278 0.00833333 0.0138889 0.653147
0 0.605729 0.656944 0.00833333 0.0138889 0.655935
0 0.605729 0.816204 0.00833333 0.012037 0.667458
0 0.495313 0.425463 0.01875 0.0268519 0.669176
0 0.553646 0.556944 0.00729167 0.0138889 0.669752
0 0.508073 0.7875 0.0109375 0.0175926 0.674233
0 0.653385 0.82963 0.00885417 0.012963 0.679473
0 0.503906 0.864352 0.00885417 0.0157407 0.684376
0 0.65026 0.909259 0.0078125 0.012963 0.687799
0 0.699479 0.846296 0.00833333 0.012963 0.693654
0 0.700781 0.768981 0.00885417 0.0138889 0.694367
0 0.664323 0.49537 0.00885417 0.0166667 0.708354
0 0.605469 0.738889 0.0109375 0.0148148 0.718024
0 0.552344 0.451389 0.0130208 0.0212963 0.72297
0 0.653906 0.753704 0.00989583 0.0148148 0.733368
0 0.747135 0.862037 0.0078125 0.0148148 0.737576
0 0.55625 0.64537 0.0114583 0.0166667 0.73806
0 0.709115 0.609259 0.00677083 0.012963 0.738495
0 0.554948 0.338426 0.00885417 0.0157407 0.740322
0 0.746094 0.937963 0.0078125 0.012963 0.744431
0 0.659635 0.592593 0.00885417 0.0148148 0.748156
0 0.606771 0.469444 0.0104167 0.0166667 0.752588
0 0.747917 0.787037 0.00833333 0.0148148 0.756081
0 0.607552 0.576389 0.0078125 0.0175926 0.757364
0 0.701302 0.692593 0.00885417 0.0148148 0.760942
0 0.771354 0.412963 0.00833333 0.0185185 0.769391
0 0.654427 0.675463 0.0130208 0.0175926 0.780878
0 0.720573 0.39537 0.00989583 0.0222222 0.787865
0 0.608854 0.355556 0.0104167 0.0222222 0.789118
0 0.748177 0.717593 0.0078125 0.0166667 0.790152
0 0.758073 0.632407 0.0078125 0.0166667 0.791843
0 0.771615 0.518981 0.00989583 0.0212963 0.827333
0 0.717708 0.50463 0.0135417 0.0240741 0.830091
0 0.666146 0.377315 0.0104167 0.0231481 0.853267
