0 0.659375 0.548611 0.00625 0.0101852 0.260951
0 0.703125 0.275 0.00729167 0.012963 0.296885
0 0.792448 0.258333 0.00677083 0.0111111 0.299997
0 0.79401 0.345833 0.00677083 0.0101852 0.303946
0 0.752865 0.798148 0.0078125 0.012963 0.332392
0 0.703906 0.541204 0.00572917 0.0101852 0.363891
0 0.751562 0.711574 0.00729167 0.012037 0.376939
0 0.747656 0.531944 0.00677083 0.0101852 0.400582
0 0.748438 0.441204 0.00833333 0.012037 0.407472
0 0.800781 0.79213 0.00989583 0.0138889 0.426863
0 0.65651 0.376852 0.00677083 0.0111111 0.46536
0 0.752083 0.61713 0.00729167 0.0101852 0.474515
0 0.707292 0.719907 0.00833333 0.0138889 0.486092
0 0.669531 0.81713 0.00885417 0.0157407 0.498359
0 0.70651 0.630093 0.0078125 0.012037 0.51602
0 0.797917 0.518981 0.00729167 0.012037 0.518897
0 0.797135 0.434259 0.00885417 0.012963 0.537532
0 0.709635 0.8125 0.00989583 0.0175926 0.544863
0 0.798698 0.608796 0.00885417 0.012037 0.546433
0 0.802083 0.704167 0.0104167 0.0138889 0.560495
0 0.661979 0.639815 0.00625 0.012963 0.577669
0 0.552344 0.673148 0.0109375 0.012963 0.578871
0 0.477344 0.489815 0.00885417 0.012963 0.579705
0 0.549479 0.271296 0.00729167 0.012963 0.581486
0 0.627344 0.839815 0.0078125 0.012963 0.584297
0 0.611719 0.65463 0.00885417 0.012963 0.584362
0 0.66276 0.285648 0.00677083 0.012037 0.587477
0 0.546094 0.371759 0.00885417 0.012037 0.598079
0 0.665885 0.726852 0.00989583 0.0166667 0.600357
0 0.604688 0.364352 0.00833333 0.0138889 0.604569
0 0.604948 0.563426 0.00885417 0.012037 0.606475
0 0.611719 0.275 0.0078125 0.012963 0.623593
0 0.478125 0.389352 0.009375 0.0138889 0.635602
0 0.602344 0.466667 0.00885417 0.012963 0.63726
0 0.554427 0.775463 0.0078125 0.012037 0.648301
0 0.61276 0.752315 0.00885417 0.0138889 0.654245
0 0.479167 0.688889 0.009375 0.012963 0.655483
0 0.480729 0.791204 0.00729167 0.012037 0.660237
0 0.545573 0.472222 0.00989583 0.012963 0.687032
0 0.478646 0.292593 0.00729167 0.0148148 0.70973
0 0.547656 0.576852 0.00989583 0.0148148 0.745106
0 0.476562 0.592593 0.0104167 0.0148148 0.765158
0 0.482812 0.890741 0.0125 0.0166667 0.771444
0 0.558854 0.872685 0.0125 0.0157407 0.779766
