0 0.75625 0.357407 0.0104167 0.0185185 0.251737
0 0.434115 0.915278 0.0078125 0.012037 0.374205
0 0.759635 0.682407 0.00572917 0.012963 0.429132
0 0.667448 0.734259 0.00677083 0.0111111 0.476228
0 0.640885 0.44537 0.00677083 0.012963 0.512308
0 0.791406 0.490278 0.00885417 0.0157407 0.546725
0 0.584635 0.437963 0.00677083 0.0111111 0.572194
0 0.713802 0.665278 0.00677083 0.012037 0.599692
0 0.519531 0.62963 0.0078125 0.0148148 0.636242
0 0.740885 0.463889 0.00677083 0.0148148 0.649817
0 0.442187 0.825 0.0114583 0.0148148 0.666361
0 0.584635 0.556944 0.00677083 0.012037 0.684432
0 0.709635 0.743056 0.0078125 0.012037 0.68866
0 0.661979 0.812963 0.00625 0.012963 0.693836
0 0.727604 0.590741 0.00729167 0.012963 0.698016
0 0.476562 0.321296 0.00729167 0.012963 0.699961
0 0.5125 0.725463 0.009375 0.0138889 0.702187
0 0.630729 0.572685 0.00625 0.012037 0.705619
0 0.630469 0.666204 0.0109375 0.0175926 0.716823
0 0.778385 0.606019 0.00677083 0.0138889 0.72289
0 0.460677 0.624074 0.0078125 0.0148148 0.727643
0 0.536458 0.320833 0.00729167 0.0138889 0.730555
0 0.465365 0.525926 0.0078125 0.012963 0.731948
0 0.451302 0.731481 0.0119792 0.0166667 0.734961
0 0.5875 0.648611 0.00729167 0.012037 0.737568
0 0.679688 0.575 0.00729167 0.012963 0.749802
0 0.742969 0.89213 0.00885417 0.0157407 0.75011
0 0.502083 0.925 0.0114583 0.0185185 0.750455
0 0.704427 0.815278 0.0078125 0.0157407 0.757711
0 0.655469 0.891204 0.00677083 0.0157407 0.763517
0 0.592708 0.328241 0.00833333 0.0138889 0.763982
0 0.585938 0.735648 0.009375 0.0138889 0.765431
0 0.507031 0.828241 0.0109375 0.0175926 0.779874
0 0.74974 0.818056 0.0078125 0.0157407 0.780493
0 0.570573 0.822222 0.0078125 0.0166667 0.783379
0 0.528646 0.429167 0.00833333 0.0157407 0.789722
0 0.691667 0.460185 0.00729167 0.0166667 0.794305
0 0.795313 0.356019 0.00833333 0.0157407 0.79871
0 0.52526 0.530093 0.00885417 0.0175926 0.804869
0 0.647917 0.333796 0.00729167 0.0157407 0.809374
0 0.614062 0.899537 0.009375 0.0212963 0.82177
0 0.69974 0.887037 0.00885417 0.0185185 0.828014
0 0.469531 0.422222 0.00885417 0.0185185 0.830911
0 0.564844 0.908796 0.0078125 0.0194444 0.831722
0 0.623177 0.809259 0.00989583 0.0185185 0.831945
0 0.75625 0.747222 0.0135417 0.0203704 0.841156
0 0.671354 0.657407 0.0104167 0.0185185 0.845093
0 0.701302 0.341667 0.00989583 0.0185185 0.852682
