0 0.635156 0.969444 0.00572917 0.00925926 0.273137
0 0.621615 0.755093 0.00677083 0.0101852 0.28781
0 0.685156 0.85 0.00572917 0.0111111 0.33999
0 0.516406 0.985648 0.00677083 0.012037 0.35887
0 0.574479 0.977778 0.00729167 0.0111111 0.366845
0 0.5125 0.875 0.00625 0.0111111 0.435742
0 0.671354 0.646759 0.00625 0.012037 0.440076
0 0.666927 0.538426 0.00677083 0.012037 0.453949
0 0.615365 0.651389 0.0078125 0.012037 0.50824
0 0.74974 0.95 0.00677083 0.012963 0.522246
0 0.627344 0.856481 0.00677083 0.012963 0.523484
0 0.549479 0.556481 0.00729167 0.0111111 0.526669
0 0.509896 0.773148 0.00625 0.0111111 0.547176
0 0.608854 0.546759 0.00625 0.012037 0.549382
0 0.559635 0.662963 0.00677083 0.012963 0.551311
0 0.664323 0.418981 0.00677083 0.012037 0.579808
0 0.570052 0.864815 0.0078125 0.012963 0.587631
0 0.533594 0.333796 0.00677083 0.0101852 0.605642
0 0.726823 0.638889 0.00677083 0.012963 0.606347
0 0.459115 0.995833 0.0078125 0.00833333 0.606551
0 0.656771 0.315741 0.00729167 0.0111111 0.610677
0 0.490625 0.562963 0.00729167 0.0111111 0.617437
0 0.451302 0.783796 0.0078125 0.0138889 0.619163
0 0.538542 0.437963 0.00729167 0.0111111 0.6319
0 0.808594 0.941667 0.0078125 0.012963 0.636167
0 0.782031 0.631019 0.00677083 0.012037 0.64197
0 0.725 0.531482 0.00729167 0.012963 0.645968
0 0.504167 0.673148 0.00729167 0.012963 0.647184
0 0.602604 0.42963 0.00729167 0.012963 0.64725
0 0.717448 0.30463 0.0078125 0.0111111 0.649635
0 0.565365 0.764815 0.00677083 0.012963 0.649929
0 0.596354 0.325463 0.00729167 0.012037 0.650022
0 0.785417 0.520833 0.00729167 0.012037 0.650571
0 0.79974 0.831019 0.0078125 0.012037 0.655226
0 0.72474 0.406019 0.00885417 0.0138889 0.657145
0 0.473437 0.343056 0.00729167 0.0101852 0.65894
0 0.477865 0.44537 0.0078125 0.012963 0.663042
0 0.789583 0.728241 0.00729167 0.0138889 0.664277
0 0.453906 0.887037 0.0078125 0.012963 0.668354
0 0.777604 0.297685 0.00833333 0.012037 0.692513
0 0.734635 0.738426 0.0078125 0.0138889 0.710198
0 0.447656 0.681481 0.0078125 0.0148148 0.731402
0 0.414583 0.356944 0.00729167 0.012037 0.742284
0 0.432031 0.571296 0.00677083 0.012963 0.745857
0 0.417188 0.456019 0.00729167 0.0138889 0.746095
0 0.742448 0.841667 0.0119792 0.0185185 0.791789
0 0.7875 0.401852 0.0145833 0.0203704 0.810298
