0 0.280880 0.717181 0.007494 0.012619
0 0.291923 0.616683 0.006705 0.014020
0 0.315568 0.506958 0.008763 0.014875
0 0.339563 0.400754 0.009397 0.016002
0 0.350392 0.297756 0.006979 0.012405
0 0.361417 0.195323 0.008523 0.013046
0 0.374192 0.087833 0.009276 0.015088
0 0.338714 0.745539 0.007888 0.011918
0 0.351993 0.644524 0.010065 0.013687
0 0.372321 0.529084 0.007854 0.015362
0 0.395228 0.422909 0.006859 0.011491
0 0.407950 0.324073 0.006344 0.011277
0 0.418187 0.219384 0.004562 0.008808
0 0.431416 0.112564 0.007494 0.012619
0 0.398690 0.769967 0.007253 0.010790
0 0.411317 0.667719 0.007888 0.011918
0 0.430661 0.549458 0.008609 0.017404
0 0.451588 0.443907 0.008008 0.012833
0 0.463041 0.346473 0.007734 0.014447
0 0.474734 0.247209 0.009036 0.013260
0 0.489636 0.133853 0.008008 0.012833
0 0.460329 0.794122 0.006859 0.011491
0 0.474243 0.692408 0.007219 0.014234
0 0.489566 0.575852 0.006859 0.011491
0 0.505082 0.474320 0.009156 0.014174
0 0.520643 0.370397 0.008042 0.009389
0 0.532380 0.268741 0.006585 0.013106
0 0.548343 0.159683 0.005076 0.009022
0 0.520914 0.822178 0.008402 0.012132
0 0.535522 0.719306 0.006344 0.011277
0 0.547425 0.599883 0.007373 0.011705
0 0.561502 0.494862 0.004562 0.008808
0 0.575476 0.392689 0.005590 0.009235
0 0.591447 0.291828 0.005710 0.010149
0 0.604463 0.182509 0.003927 0.007680
0 0.581070 0.845235 0.006859 0.011491
0 0.595926 0.748732 0.009276 0.015088
0 0.605645 0.621172 0.008609 0.017404
0 0.615685 0.515920 0.005163 0.013379
0 0.632624 0.415943 0.008489 0.016490
0 0.647764 0.315219 0.012570 0.021642
0 0.663033 0.207318 0.007614 0.013533
0 0.639838 0.870608 0.009671 0.014387
0 0.658938 0.768637 0.015261 0.023624
0 0.664232 0.647916 0.005437 0.011765
0 0.670595 0.539690 0.008008 0.012833
0 0.685554 0.440337 0.008643 0.013961
0 0.704491 0.341672 0.007494 0.012619
0 0.722178 0.231883 0.006825 0.014934
