0 0.438802 0.624074 0.00677083 0.00925926 0.302282
0 0.339844 0.781944 0.00677083 0.0101852 0.455182
0 0.535417 0.703704 0.00729167 0.0111111 0.514567
0 0.532812 0.782407 0.00625 0.0111111 0.533182
0 0.376823 0.343056 0.0151042 0.0212963 0.535774
0 0.390104 0.547222 0.00729167 0.0111111 0.544925
0 0.582292 0.625463 0.00729167 0.0101852 0.547653
0 0.433594 0.458333 0.00572917 0.0111111 0.549645
0 0.628125 0.782407 0.00833333 0.0111111 0.578407
0 0.339583 0.70463 0.00729167 0.012963 0.584796
0 0.628385 0.705093 0.0078125 0.012037 0.590658
0 0.580469 0.705093 0.0078125 0.012037 0.595457
0 0.390365 0.631019 0.0078125 0.012037 0.597336
0 0.436719 0.546296 0.00885417 0.012963 0.60464
0 0.339323 0.550926 0.0078125 0.012963 0.60781
0 0.48724 0.78287 0.00677083 0.012037 0.608533
0 0.339583 0.62963 0.00729167 0.012963 0.615029
0 0.535937 0.624074 0.00833333 0.0111111 0.618535
0 0.377865 0.230093 0.0078125 0.0138889 0.619791
0 0.4875 0.625 0.00833333 0.0111111 0.626887
0 0.589323 0.462037 0.00677083 0.0111111 0.627855
0 0.378646 0.450926 0.00729167 0.012963 0.642329
0 0.436719 0.78287 0.00677083 0.012037 0.643473
0 0.440365 0.703704 0.0078125 0.012963 0.650133
0 0.581771 0.55 0.00729167 0.0111111 0.65608
0 0.485938 0.543056 0.00833333 0.012037 0.657108
0 0.578906 0.783333 0.0078125 0.012963 0.667764
0 0.321615 0.22963 0.0078125 0.0148148 0.687542
0 0.488542 0.705093 0.00729167 0.012037 0.68782
0 0.629167 0.630556 0.00833333 0.012963 0.688028
0 0.388542 0.781944 0.00729167 0.0138889 0.697242
0 0.430729 0.236111 0.00833333 0.0148148 0.707174
0 0.391146 0.70463 0.00833333 0.0148148 0.70978
0 0.538542 0.461111 0.00833333 0.012963 0.716017
0 0.628385 0.559259 0.00885417 0.0148148 0.721746
0 0.648177 0.245833 0.0078125 0.0138889 0.723284
0 0.535937 0.546296 0.0114583 0.0148148 0.725791
0 0.598698 0.244444 0.0078125 0.0166667 0.727086
0 0.541406 0.361574 0.00885417 0.0157407 0.742946
0 0.48724 0.461574 0.0078125 0.0138889 0.749761
0 0.63724 0.469907 0.0078125 0.0138889 0.757906
0 0.648698 0.356481 0.00885417 0.0185185 0.767608
0 0.484896 0.237963 0.009375 0.0185185 0.770272
0 0.542188 0.241204 0.00729167 0.0157407 0.77671
0 0.485677 0.354167 0.00989583 0.0138889 0.77684
0 0.430729 0.350926 0.0135417 0.0203704 0.789857
0 0.317708 0.336111 0.0125 0.0222222 0.793258
0 0.597656 0.355093 0.0130208 0.0231481 0.798388
0 0.328646 0.452315 0.0114583 0.0212963 0.806451
