0 0.496875 0.987037 0.00625 0.0111111 0.337955
0 0.671875 0.851389 0.00625 0.0101852 0.341187
0 0.669792 0.648148 0.00625 0.0111111 0.371893
0 0.499479 0.875926 0.00625 0.0111111 0.377795
0 0.615104 0.856944 0.00729167 0.012037 0.387424
0 0.613542 0.652315 0.00729167 0.012037 0.453843
0 0.438021 0.99537 0.00729167 0.00925926 0.458035
0 0.55599 0.865278 0.0078125 0.012037 0.470969
0 0.671354 0.538426 0.00729167 0.012037 0.474731
0 0.501823 0.772685 0.00677083 0.012037 0.480585
0 0.786979 0.83287 0.00729167 0.012037 0.50713
0 0.61276 0.546759 0.00677083 0.012037 0.515546
0 0.672396 0.314352 0.00729167 0.0101852 0.5211
0 0.553125 0.556019 0.00729167 0.012037 0.52799
0 0.611719 0.322685 0.00677083 0.0101852 0.531485
0 0.557292 0.664352 0.00625 0.012037 0.537938
0 0.732813 0.951852 0.00729167 0.012963 0.559084
0 0.790104 0.943519 0.00729167 0.012963 0.573705
0 0.729688 0.531944 0.00729167 0.012037 0.582235
0 0.725 0.639815 0.00625 0.012963 0.582843
0 0.674479 0.418056 0.00729167 0.012037 0.584194
0 0.494531 0.5625 0.0078125 0.012037 0.596341
0 0.736458 0.406019 0.00833333 0.012037 0.596591
0 0.502083 0.673611 0.00729167 0.012037 0.598245
0 0.55 0.331481 0.00729167 0.0111111 0.60406
0 0.734115 0.30463 0.00677083 0.0111111 0.61354
0 0.790104 0.522222 0.00729167 0.0111111 0.622691
0 0.488542 0.34213 0.00833333 0.0101852 0.625614
0 0.727344 0.738889 0.0078125 0.012963 0.632856
0 0.557031 0.765741 0.00677083 0.012963 0.641889
0 0.439583 0.886111 0.00833333 0.012963 0.645341
0 0.442969 0.783333 0.00677083 0.012963 0.647854
0 0.794271 0.296759 0.00833333 0.012037 0.661884
0 0.78099 0.633333 0.00677083 0.012963 0.664098
0 0.548437 0.437037 0.00833333 0.012963 0.666395
0 0.782812 0.72963 0.009375 0.012963 0.675494
0 0.6125 0.427778 0.00833333 0.012963 0.677068
0 0.48776 0.444907 0.00885417 0.012037 0.684819
0 0.729948 0.841204 0.00989583 0.0157407 0.686789
0 0.445573 0.681019 0.0078125 0.0138889 0.70694
0 0.435417 0.571296 0.00729167 0.012963 0.709892
0 0.427865 0.456019 0.0078125 0.012037 0.732138
0 0.429427 0.355093 0.0078125 0.012037 0.73582
0 0.798698 0.402778 0.0140625 0.0203704 0.801662
