0 0.619271 0.335185 0.00729167 0.0148148 0.252669
0 0.578125 0.556019 0.00625 0.012037 0.268434
0 0.771354 0.893981 0.00833333 0.0138889 0.269406
0 0.67526 0.578241 0.00677083 0.0138889 0.273753
0 0.672396 0.343981 0.0114583 0.0194444 0.29196
0 0.727344 0.887037 0.00677083 0.0148148 0.296924
0 0.621875 0.446296 0.00729167 0.012963 0.305709
0 0.683073 0.892593 0.00572917 0.012963 0.309892
0 0.589063 0.647685 0.00729167 0.0138889 0.321194
0 0.590885 0.819444 0.00677083 0.012963 0.323284
0 0.639323 0.80787 0.00885417 0.0157407 0.325111
0 0.522396 0.722222 0.00833333 0.012963 0.32655
0 0.67526 0.461574 0.0078125 0.0175926 0.327896
0 0.504948 0.319907 0.00677083 0.012037 0.354743
0 0.563281 0.328241 0.0078125 0.0157407 0.369292
0 0.641146 0.898148 0.00833333 0.0185185 0.37062
0 0.461979 0.723148 0.0125 0.0166667 0.379492
0 0.59349 0.907407 0.00677083 0.0185185 0.407991
0 0.46276 0.915741 0.0078125 0.012963 0.4137
0 0.674479 0.658796 0.009375 0.0175926 0.416525
0 0.461979 0.818519 0.0125 0.0148148 0.429873
0 0.459635 0.621296 0.00677083 0.012963 0.434706
0 0.635677 0.664352 0.0130208 0.0175926 0.441465
0 0.454427 0.522222 0.00677083 0.012963 0.442884
0 0.510417 0.427315 0.00729167 0.0138889 0.461309
0 0.527604 0.825 0.0104167 0.0148148 0.47054
0 0.515365 0.526389 0.00989583 0.0157407 0.498136
0 0.519792 0.629167 0.00833333 0.0138889 0.506645
0 0.444792 0.31713 0.00729167 0.0138889 0.523576
0 0.532292 0.922222 0.0125 0.0166667 0.541515
0 0.447135 0.417593 0.00885417 0.0166667 0.594371
