0 0.724479 0.249537 0.00625 0.0101852 0.257187
0 0.548437 0.791204 0.00520833 0.0101852 0.283166
0 0.669531 0.42037 0.0078125 0.012963 0.293178
0 0.654427 0.776389 0.00572917 0.0101852 0.296883
0 0.719531 0.424074 0.00677083 0.0111111 0.322638
0 0.489323 0.706944 0.00572917 0.0101852 0.324333
0 0.714844 0.514815 0.00572917 0.0111111 0.330146
0 0.709115 0.689815 0.00677083 0.0111111 0.346453
0 0.765365 0.519444 0.00572917 0.0111111 0.346798
0 0.75599 0.783333 0.00572917 0.0111111 0.375551
0 0.76901 0.42963 0.00677083 0.0111111 0.384349
0 0.429688 0.806944 0.00625 0.0101852 0.400487
0 0.720312 0.337037 0.00625 0.0111111 0.402239
0 0.760677 0.693056 0.00677083 0.012037 0.404081
0 0.705729 0.778704 0.00625 0.0111111 0.452801
0 0.438802 0.496759 0.00572917 0.012037 0.49206
0 0.454167 0.189352 0.00729167 0.012037 0.493927
0 0.43099 0.702778 0.00572917 0.0111111 0.527389
0 0.44349 0.391667 0.00572917 0.0111111 0.540807
0 0.435677 0.596296 0.00572917 0.0111111 0.544941
0 0.448958 0.288889 0.00520833 0.0111111 0.569316
