0 0.583854 0.661574 0.00729167 0.012037 0.320284
0 0.530469 0.559259 0.00885417 0.0148148 0.486806
0 0.636198 0.658796 0.0078125 0.012037 0.4973
0 0.588021 0.472222 0.009375 0.0166667 0.518858
0 0.730469 0.585648 0.00677083 0.012037 0.545607
0 0.71849 0.925463 0.00677083 0.012037 0.559393
0 0.732813 0.497222 0.00729167 0.012963 0.562087
0 0.726302 0.668056 0.0078125 0.012037 0.56869
0 0.722656 0.755093 0.0078125 0.012037 0.579742
0 0.678125 0.749537 0.009375 0.0138889 0.585136
0 0.576563 0.902778 0.00729167 0.012963 0.586545
0 0.528125 0.452778 0.009375 0.0166667 0.590877
0 0.534635 0.728241 0.0078125 0.012037 0.59541
0 0.628385 0.825926 0.0078125 0.012963 0.601375
0 0.671615 0.917593 0.00677083 0.012963 0.615518
0 0.579427 0.820833 0.0078125 0.012037 0.626664
0 0.684635 0.580556 0.0078125 0.0111111 0.629654
0 0.482552 0.8 0.0078125 0.012963 0.633399
0 0.625521 0.908796 0.00729167 0.0138889 0.639302
0 0.540104 0.351852 0.0104167 0.0185185 0.641895
0 0.485417 0.725463 0.009375 0.0157407 0.643374
0 0.535677 0.650463 0.00885417 0.0157407 0.649718
0 0.582552 0.562963 0.00677083 0.012963 0.652623
0 0.529427 0.80787 0.0078125 0.0138889 0.662168
0 0.720833 0.841204 0.00833333 0.0138889 0.662439
0 0.479167 0.872685 0.00833333 0.012037 0.666517
0 0.688021 0.493981 0.00729167 0.012037 0.681383
0 0.58151 0.738889 0.00885417 0.012963 0.681616
0 0.765104 0.930093 0.00833333 0.012037 0.684719
0 0.636979 0.575926 0.00729167 0.012963 0.685001
0 0.526563 0.8875 0.00833333 0.0138889 0.687601
0 0.67526 0.831019 0.00885417 0.0138889 0.690476
0 0.68151 0.664352 0.00885417 0.0138889 0.692813
0 0.78151 0.505093 0.0078125 0.012037 0.692855
0 0.77474 0.676852 0.00885417 0.0148148 0.697149
0 0.76849 0.858796 0.00885417 0.0138889 0.708198
0 0.640885 0.491204 0.0078125 0.0138889 0.713548
0 0.629687 0.744907 0.009375 0.0138889 0.729123
0 0.771354 0.766667 0.0104167 0.0148148 0.745641
0 0.777344 0.593518 0.00885417 0.0148148 0.76115
0 0.690885 0.398611 0.00885417 0.0175926 0.796554
0 0.736198 0.408333 0.0078125 0.0166667 0.800985
0 0.783854 0.420833 0.00833333 0.0157407 0.801792
0 0.646615 0.399537 0.00885417 0.0175926 0.820506
