0 0.522656 0.389815 0.0109375 0.0185185 0.281994
0 0.527083 0.391667 0.0114583 0.0185185 0.40487
0 0.729167 0.623148 0.00729167 0.0111111 0.431571
0 0.579167 0.486574 0.00833333 0.0157407 0.43253
0 0.534115 0.505093 0.00885417 0.0157407 0.433853
0 0.470052 0.514815 0.0151042 0.0240741 0.444569
0 0.73151 0.709259 0.00677083 0.0111111 0.457458
0 0.727083 0.539815 0.00729167 0.0111111 0.467067
0 0.580469 0.384259 0.0078125 0.0166667 0.4917
0 0.588542 0.674537 0.00729167 0.0138889 0.496237
0 0.498698 0.855093 0.00885417 0.0157407 0.505886
0 0.722917 0.451389 0.00729167 0.012037 0.523184
0 0.772656 0.438426 0.0078125 0.012037 0.52464
0 0.735156 0.794444 0.00677083 0.0111111 0.52714
0 0.548698 0.922685 0.00885417 0.0138889 0.528838
0 0.529427 0.598611 0.00989583 0.0175926 0.53226
0 0.740104 0.877778 0.00729167 0.012963 0.547349
0 0.64375 0.818981 0.00729167 0.012037 0.549427
0 0.693229 0.889815 0.00729167 0.012963 0.552206
0 0.545833 0.843056 0.00833333 0.0138889 0.555577
0 0.677865 0.468056 0.00677083 0.012037 0.567518
0 0.785417 0.863889 0.00833333 0.012963 0.569904
0 0.592708 0.75463 0.00833333 0.012963 0.581483
0 0.690104 0.806019 0.00833333 0.0138889 0.583619
0 0.68099 0.55463 0.0078125 0.012963 0.585693
0 0.646354 0.899537 0.00729167 0.012037 0.588877
0 0.501042 0.928241 0.00833333 0.0138889 0.590523
0 0.686719 0.723148 0.00989583 0.0148148 0.601602
0 0.54375 0.762963 0.00833333 0.0148148 0.603382
0 0.495052 0.781944 0.0109375 0.0175926 0.608858
0 0.464063 0.37963 0.009375 0.0185185 0.609692
0 0.720573 0.364352 0.0078125 0.0157407 0.617222
0 0.784375 0.791667 0.00833333 0.012963 0.618452
0 0.766927 0.356481 0.0078125 0.0148148 0.620957
0 0.775 0.526852 0.009375 0.0148148 0.627722
0 0.640104 0.653241 0.009375 0.0138889 0.630861
0 0.597396 0.836111 0.009375 0.0148148 0.635459
0 0.777344 0.609722 0.00885417 0.0138889 0.636888
0 0.579167 0.581944 0.00729167 0.0138889 0.637957
0 0.597656 0.91713 0.00677083 0.0138889 0.638168
0 0.538802 0.686574 0.00885417 0.0175926 0.645818
0 0.630729 0.483796 0.00729167 0.0138889 0.666067
0 0.634635 0.57037 0.0078125 0.012963 0.672886
0 0.685417 0.637963 0.0114583 0.0148148 0.687134
0 0.78125 0.699074 0.0125 0.0166667 0.690028
0 0.674479 0.374537 0.009375 0.0175926 0.707381
0 0.639583 0.739352 0.0104167 0.0157407 0.718077
0 0.630208 0.394907 0.009375 0.0194444 0.726347
