0 0.5625 0.832407 0.00833333 0.0111111 0.498085
0 0.463802 0.933796 0.0078125 0.0138889 0.562839
0 0.463542 0.855093 0.00833333 0.0157407 0.568484
0 0.460156 0.701389 0.00677083 0.012037 0.572564
0 0.559375 0.75463 0.00729167 0.0111111 0.573011
0 0.5125 0.770833 0.00833333 0.0138889 0.598011
0 0.461458 0.77963 0.00729167 0.012963 0.603474
0 0.491667 0.374537 0.00729167 0.0138889 0.606993
0 0.515365 0.844444 0.0109375 0.0166667 0.620138
0 0.514844 0.922222 0.00885417 0.0148148 0.628724
0 0.509115 0.6875 0.0078125 0.012037 0.631087
0 0.6125 0.902315 0.00833333 0.012037 0.639366
0 0.552344 0.590741 0.00677083 0.012963 0.641332
0 0.561979 0.912963 0.00833333 0.012963 0.644077
0 0.434375 0.384259 0.00833333 0.0148148 0.652961
0 0.607292 0.665741 0.00833333 0.012963 0.66147
0 0.752083 0.797685 0.00729167 0.0138889 0.661725
0 0.705208 0.885185 0.00729167 0.0111111 0.662504
0 0.497396 0.594907 0.00729167 0.012037 0.668827
0 0.557552 0.677778 0.00885417 0.0148148 0.670321
0 0.705208 0.806019 0.00729167 0.012037 0.685531
0 0.61224 0.823611 0.00885417 0.012037 0.68661
0 0.753646 0.874074 0.00833333 0.0148148 0.698585
0 0.660156 0.472685 0.00885417 0.0157407 0.703019
0 0.659375 0.813426 0.00833333 0.0138889 0.705509
0 0.490625 0.4875 0.01875 0.0268519 0.705766
0 0.545573 0.37037 0.00885417 0.0185185 0.706973
0 0.704167 0.728704 0.00729167 0.012963 0.708982
0 0.659115 0.893981 0.0078125 0.012037 0.710841
0 0.752083 0.723148 0.00833333 0.0166667 0.712566
0 0.434896 0.495833 0.0135417 0.025 0.722717
0 0.708594 0.564815 0.00677083 0.012963 0.74076
0 0.763281 0.338426 0.00885417 0.0175926 0.741866
0 0.75625 0.563889 0.00729167 0.0166667 0.74373
0 0.601823 0.476852 0.0109375 0.0166667 0.744029
0 0.610417 0.748148 0.0114583 0.0148148 0.744904
0 0.546875 0.484259 0.0166667 0.0222222 0.746644
0 0.658333 0.572222 0.00833333 0.0148148 0.747211
0 0.447396 0.606019 0.0114583 0.0212963 0.749066
0 0.703385 0.652778 0.00885417 0.0148148 0.751562
0 0.711979 0.345833 0.009375 0.0212963 0.755122
0 0.602604 0.359259 0.0114583 0.0240741 0.75559
0 0.60599 0.583796 0.00885417 0.0175926 0.757727
0 0.658073 0.736111 0.0109375 0.0148148 0.768667
0 0.65625 0.658333 0.0114583 0.0166667 0.770283
0 0.658073 0.355093 0.00885417 0.0194444 0.79576
0 0.714063 0.452315 0.0145833 0.0268519 0.811908
0 0.75026 0.654167 0.00885417 0.0175926 0.814528
0 0.766667 0.443056 0.009375 0.0212963 0.816934
