0 0.749493 0.243557 0.007410 0.012368
0 0.695982 0.235462 0.006964 0.013158
0 0.644364 0.233790 0.007897 0.012446
0 0.593583 0.225255 0.010159 0.018832
0 0.539987 0.223707 0.008204 0.018520
0 0.489628 0.216551 0.008204 0.018520
0 0.440470 0.210025 0.007497 0.014104
0 0.434938 0.309718 0.007760 0.019309
0 0.440250 0.423819 0.007052 0.014893
0 0.444410 0.507129 0.008072 0.015917
0 0.440789 0.573894 0.007410 0.012368
0 0.438545 0.642626 0.006833 0.010555
0 0.433130 0.715662 0.006388 0.011345
0 0.483720 0.318808 0.013841 0.024582
0 0.534883 0.334399 0.008072 0.015917
0 0.588724 0.335988 0.010516 0.016307
0 0.639858 0.342392 0.016064 0.020633
0 0.692787 0.342523 0.017749 0.025205
0 0.745518 0.346558 0.011310 0.022457
0 0.730599 0.451750 0.010648 0.018910
0 0.683526 0.442932 0.005943 0.012135
0 0.631684 0.440787 0.006432 0.012213
0 0.581905 0.436787 0.007140 0.016629
0 0.533388 0.427301 0.007453 0.013236
0 0.485385 0.422271 0.005411 0.011189
0 0.716403 0.542627 0.006833 0.010555
0 0.711943 0.616253 0.005542 0.013792
0 0.708857 0.687038 0.008518 0.015128
0 0.704685 0.759835 0.008429 0.013392
0 0.669593 0.528603 0.006476 0.013080
0 0.624032 0.523962 0.009495 0.015284
0 0.578534 0.513211 0.006964 0.013158
0 0.532174 0.509754 0.011405 0.014727
0 0.489078 0.505068 0.006388 0.011345
0 0.485216 0.576604 0.005943 0.012135
0 0.481576 0.648613 0.005768 0.008665
0 0.479248 0.723890 0.007766 0.009843
0 0.524032 0.729281 0.008342 0.011656
0 0.524074 0.655388 0.008874 0.012602
0 0.528801 0.581367 0.009983 0.015361
0 0.566221 0.737320 0.006833 0.010555
0 0.569704 0.663538 0.006257 0.008742
0 0.572899 0.590584 0.010427 0.014572
0 0.621213 0.594353 0.005724 0.007797
0 0.615910 0.670032 0.007721 0.008976
0 0.613338 0.745270 0.005411 0.011189
0 0.666579 0.607708 0.008342 0.011657
0 0.658987 0.679960 0.010559 0.017174
0 0.659544 0.751762 0.008116 0.016785
