0 0.761979 0.581481 0.00625 0.0111111 0.271996
0 0.765885 0.667593 0.00572917 0.0111111 0.327715
0 0.75026 0.405556 0.00677083 0.0111111 0.362595
0 0.47474 0.208796 0.00677083 0.0101852 0.368505
0 0.770573 0.75787 0.00572917 0.0101852 0.380642
0 0.745573 0.317593 0.00677083 0.0111111 0.386451
0 0.71901 0.762963 0.00572917 0.0111111 0.407784
0 0.439844 0.734259 0.00572917 0.0111111 0.419496
0 0.448177 0.8375 0.00677083 0.0101852 0.433088
0 0.424479 0.422685 0.00520833 0.0101852 0.442855
0 0.417188 0.219907 0.00625 0.0101852 0.47611
0 0.420573 0.322222 0.00572917 0.0111111 0.542778
0 0.434635 0.62963 0.00572917 0.0111111 0.560677
0 0.429167 0.528241 0.00729167 0.0138889 0.616852
