0 0.683073 0.736574 0.00572917 0.0101852 0.314381
0 0.723958 0.744907 0.00729167 0.012037 0.390504
0 0.564062 0.436111 0.00625 0.0111111 0.420024
0 0.467969 0.912037 0.0078125 0.012963 0.493863
0 0.725781 0.593982 0.00677083 0.012037 0.522407
0 0.773698 0.820833 0.0078125 0.0138889 0.52548
0 0.728125 0.817593 0.00729167 0.0148148 0.540311
0 0.599479 0.733796 0.00833333 0.0138889 0.544198
0 0.721615 0.669444 0.0078125 0.0111111 0.545709
0 0.523698 0.719907 0.0078125 0.0138889 0.549453
0 0.626302 0.572685 0.00677083 0.012037 0.563239
0 0.685156 0.814352 0.00677083 0.0138889 0.568708
0 0.72474 0.46713 0.00677083 0.0157407 0.568782
0 0.459896 0.619444 0.00729167 0.012963 0.584701
0 0.453385 0.520833 0.00677083 0.012037 0.585151
0 0.589583 0.648148 0.00729167 0.012963 0.587797
0 0.577865 0.556019 0.00677083 0.012037 0.590086
0 0.779427 0.609259 0.00677083 0.012963 0.593182
0 0.620573 0.446759 0.00677083 0.0138889 0.595527
0 0.778125 0.495833 0.009375 0.0157407 0.601383
0 0.68776 0.892593 0.00677083 0.0148148 0.603599
0 0.463802 0.822222 0.0119792 0.0148148 0.617259
0 0.776302 0.89537 0.0078125 0.0148148 0.618321
0 0.520312 0.628241 0.00833333 0.0138889 0.618322
0 0.675781 0.578704 0.0078125 0.012963 0.630736
0 0.642969 0.80787 0.0078125 0.0157407 0.631376
0 0.464583 0.72037 0.0125 0.0166667 0.648125
0 0.59401 0.819444 0.00677083 0.0148148 0.648304
0 0.441146 0.315741 0.00729167 0.0148148 0.65114
0 0.615625 0.336111 0.00729167 0.0148148 0.65483
0 0.766406 0.362037 0.0078125 0.0166667 0.661651
0 0.502083 0.319444 0.00729167 0.012963 0.662059
0 0.50599 0.426852 0.0078125 0.0148148 0.664708
0 0.531771 0.822222 0.0104167 0.0148148 0.669495
0 0.673698 0.463426 0.00885417 0.0175926 0.6724
0 0.676562 0.658796 0.009375 0.0175926 0.672858
0 0.5375 0.919907 0.0125 0.0157407 0.673981
0 0.723958 0.360648 0.009375 0.0194444 0.683197
0 0.731771 0.8875 0.00833333 0.0175926 0.686749
0 0.598437 0.906018 0.00729167 0.0194444 0.698091
0 0.646094 0.898611 0.00885417 0.0212963 0.704709
0 0.445312 0.416667 0.009375 0.0166667 0.709303
0 0.772135 0.752315 0.0151042 0.0194444 0.713723
0 0.636979 0.666204 0.0125 0.0175926 0.721511
0 0.514323 0.526852 0.00885417 0.0166667 0.723303
0 0.560156 0.328704 0.0078125 0.0166667 0.72651
0 0.670313 0.343981 0.0104167 0.0212963 0.730842
