0 0.46901 0.258796 0.00885417 0.0194444 0.37127
0 0.465365 0.356944 0.00885417 0.0157407 0.391643
0 0.608073 0.527778 0.00677083 0.0111111 0.497196
0 0.657292 0.353704 0.00625 0.0111111 0.516362
0 0.608073 0.354167 0.00677083 0.012037 0.534771
0 0.56276 0.61713 0.0078125 0.012037 0.540486
0 0.417969 0.706019 0.00677083 0.012037 0.56215
0 0.608073 0.444444 0.00677083 0.0111111 0.563565
0 0.516146 0.705556 0.00729167 0.012963 0.569012
0 0.5625 0.449537 0.00625 0.0101852 0.578843
0 0.371875 0.555093 0.009375 0.0157407 0.588894
0 0.657031 0.526852 0.0078125 0.0111111 0.616725
0 0.564062 0.699537 0.00833333 0.0138889 0.619094
0 0.607813 0.616204 0.00729167 0.012037 0.622325
0 0.466146 0.547222 0.00729167 0.012963 0.625381
0 0.609635 0.702315 0.00677083 0.0101852 0.633743
0 0.41901 0.624537 0.0078125 0.012037 0.634391
0 0.563021 0.531944 0.00729167 0.012037 0.634393
0 0.467969 0.710185 0.00677083 0.012963 0.639024
0 0.563021 0.361574 0.00729167 0.012037 0.644771
0 0.563281 0.786111 0.00677083 0.012963 0.645799
0 0.411458 0.248611 0.009375 0.0175926 0.645901
0 0.371354 0.706481 0.00729167 0.012963 0.649628
0 0.417188 0.546759 0.00729167 0.0138889 0.651807
0 0.655469 0.443519 0.0078125 0.0111111 0.655328
0 0.466927 0.626852 0.0078125 0.012963 0.667419
0 0.65625 0.78287 0.00833333 0.012037 0.685071
0 0.467187 0.790278 0.00729167 0.0138889 0.685599
0 0.657552 0.709722 0.0078125 0.012037 0.685644
0 0.460677 0.450926 0.00677083 0.012963 0.692045
0 0.417969 0.786111 0.0078125 0.012963 0.692872
0 0.514323 0.623148 0.0078125 0.012963 0.695043
0 0.370313 0.778241 0.00833333 0.012037 0.696239
0 0.516927 0.786111 0.00677083 0.012963 0.697252
0 0.515365 0.365741 0.00677083 0.012963 0.705685
0 0.515104 0.452315 0.00729167 0.0138889 0.713814
0 0.655469 0.270833 0.00677083 0.0138889 0.71515
0 0.610937 0.786111 0.00729167 0.012963 0.72388
0 0.516667 0.536111 0.00833333 0.0148148 0.747878
0 0.657812 0.617593 0.009375 0.0148148 0.760747
0 0.608854 0.267593 0.00729167 0.0148148 0.763064
0 0.370833 0.631944 0.009375 0.0175926 0.773594
0 0.517969 0.274537 0.00885417 0.0175926 0.789129
0 0.56276 0.266204 0.0078125 0.0157407 0.792917
