0 0.719792 0.47963 0.00729167 0.0111111 0.293504
0 0.588021 0.663889 0.00625 0.0111111 0.338891
0 0.733333 0.740278 0.00625 0.0101852 0.420108
0 0.791667 0.908796 0.00729167 0.012037 0.429786
0 0.67474 0.483333 0.00677083 0.0111111 0.431745
0 0.72526 0.569907 0.0078125 0.0101852 0.441522
0 0.679167 0.571759 0.00625 0.0101852 0.461022
0 0.497396 0.746296 0.00833333 0.012963 0.467996
0 0.729167 0.651852 0.00729167 0.0111111 0.477115
0 0.639323 0.656018 0.0078125 0.012037 0.495976
0 0.628646 0.4875 0.00625 0.012037 0.50629
0 0.740625 0.826852 0.00729167 0.0111111 0.514916
0 0.632812 0.573611 0.00625 0.012037 0.55249
0 0.699479 0.909722 0.00625 0.012037 0.562744
0 0.694271 0.823611 0.00729167 0.012037 0.564678
0 0.76901 0.481019 0.00677083 0.012037 0.567599
0 0.647396 0.824537 0.00729167 0.012037 0.574283
0 0.577083 0.568519 0.00625 0.0111111 0.578286
0 0.746094 0.911111 0.00677083 0.0111111 0.595356
0 0.653646 0.907407 0.00729167 0.012963 0.603265
0 0.777083 0.65463 0.00833333 0.012963 0.609074
0 0.54974 0.819444 0.0078125 0.012963 0.612495
0 0.684635 0.656018 0.0078125 0.012037 0.625466
0 0.689062 0.741667 0.009375 0.012963 0.63155
0 0.555208 0.900926 0.00729167 0.012963 0.633832
0 0.789323 0.838426 0.0078125 0.012037 0.63435
0 0.545833 0.740741 0.00729167 0.012963 0.640749
0 0.714583 0.392593 0.00729167 0.012963 0.645105
0 0.594792 0.74537 0.00833333 0.012963 0.65576
0 0.600781 0.828241 0.00885417 0.0138889 0.656981
0 0.50651 0.89213 0.0078125 0.012037 0.65924
0 0.574219 0.475 0.00989583 0.0148148 0.669713
0 0.773177 0.571296 0.00885417 0.012963 0.674567
0 0.761458 0.397685 0.00729167 0.0138889 0.68216
0 0.502865 0.818056 0.00885417 0.0138889 0.693604
0 0.783333 0.744444 0.0114583 0.0148148 0.694078
0 0.604948 0.909259 0.00677083 0.012963 0.704874
0 0.66849 0.388426 0.0078125 0.0157407 0.7135
0 0.515365 0.361574 0.00885417 0.0175926 0.728579
0 0.538542 0.6625 0.009375 0.0157407 0.729133
0 0.624219 0.395833 0.00885417 0.0157407 0.753584
0 0.641927 0.744444 0.00989583 0.0148148 0.753926
