0 0.37526 0.702778 0.00677083 0.00925926 0.273618
0 0.490625 0.210648 0.00625 0.0101852 0.276549
0 0.433594 0.386111 0.00572917 0.00925926 0.310871
0 0.371875 0.0810185 0.00625 0.0101852 0.36037
0 0.640104 0.385648 0.00625 0.0101852 0.376125
0 0.584896 0.120833 0.00625 0.0101852 0.376126
0 0.59349 0.562037 0.00677083 0.0111111 0.390698
0 0.589844 0.383796 0.00572917 0.0101852 0.402353
0 0.31224 0.189352 0.00572917 0.0101852 0.426819
0 0.58724 0.207407 0.00572917 0.0111111 0.431807
0 0.540365 0.295833 0.00677083 0.012037 0.442955
0 0.310937 0.0884259 0.00625 0.0101852 0.452106
0 0.589323 0.293519 0.00677083 0.0111111 0.452581
0 0.635417 0.119444 0.00729167 0.0111111 0.479395
0 0.645052 0.559722 0.00677083 0.0101852 0.484434
0 0.374479 0.600926 0.00625 0.0111111 0.499511
0 0.3125 0.290278 0.00625 0.0101852 0.523307
0 0.438281 0.679167 0.00677083 0.0101852 0.526483
0 0.319792 0.706019 0.00833333 0.0101852 0.554184
0 0.591927 0.471296 0.0078125 0.0111111 0.554489
0 0.638802 0.29537 0.00677083 0.0111111 0.580582
0 0.645312 0.65 0.00729167 0.0111111 0.582803
0 0.636719 0.207407 0.00677083 0.0111111 0.586435
0 0.594271 0.651389 0.00625 0.012037 0.58761
0 0.643229 0.467593 0.00833333 0.0111111 0.59366
0 0.314323 0.496296 0.00677083 0.0111111 0.596428
0 0.435937 0.484722 0.00729167 0.0101852 0.598829
0 0.316406 0.602315 0.00572917 0.0101852 0.60137
0 0.4375 0.583333 0.00729167 0.0111111 0.620752
0 0.31276 0.39537 0.00677083 0.0111111 0.66234
