0 0.550521 0.854167 0.00625 0.0101852 0.257244
0 0.604427 0.829167 0.00572917 0.0101852 0.259603
0 0.641927 0.368981 0.0078125 0.0101852 0.278042
0 0.426042 0.782407 0.00625 0.0111111 0.304191
0 0.638542 0.271759 0.00729167 0.0101852 0.306226
0 0.751042 0.370833 0.00833333 0.012037 0.323335
0 0.411719 0.471759 0.00677083 0.0101852 0.355226
0 0.420573 0.679167 0.00572917 0.0101852 0.359282
0 0.416146 0.576389 0.00520833 0.0101852 0.370179
0 0.584375 0.365278 0.00833333 0.012037 0.378544
0 0.406771 0.269907 0.00729167 0.0101852 0.407701
0 0.408073 0.366204 0.00677083 0.0101852 0.432748
0 0.581771 0.268056 0.00833333 0.012037 0.46218
