0 0.477083 0.59537 0.00625 0.0111111 0.336376
0 0.692969 0.640741 0.00677083 0.0111111 0.350295
0 0.481771 0.693981 0.00729167 0.0101852 0.36709
0 0.650521 0.733796 0.00729167 0.012037 0.383924
0 0.533854 0.485185 0.00625 0.0111111 0.409155
0 0.603385 0.741204 0.00677083 0.012037 0.422744
0 0.548437 0.767593 0.00729167 0.0111111 0.430415
0 0.69401 0.359259 0.00677083 0.0111111 0.430801
0 0.698438 0.724537 0.00833333 0.012037 0.432179
0 0.460417 0.285648 0.00625 0.012037 0.435557
0 0.689323 0.556944 0.00677083 0.012037 0.436409
0 0.701563 0.808333 0.00729167 0.0111111 0.442051
0 0.641927 0.5625 0.00677083 0.012037 0.444038
0 0.739323 0.63287 0.0078125 0.012037 0.444114
0 0.519271 0.276852 0.00729167 0.0111111 0.460069
0 0.688281 0.262037 0.00677083 0.0111111 0.461469
0 0.465104 0.386574 0.00625 0.012037 0.466382
0 0.471354 0.488889 0.00625 0.0111111 0.470378
0 0.59349 0.570833 0.00677083 0.012037 0.484665
0 0.639323 0.363889 0.0078125 0.0111111 0.496859
0 0.744792 0.716204 0.00833333 0.012037 0.504637
0 0.554427 0.864352 0.00677083 0.012037 0.504969
0 0.403125 0.3 0.00729167 0.0111111 0.519119
0 0.522917 0.378241 0.00729167 0.012037 0.556943
0 0.588542 0.477315 0.00729167 0.012037 0.566929
0 0.640104 0.471759 0.00729167 0.012037 0.567806
0 0.655729 0.818981 0.00729167 0.012037 0.570507
0 0.607292 0.830556 0.00729167 0.0111111 0.572199
0 0.416667 0.603241 0.00625 0.0101852 0.574054
0 0.692187 0.464352 0.00729167 0.012037 0.589639
0 0.422135 0.706944 0.00677083 0.012037 0.617918
0 0.486719 0.8 0.00885417 0.0111111 0.622707
0 0.741667 0.259259 0.00833333 0.0111111 0.629074
0 0.410677 0.5 0.00677083 0.0111111 0.629862
0 0.428125 0.809722 0.00729167 0.012037 0.632152
0 0.633854 0.266667 0.00729167 0.0111111 0.636975
0 0.735677 0.548611 0.00677083 0.012037 0.653999
0 0.406771 0.394444 0.00729167 0.0111111 0.654367
0 0.747917 0.801852 0.00833333 0.012963 0.663808
0 0.577865 0.272222 0.00885417 0.012963 0.670085
0 0.583073 0.37037 0.0078125 0.012963 0.674039
0 0.742969 0.456481 0.00885417 0.012963 0.713226
0 0.747656 0.352778 0.00885417 0.012963 0.73236
