0 0.678385 0.727778 0.00677083 0.0111111 0.253461
0 0.766146 0.661111 0.00625 0.012963 0.401044
0 0.56875 0.444444 0.00625 0.0111111 0.460928
0 0.720833 0.729167 0.00833333 0.012037 0.46454
0 0.768229 0.797685 0.00833333 0.0157407 0.486002
0 0.521615 0.735648 0.0078125 0.0138889 0.507697
0 0.595833 0.737963 0.00833333 0.012963 0.521221
0 0.625781 0.444907 0.00677083 0.0138889 0.529467
0 0.726823 0.575926 0.00677083 0.012963 0.535023
0 0.519271 0.647222 0.00729167 0.012963 0.535145
0 0.627083 0.571759 0.00625 0.012037 0.539516
0 0.678906 0.80463 0.00677083 0.012963 0.544824
0 0.78099 0.469444 0.00885417 0.0148148 0.545784
0 0.721875 0.799537 0.00833333 0.0175926 0.558048
0 0.578646 0.5625 0.00625 0.012037 0.560819
0 0.589063 0.653704 0.00729167 0.012963 0.563728
0 0.720052 0.651389 0.0078125 0.012037 0.563967
0 0.767448 0.870833 0.00885417 0.0157407 0.571754
0 0.779167 0.584722 0.00729167 0.0138889 0.576903
0 0.458854 0.64537 0.00729167 0.012963 0.592012
0 0.58724 0.824074 0.00677083 0.012963 0.596777
0 0.77526 0.335648 0.0078125 0.0157407 0.604244
0 0.728646 0.449537 0.00729167 0.0157407 0.614841
0 0.732813 0.34213 0.009375 0.0175926 0.615744
0 0.455208 0.547222 0.00729167 0.012963 0.615835
0 0.676562 0.568056 0.00729167 0.0138889 0.62082
0 0.449479 0.343519 0.00729167 0.0148148 0.623955
0 0.457812 0.936574 0.00833333 0.0138889 0.626724
0 0.678646 0.88287 0.00729167 0.0157407 0.62803
0 0.624219 0.334722 0.0078125 0.0157407 0.644445
0 0.511458 0.443519 0.00833333 0.0148148 0.647054
0 0.457812 0.843982 0.0104167 0.0138889 0.648718
0 0.636979 0.805093 0.00833333 0.0175926 0.662744
0 0.524479 0.838889 0.009375 0.0148148 0.677909
0 0.588802 0.911111 0.0078125 0.0185185 0.67813
0 0.510156 0.337963 0.00677083 0.012963 0.68682
0 0.76849 0.727315 0.0130208 0.0194444 0.692659
0 0.678385 0.453704 0.00885417 0.0185185 0.694805
0 0.56875 0.337037 0.00833333 0.0148148 0.696991
0 0.677865 0.335185 0.0109375 0.0203704 0.698666
0 0.634896 0.663426 0.0125 0.0175926 0.700799
0 0.723698 0.870833 0.00885417 0.0175926 0.702594
0 0.636979 0.894907 0.00833333 0.0212963 0.705647
0 0.67474 0.65 0.00989583 0.0185185 0.708298
0 0.458854 0.748148 0.0125 0.0148148 0.719185
0 0.451042 0.443981 0.0104167 0.0175926 0.743215
0 0.516146 0.543519 0.0104167 0.0185185 0.747354
0 0.527083 0.935648 0.0114583 0.0175926 0.772617
