0 0.725521 0.575 0.00729167 0.012963 0.258475
0 0.577865 0.560648 0.00677083 0.0138889 0.260645
0 0.595573 0.736574 0.00989583 0.0157407 0.262463
0 0.626042 0.569907 0.00729167 0.0138889 0.27006
0 0.588542 0.651389 0.00833333 0.0138889 0.270851
0 0.720312 0.727778 0.00833333 0.0148148 0.272465
0 0.6375 0.89537 0.0104167 0.0222222 0.278776
0 0.679688 0.803241 0.00729167 0.0138889 0.286406
0 0.679688 0.881944 0.00625 0.0138889 0.28784
0 0.721875 0.798148 0.009375 0.0166667 0.29659
0 0.588542 0.822685 0.00833333 0.0157407 0.312568
0 0.717708 0.650926 0.009375 0.0148148 0.313265
0 0.778125 0.58287 0.00833333 0.0138889 0.319251
0 0.675781 0.451389 0.00989583 0.0175926 0.319347
0 0.458854 0.843982 0.0125 0.0157407 0.321783
0 0.724479 0.870833 0.009375 0.0157407 0.327267
0 0.779427 0.469444 0.00989583 0.0166667 0.332899
0 0.458333 0.64537 0.00729167 0.012963 0.333654
0 0.590625 0.910185 0.00833333 0.0185185 0.341081
0 0.6375 0.803704 0.0104167 0.0203704 0.342429
0 0.525781 0.837963 0.0109375 0.0185185 0.344029
0 0.454427 0.546296 0.00677083 0.012963 0.344285
0 0.771615 0.334722 0.00885417 0.0175926 0.348002
0 0.458594 0.746759 0.0130208 0.0175926 0.353127
0 0.728906 0.341204 0.00989583 0.0194444 0.358862
0 0.565365 0.335185 0.00885417 0.0166667 0.360144
0 0.726302 0.448148 0.00885417 0.0166667 0.361419
0 0.767708 0.725463 0.015625 0.0231481 0.371751
0 0.519271 0.645833 0.009375 0.0157407 0.372387
0 0.621094 0.333333 0.00885417 0.0166667 0.372703
0 0.528906 0.934722 0.0130208 0.0194444 0.377191
0 0.673698 0.648148 0.0109375 0.0203704 0.385838
0 0.634375 0.661111 0.0125 0.0203704 0.385873
0 0.507292 0.337037 0.00729167 0.012963 0.387274
0 0.515104 0.542593 0.0104167 0.0185185 0.399001
0 0.510938 0.440741 0.00833333 0.0148148 0.404116
0 0.67474 0.335185 0.0119792 0.0203704 0.40708
0 0.447396 0.441204 0.0104167 0.0194444 0.486047
0 0.445573 0.34213 0.00677083 0.0138889 0.517567
