0 0.722396 0.475926 0.00729167 0.0111111 0.271988
0 0.469531 0.475463 0.0130208 0.0212963 0.276502
0 0.588542 0.665278 0.00729167 0.012037 0.328635
0 0.728646 0.647222 0.00729167 0.0111111 0.386041
0 0.731771 0.736574 0.00729167 0.0101852 0.390435
0 0.522396 0.364352 0.009375 0.0175926 0.451196
0 0.678125 0.481944 0.00729167 0.012037 0.457537
0 0.680208 0.568519 0.00729167 0.0111111 0.459197
0 0.77474 0.565741 0.00885417 0.012963 0.4828
0 0.591927 0.746296 0.0078125 0.0111111 0.48412
0 0.633594 0.571296 0.00677083 0.0111111 0.503435
0 0.629948 0.485648 0.00677083 0.012037 0.504862
0 0.578385 0.568056 0.00677083 0.012037 0.513173
0 0.771875 0.476389 0.00729167 0.012037 0.533486
0 0.642969 0.821759 0.0078125 0.012037 0.533963
0 0.638802 0.653241 0.00885417 0.012037 0.536896
0 0.596094 0.827315 0.0078125 0.012037 0.544824
0 0.719792 0.389352 0.00729167 0.012037 0.549639
0 0.785156 0.904167 0.00885417 0.012037 0.556289
0 0.740625 0.906944 0.00729167 0.012037 0.556672
0 0.777604 0.649074 0.00833333 0.012963 0.572621
0 0.542708 0.743056 0.00729167 0.012037 0.579395
0 0.736198 0.822222 0.0078125 0.0111111 0.580403
0 0.639583 0.74213 0.00833333 0.012037 0.581484
0 0.690625 0.820833 0.00833333 0.012037 0.585665
0 0.684115 0.650926 0.00885417 0.012963 0.58855
0 0.693229 0.908333 0.00729167 0.012963 0.595131
0 0.686719 0.738426 0.00885417 0.012037 0.601572
0 0.496094 0.748148 0.0078125 0.012963 0.602591
0 0.766406 0.393056 0.0078125 0.0138889 0.631532
0 0.647656 0.905556 0.00677083 0.012963 0.632464
0 0.544792 0.820833 0.00833333 0.012037 0.638894
0 0.53724 0.664815 0.0078125 0.0148148 0.642281
0 0.498437 0.822222 0.00729167 0.012963 0.643323
0 0.548177 0.902315 0.0078125 0.012037 0.650223
0 0.597396 0.908796 0.00729167 0.0138889 0.651319
0 0.785417 0.832407 0.0104167 0.0148148 0.663564
0 0.5 0.894907 0.00833333 0.0138889 0.672564
0 0.519271 0.468519 0.009375 0.0166667 0.685467
0 0.78125 0.740278 0.0114583 0.0157407 0.702061
0 0.673698 0.386574 0.0078125 0.0157407 0.719664
0 0.628906 0.394444 0.0078125 0.0166667 0.725351
