0 0.677344 0.747222 0.0078125 0.0111111 0.52432
0 0.627083 0.446296 0.00729167 0.012963 0.534937
0 0.569792 0.428241 0.00729167 0.012037 0.570447
0 0.768229 0.847685 0.00833333 0.0138889 0.621668
0 0.519531 0.611111 0.0078125 0.0148148 0.622663
0 0.45599 0.883333 0.0078125 0.012963 0.644169
0 0.520052 0.701389 0.00885417 0.0157407 0.661724
0 0.720573 0.762037 0.00885417 0.012963 0.67144
0 0.458594 0.589352 0.00885417 0.0138889 0.682566
0 0.766146 0.711574 0.00729167 0.0138889 0.685989
0 0.727604 0.612963 0.00729167 0.012963 0.71717
0 0.579167 0.548611 0.00729167 0.012037 0.718858
0 0.733594 0.381019 0.00989583 0.0212963 0.720825
0 0.720833 0.687963 0.009375 0.012963 0.724459
0 0.678125 0.823148 0.00729167 0.012963 0.727459
0 0.779167 0.637963 0.00729167 0.0148148 0.729966
0 0.627604 0.574537 0.00729167 0.012037 0.730147
0 0.588281 0.64213 0.0078125 0.012037 0.73429
0 0.766667 0.918056 0.00833333 0.0138889 0.737704
0 0.45625 0.792593 0.0104167 0.0148148 0.737713
0 0.51276 0.301852 0.0078125 0.0148148 0.742854
0 0.456771 0.691667 0.0125 0.0166667 0.747005
0 0.451302 0.2875 0.0078125 0.0138889 0.752553
0 0.721354 0.83287 0.00833333 0.0157407 0.753291
0 0.586458 0.8125 0.00729167 0.0157407 0.758748
0 0.677083 0.587963 0.00833333 0.0148148 0.760262
0 0.782292 0.524537 0.0104167 0.0157407 0.766608
0 0.728906 0.487037 0.0078125 0.0166667 0.772976
0 0.45599 0.493056 0.0078125 0.0157407 0.778178
0 0.451042 0.387037 0.0104167 0.0203704 0.779154
0 0.777083 0.390278 0.00833333 0.0175926 0.780814
0 0.595312 0.72963 0.0104167 0.0148148 0.782902
0 0.678125 0.900463 0.00729167 0.0157407 0.783048
0 0.722135 0.903704 0.00885417 0.0185185 0.79235
0 0.635677 0.671296 0.0119792 0.0203704 0.796781
0 0.511198 0.40787 0.00885417 0.0175926 0.801208
0 0.522656 0.804167 0.00885417 0.0157407 0.801295
0 0.525521 0.902778 0.0125 0.0203704 0.811646
0 0.673698 0.666667 0.00989583 0.0185185 0.814436
0 0.570312 0.321759 0.009375 0.0175926 0.819265
0 0.636979 0.809259 0.009375 0.0185185 0.823596
0 0.58724 0.899074 0.0078125 0.0185185 0.827619
0 0.626302 0.337963 0.00885417 0.0166667 0.829675
0 0.516146 0.509259 0.009375 0.0185185 0.839041
0 0.636198 0.9 0.00885417 0.0203704 0.849069
0 0.678646 0.356481 0.0114583 0.0222222 0.854069
0 0.767969 0.779167 0.0140625 0.0212963 0.856019
0 0.679167 0.475 0.009375 0.0203704 0.856378
