0 0.287037 0.735751 0.007828 0.013248
0 0.295336 0.634421 0.007078 0.014580
0 0.315972 0.522793 0.009157 0.015610
0 0.337054 0.414652 0.009821 0.016791
0 0.345072 0.310844 0.007308 0.012990
0 0.353300 0.207584 0.008868 0.013763
0 0.363140 0.099122 0.009675 0.015867
0 0.345574 0.759107 0.008203 0.012582
0 0.356093 0.657070 0.010425 0.014536
0 0.373260 0.540018 0.008262 0.016019
0 0.393256 0.431999 0.007163 0.012067
0 0.403277 0.332186 0.006643 0.011809
0 0.410658 0.226740 0.004796 0.009190
0 0.420969 0.118908 0.007828 0.013248
0 0.406144 0.778355 0.007538 0.011400
0 0.415978 0.675141 0.008203 0.012582
0 0.432086 0.555357 0.009072 0.018123
0 0.450120 0.448131 0.008347 0.013506
0 0.458913 0.349827 0.008118 0.015094
0 0.467895 0.249675 0.009386 0.014021
0 0.479700 0.135171 0.008347 0.013506
0 0.468367 0.797186 0.007163 0.012067
0 0.479501 0.694396 0.007597 0.014838
0 0.491639 0.576660 0.007163 0.012067
0 0.504378 0.473913 0.009530 0.014944
0 0.517097 0.368775 0.008288 0.010069
0 0.526059 0.266229 0.006933 0.013656
0 0.539040 0.155928 0.005315 0.009448
0 0.529644 0.820005 0.008722 0.012840
0 0.541439 0.715998 0.006643 0.011809
0 0.550084 0.595692 0.007682 0.012325
0 0.561291 0.489585 0.004796 0.009190
0 0.572472 0.386331 0.005834 0.009704
0 0.585684 0.284215 0.005979 0.010628
0 0.595714 0.173906 0.004131 0.008008
0 0.590356 0.837868 0.007163 0.012067
0 0.602572 0.740201 0.009675 0.015867
0 0.608814 0.611955 0.009072 0.018123
0 0.615982 0.505964 0.005521 0.013807
0 0.630185 0.404648 0.008927 0.017200
0 0.642571 0.302741 0.013143 0.022697
0 0.654890 0.193655 0.007973 0.014171
0 0.649745 0.858163 0.010051 0.015201
0 0.666052 0.754670 0.015885 0.024907
0 0.668059 0.633635 0.005750 0.012218
0 0.671474 0.524989 0.008347 0.013506
0 0.683716 0.424467 0.009012 0.014687
0 0.699950 0.324290 0.007828 0.013248
0 0.714634 0.213110 0.007223 0.015503
