0 0.751042 0.477778 0.00729167 0.0111111 0.258378
0 0.485156 0.343519 0.0109375 0.0148148 0.262971
0 0.801042 0.306481 0.00729167 0.0111111 0.349492
0 0.798698 0.57037 0.00677083 0.0111111 0.373079
0 0.704687 0.562963 0.00625 0.0111111 0.380532
0 0.664062 0.833333 0.00833333 0.0148148 0.380632
0 0.747917 0.566667 0.00625 0.0111111 0.38397
0 0.74974 0.749537 0.0078125 0.012037 0.409282
0 0.486979 0.348611 0.0125 0.0175926 0.426837
0 0.703906 0.744907 0.0078125 0.012037 0.432246
0 0.660156 0.468981 0.00677083 0.0101852 0.445704
0 0.705729 0.653241 0.00729167 0.012037 0.446803
0 0.800521 0.483333 0.00833333 0.012963 0.466435
0 0.750521 0.655093 0.00729167 0.012037 0.482948
0 0.707292 0.386111 0.00833333 0.012963 0.505658
0 0.711198 0.297222 0.0078125 0.012963 0.507087
0 0.797656 0.661111 0.0078125 0.012963 0.515718
0 0.660677 0.559722 0.00677083 0.012037 0.519353
0 0.795833 0.846759 0.009375 0.0157407 0.526433
0 0.670052 0.295833 0.0078125 0.012037 0.548316
0 0.60599 0.459722 0.0078125 0.012037 0.555129
0 0.746615 0.838889 0.0078125 0.012963 0.558873
0 0.798698 0.75787 0.00989583 0.0138889 0.570069
0 0.660417 0.65 0.00729167 0.012963 0.571965
0 0.661979 0.385648 0.00729167 0.012037 0.580207
0 0.703385 0.838889 0.00885417 0.0148148 0.602659
0 0.661198 0.738889 0.00989583 0.0166667 0.625481
0 0.610677 0.358333 0.00885417 0.0148148 0.631047
0 0.48099 0.444907 0.00989583 0.012037 0.632073
0 0.619792 0.841667 0.00729167 0.012963 0.63299
0 0.476562 0.749074 0.00729167 0.0111111 0.636021
0 0.551302 0.757407 0.0078125 0.0111111 0.637984
0 0.610417 0.652315 0.00833333 0.0138889 0.638444
0 0.609115 0.75 0.00885417 0.012963 0.643093
0 0.620313 0.269907 0.00833333 0.012037 0.659091
0 0.606771 0.55787 0.009375 0.0138889 0.659327
0 0.488281 0.244907 0.0078125 0.0138889 0.659753
0 0.552083 0.349537 0.0104167 0.0138889 0.663396
0 0.55 0.45 0.009375 0.012963 0.673913
0 0.551562 0.650926 0.0125 0.0148148 0.682705
0 0.559115 0.25 0.0078125 0.012963 0.685275
0 0.476302 0.64537 0.00989583 0.012963 0.686011
0 0.477865 0.548148 0.00989583 0.012963 0.691351
0 0.549219 0.555093 0.00989583 0.0138889 0.733943
0 0.476302 0.848611 0.0119792 0.0157407 0.740061
0 0.551823 0.854167 0.0119792 0.0157407 0.759402
