0 0.504948 0.467593 0.0171875 0.0222222 0.433168
0 0.55026 0.746296 0.0078125 0.0111111 0.55453
0 0.501302 0.755556 0.0078125 0.012963 0.618977
0 0.502083 0.576389 0.00729167 0.0138889 0.622146
0 0.452344 0.756944 0.0078125 0.012037 0.638789
0 0.546615 0.825926 0.00885417 0.012963 0.641502
0 0.604427 0.663889 0.00885417 0.012963 0.655399
0 0.505469 0.671296 0.00885417 0.012963 0.659971
0 0.457292 0.355556 0.00729167 0.012963 0.660721
0 0.498958 0.828704 0.009375 0.0166667 0.684246
0 0.55651 0.580093 0.00677083 0.012037 0.687307
0 0.442708 0.910185 0.00833333 0.012963 0.68988
0 0.60026 0.746296 0.0109375 0.0148148 0.692401
0 0.448438 0.831944 0.009375 0.0138889 0.695006
0 0.567448 0.357407 0.0078125 0.0148148 0.697038
0 0.539583 0.906482 0.00833333 0.012963 0.699355
0 0.595573 0.824537 0.00885417 0.012037 0.701743
0 0.589583 0.90463 0.00833333 0.012963 0.709328
0 0.554688 0.667593 0.00833333 0.012963 0.719366
0 0.671875 0.477315 0.00729167 0.0138889 0.722574
0 0.615104 0.475 0.009375 0.0148148 0.725478
0 0.490885 0.90787 0.0078125 0.0138889 0.727433
0 0.45651 0.678704 0.0078125 0.0148148 0.733793
0 0.733854 0.35787 0.00833333 0.0175926 0.735834
0 0.682552 0.899074 0.0078125 0.012963 0.73651
0 0.513281 0.35463 0.0078125 0.0148148 0.737442
0 0.635938 0.901852 0.00833333 0.012963 0.73942
0 0.729948 0.895833 0.00885417 0.0138889 0.745223
0 0.711458 0.577778 0.00625 0.012963 0.752809
0 0.688542 0.819444 0.00833333 0.012963 0.757465
0 0.642708 0.820833 0.009375 0.012037 0.759305
0 0.69401 0.742593 0.00885417 0.012963 0.765837
0 0.698698 0.666204 0.0078125 0.0138889 0.76665
0 0.622656 0.355556 0.00885417 0.0203704 0.768552
0 0.661198 0.578241 0.0078125 0.0138889 0.771401
0 0.609635 0.580556 0.0078125 0.0148148 0.771418
0 0.652083 0.665741 0.0104167 0.0148148 0.773463
0 0.740365 0.743981 0.0078125 0.0138889 0.778764
0 0.735417 0.818519 0.00833333 0.012963 0.779489
0 0.783594 0.358333 0.0078125 0.0166667 0.779808
0 0.647917 0.743519 0.0114583 0.0148148 0.785922
0 0.759115 0.584722 0.00677083 0.0157407 0.790846
0 0.559375 0.471296 0.0135417 0.0185185 0.802677
0 0.744271 0.673148 0.00833333 0.0166667 0.804257
0 0.452083 0.581481 0.0114583 0.0203704 0.807388
0 0.448177 0.466667 0.00989583 0.0203704 0.824361
0 0.677865 0.359722 0.0078125 0.0194444 0.834184
0 0.727604 0.466204 0.0135417 0.025 0.840662
0 0.778385 0.465278 0.00885417 0.0194444 0.841259
