0 0.318052 0.190877 0.006536 0.010741
0 0.313060 0.291480 0.005548 0.012496
0 0.318591 0.406951 0.007630 0.012686
0 0.324995 0.519257 0.008176 0.013658
0 0.319417 0.622125 0.006015 0.010694
0 0.314112 0.724554 0.007576 0.010836
0 0.309687 0.832626 0.008149 0.012733
0 0.377209 0.192105 0.007029 0.009864
0 0.374258 0.294286 0.009136 0.010979
0 0.375767 0.413561 0.006616 0.013516
0 0.381145 0.525309 0.005989 0.009769
0 0.378001 0.625154 0.005468 0.009722
0 0.371601 0.729338 0.003855 0.007730
0 0.367710 0.836995 0.006536 0.010741
0 0.437793 0.198099 0.006482 0.008892
0 0.434034 0.301132 0.007029 0.009864
0 0.434177 0.422602 0.007189 0.015413
0 0.437774 0.532797 0.007056 0.010789
0 0.433643 0.630697 0.006589 0.012591
0 0.429458 0.730447 0.008096 0.010884
0 0.426147 0.845111 0.007056 0.010789
0 0.499910 0.205160 0.005989 0.009769
0 0.497453 0.308312 0.006069 0.012543
0 0.494047 0.426212 0.005989 0.009769
0 0.493137 0.529970 0.008122 0.011809
0 0.491899 0.636014 0.007469 0.007137
0 0.487388 0.738052 0.005522 0.011571
0 0.485743 0.849160 0.004375 0.007777
0 0.561628 0.208012 0.007550 0.009912
0 0.559651 0.312598 0.005468 0.009722
0 0.552564 0.431554 0.006509 0.009817
0 0.549753 0.537918 0.003855 0.007730
0 0.547282 0.641533 0.004894 0.007825
0 0.546905 0.744876 0.004921 0.008749
0 0.542426 0.854797 0.003308 0.006757
0 0.622172 0.215393 0.005989 0.009769
0 0.621408 0.314064 0.008149 0.012733
0 0.611001 0.439669 0.007189 0.015413
0 0.604329 0.544291 0.003988 0.012354
0 0.605005 0.647266 0.007163 0.014488
0 0.603862 0.750075 0.010911 0.018519
0 0.601736 0.859748 0.006562 0.011666
0 0.681756 0.219904 0.008643 0.011856
0 0.684172 0.325819 0.013538 0.019682
0 0.670624 0.442794 0.004455 0.010551
0 0.660011 0.548446 0.007056 0.010789
0 0.658907 0.649868 0.007603 0.011761
0 0.661678 0.752571 0.006536 0.010741
0 0.661554 0.865208 0.005575 0.013421
