0 0.666927 0.963426 0.00572917 0.0101852 0.298633
0 0.494792 0.866667 0.00625 0.0111111 0.327814
0 0.611458 0.755093 0.00625 0.0101852 0.33869
0 0.490365 0.97963 0.00677083 0.0111111 0.343066
0 0.609635 0.968518 0.00677083 0.0111111 0.376044
0 0.548958 0.972685 0.00729167 0.012037 0.402379
0 0.66875 0.651852 0.00625 0.0111111 0.420848
0 0.667188 0.855556 0.00625 0.0111111 0.443906
0 0.610417 0.856944 0.00729167 0.012037 0.455091
0 0.499219 0.765741 0.00677083 0.0111111 0.476197
0 0.614323 0.546296 0.00572917 0.0111111 0.478161
0 0.554167 0.551852 0.00729167 0.0111111 0.489624
0 0.61276 0.651389 0.00677083 0.012037 0.497255
0 0.671615 0.541204 0.00677083 0.012037 0.498101
0 0.551562 0.861111 0.00729167 0.012963 0.550798
0 0.678385 0.318519 0.0078125 0.0111111 0.555409
0 0.725 0.960185 0.00729167 0.012963 0.561474
0 0.557031 0.659722 0.00677083 0.012037 0.566487
0 0.501562 0.663889 0.00625 0.0111111 0.56725
0 0.616406 0.323148 0.0078125 0.0111111 0.569139
0 0.43125 0.986574 0.00729167 0.012037 0.570419
0 0.739323 0.313426 0.0078125 0.0101852 0.573285
0 0.73125 0.539815 0.00729167 0.012963 0.574912
0 0.554427 0.327778 0.0078125 0.0111111 0.575538
0 0.779688 0.643519 0.00625 0.0111111 0.592271
0 0.495833 0.552315 0.00729167 0.012037 0.594107
0 0.740365 0.414815 0.0078125 0.012963 0.601728
0 0.615365 0.428241 0.00677083 0.012037 0.610531
0 0.440365 0.769907 0.00677083 0.012037 0.61193
0 0.723958 0.647685 0.00625 0.012037 0.616036
0 0.677604 0.422685 0.00729167 0.012037 0.619496
0 0.435156 0.873611 0.00677083 0.012037 0.6253
0 0.491406 0.434259 0.0078125 0.0111111 0.627306
0 0.783594 0.957407 0.00885417 0.012963 0.632504
0 0.790885 0.534259 0.00677083 0.0111111 0.633271
0 0.552344 0.431944 0.0078125 0.012037 0.642138
0 0.779948 0.741667 0.00885417 0.012963 0.648247
0 0.782552 0.845833 0.0078125 0.012037 0.663678
0 0.495313 0.331481 0.00729167 0.0111111 0.668203
0 0.554167 0.761574 0.00729167 0.0138889 0.678297
0 0.436979 0.556944 0.00729167 0.012037 0.684919
0 0.444531 0.668981 0.0078125 0.0138889 0.685419
0 0.724479 0.748148 0.00729167 0.012963 0.697177
0 0.8 0.310648 0.00833333 0.012037 0.698885
0 0.72474 0.85 0.00989583 0.0166667 0.720248
0 0.43125 0.441204 0.00729167 0.0138889 0.728006
0 0.434635 0.341204 0.0078125 0.012037 0.748273
0 0.802344 0.414352 0.0119792 0.0175926 0.799231
