0 0.683073 0.826389 0.0078125 0.0138889 0.253478
0 0.639063 0.292593 0.00625 0.0111111 0.304298
0 0.766146 0.824074 0.00729167 0.012963 0.327302
0 0.663542 0.648611 0.00625 0.012037 0.342513
0 0.715104 0.735185 0.00833333 0.012963 0.378888
0 0.600781 0.561111 0.0078125 0.0111111 0.381615
0 0.524219 0.260185 0.00677083 0.0111111 0.382778
0 0.707812 0.64537 0.00729167 0.0111111 0.405647
0 0.758594 0.733796 0.00677083 0.0101852 0.422617
0 0.752865 0.641667 0.00677083 0.0111111 0.429287
0 0.790885 0.549074 0.0078125 0.0111111 0.436159
0 0.590365 0.463426 0.0078125 0.012037 0.440895
0 0.614323 0.653241 0.0078125 0.012037 0.442057
0 0.784635 0.464352 0.00885417 0.012037 0.471481
0 0.586979 0.273148 0.00729167 0.0111111 0.491211
0 0.584896 0.362037 0.00729167 0.012963 0.493579
0 0.460938 0.365741 0.0104167 0.012963 0.512231
0 0.798437 0.639815 0.00833333 0.0111111 0.516655
0 0.642708 0.84213 0.00729167 0.012037 0.539862
0 0.554948 0.661111 0.0109375 0.012963 0.549935
0 0.491927 0.769444 0.00677083 0.0111111 0.563554
0 0.566146 0.765278 0.00833333 0.012037 0.563843
0 0.534635 0.458796 0.0078125 0.012037 0.568478
0 0.672135 0.736111 0.00885417 0.0148148 0.569464
0 0.814323 0.825463 0.00885417 0.0157407 0.574139
0 0.809375 0.735185 0.0104167 0.012963 0.578262
0 0.621875 0.752315 0.009375 0.0138889 0.594593
0 0.454427 0.265278 0.0078125 0.0138889 0.595533
0 0.527083 0.362037 0.00833333 0.0111111 0.597688
0 0.465885 0.463426 0.00885417 0.012037 0.619675
0 0.472396 0.56713 0.009375 0.012037 0.623547
0 0.544792 0.564352 0.00729167 0.012037 0.625779
0 0.723958 0.828704 0.009375 0.0166667 0.631706
0 0.482031 0.665741 0.00885417 0.012963 0.673904
0 0.575521 0.864352 0.0114583 0.0157407 0.706574
0 0.502083 0.869444 0.0114583 0.0148148 0.767196
