0 0.559635 0.4125 0.00989583 0.0175926 0.300204
0 0.459115 0.377315 0.00885417 0.0194444 0.316096
0 0.728646 0.635648 0.00625 0.0101852 0.420294
0 0.588281 0.668056 0.00677083 0.012037 0.448969
0 0.720052 0.462963 0.00677083 0.0111111 0.453015
0 0.464844 0.49213 0.0109375 0.0194444 0.461949
0 0.790365 0.886574 0.0078125 0.012037 0.468
0 0.739583 0.811111 0.00729167 0.0111111 0.475391
0 0.675 0.474074 0.00625 0.0111111 0.482224
0 0.725521 0.553704 0.00729167 0.0111111 0.485498
0 0.733073 0.724537 0.00677083 0.0101852 0.505634
0 0.715365 0.377315 0.00677083 0.012037 0.518761
0 0.502083 0.837963 0.00729167 0.012963 0.521696
0 0.526302 0.583333 0.00989583 0.0166667 0.526634
0 0.639063 0.653704 0.00833333 0.0111111 0.529562
0 0.679427 0.5625 0.00677083 0.0101852 0.536823
0 0.497396 0.763889 0.00833333 0.0148148 0.538394
0 0.692969 0.814352 0.00677083 0.012037 0.560214
0 0.549219 0.831481 0.0078125 0.012963 0.564718
0 0.6 0.83287 0.00833333 0.012037 0.569596
0 0.76901 0.458333 0.00677083 0.0111111 0.585788
0 0.539062 0.673611 0.009375 0.0157407 0.588562
0 0.594271 0.750463 0.00833333 0.012037 0.5891
0 0.698438 0.900463 0.00729167 0.012037 0.592068
0 0.545313 0.752778 0.00833333 0.012963 0.602425
0 0.627604 0.484722 0.00729167 0.012037 0.61241
0 0.647135 0.822685 0.0078125 0.012037 0.617342
0 0.577865 0.574537 0.0078125 0.0138889 0.633433
0 0.777083 0.632407 0.00833333 0.012963 0.63745
0 0.633073 0.571759 0.00677083 0.012037 0.637558
0 0.745313 0.894444 0.00729167 0.012963 0.642328
0 0.651302 0.90463 0.0078125 0.012963 0.645323
0 0.603906 0.913426 0.0078125 0.0138889 0.659779
0 0.505729 0.909722 0.00833333 0.012037 0.660373
0 0.7625 0.375926 0.00729167 0.012963 0.660604
0 0.684896 0.645833 0.00833333 0.012037 0.671356
0 0.688542 0.732407 0.009375 0.012963 0.683444
0 0.554167 0.911574 0.00833333 0.0138889 0.694595
0 0.773438 0.549074 0.009375 0.0148148 0.697026
0 0.788281 0.815741 0.00885417 0.012963 0.698643
0 0.669531 0.380556 0.0078125 0.0148148 0.728048
0 0.640885 0.741667 0.00989583 0.0148148 0.740633
0 0.516146 0.378704 0.009375 0.0166667 0.74322
0 0.625 0.394444 0.00833333 0.0148148 0.749414
0 0.782552 0.721759 0.0109375 0.0157407 0.750903
