0 0.58151 0.25787 0.0078125 0.012037 0.263163
0 0.674219 0.255556 0.00572917 0.0111111 0.307068
0 0.536458 0.345833 0.00729167 0.012037 0.390007
0 0.628385 0.344444 0.00677083 0.0111111 0.390284
0 0.672656 0.167593 0.00677083 0.0111111 0.461312
0 0.584375 0.433796 0.00625 0.0101852 0.479915
0 0.627604 0.433796 0.00625 0.0101852 0.481257
0 0.623177 0.166667 0.00677083 0.0111111 0.496375
0 0.548958 0.706481 0.00833333 0.0166667 0.519275
0 0.631771 0.52037 0.00729167 0.0111111 0.554213
0 0.541146 0.436111 0.00729167 0.0111111 0.559003
0 0.536458 0.263426 0.00729167 0.012037 0.573255
0 0.429427 0.137963 0.0078125 0.012963 0.602096
0 0.677865 0.430556 0.00677083 0.0111111 0.606003
0 0.364062 0.746759 0.0114583 0.0157407 0.606239
0 0.483073 0.341667 0.0078125 0.0111111 0.609269
0 0.586198 0.526389 0.00677083 0.012037 0.619712
0 0.426302 0.2375 0.00989583 0.0138889 0.623634
0 0.633073 0.616204 0.00677083 0.012037 0.641416
0 0.357031 0.143981 0.00885417 0.0157407 0.646549
0 0.633594 0.705093 0.00677083 0.012037 0.650039
0 0.357292 0.347222 0.009375 0.012963 0.657893
0 0.359375 0.543981 0.0104167 0.0138889 0.66257
0 0.583333 0.168519 0.00729167 0.012963 0.665443
0 0.427083 0.338889 0.009375 0.012963 0.666202
0 0.484635 0.239352 0.00885417 0.0138889 0.668558
0 0.485677 0.440278 0.0078125 0.012037 0.675113
0 0.58776 0.61713 0.0078125 0.0138889 0.675992
0 0.678906 0.522685 0.0078125 0.012037 0.680234
0 0.542188 0.528241 0.00729167 0.012037 0.682693
0 0.543229 0.172222 0.00729167 0.012963 0.687202
0 0.360156 0.645833 0.0078125 0.012037 0.696821
0 0.677083 0.34537 0.00833333 0.012963 0.698237
0 0.35599 0.448148 0.0109375 0.012963 0.712997
0 0.681771 0.706481 0.00833333 0.012963 0.714927
0 0.545833 0.61713 0.009375 0.0157407 0.717553
0 0.492188 0.152778 0.00729167 0.012963 0.717767
0 0.428646 0.443981 0.00833333 0.0138889 0.723259
0 0.491927 0.535185 0.0078125 0.012963 0.72603
0 0.507292 0.722222 0.00729167 0.0148148 0.736611
0 0.357552 0.24213 0.0109375 0.0138889 0.737067
0 0.435417 0.64537 0.00833333 0.0111111 0.740776
0 0.438542 0.743056 0.0125 0.0157407 0.746337
0 0.590625 0.710648 0.00833333 0.0157407 0.749049
0 0.683594 0.617593 0.00989583 0.0148148 0.750648
0 0.43125 0.540278 0.0104167 0.0138889 0.754445
0 0.49349 0.63287 0.00885417 0.0138889 0.761571
