0 0.551562 0.636111 0.00625 0.0111111 0.260749
0 0.495052 0.634259 0.00677083 0.0111111 0.293463
0 0.378906 0.739352 0.00677083 0.0101852 0.504614
0 0.495833 0.85 0.00625 0.0111111 0.543314
0 0.553646 0.849074 0.00625 0.0111111 0.548894
0 0.495573 0.738889 0.00677083 0.0111111 0.554134
0 0.382031 0.6375 0.00677083 0.012037 0.57103
0 0.54974 0.534722 0.00677083 0.012037 0.57511
0 0.552865 0.739815 0.00677083 0.0111111 0.590054
0 0.433854 0.426389 0.00729167 0.012037 0.591135
0 0.552865 0.203241 0.00677083 0.0101852 0.59372
0 0.491406 0.203241 0.0078125 0.0101852 0.599579
0 0.43776 0.534722 0.00677083 0.012037 0.602115
0 0.369531 0.203241 0.00677083 0.0101852 0.609344
0 0.492969 0.426389 0.00677083 0.012037 0.609687
0 0.429688 0.203241 0.00729167 0.0101852 0.613047
0 0.377344 0.848148 0.00677083 0.0111111 0.621496
0 0.551042 0.426852 0.00729167 0.012963 0.632079
0 0.49375 0.531482 0.00729167 0.012963 0.63394
0 0.373177 0.422685 0.00677083 0.012037 0.635222
0 0.438021 0.634722 0.00729167 0.012037 0.647644
0 0.613542 0.203704 0.00729167 0.0111111 0.649113
0 0.367448 0.305556 0.00677083 0.0111111 0.666425
0 0.554427 0.306944 0.0078125 0.012037 0.684554
0 0.382292 0.535648 0.00729167 0.012037 0.687656
0 0.670052 0.425926 0.00677083 0.0111111 0.688498
0 0.492448 0.306944 0.00677083 0.012037 0.692747
0 0.322656 0.637037 0.00677083 0.0111111 0.693396
0 0.436198 0.736574 0.0078125 0.012037 0.701257
0 0.428385 0.306944 0.0078125 0.012037 0.710051
0 0.605208 0.535185 0.00625 0.012963 0.719376
0 0.315365 0.423611 0.0078125 0.012037 0.724567
0 0.661198 0.534722 0.00677083 0.012037 0.729296
0 0.609635 0.635648 0.0078125 0.0138889 0.729363
0 0.609896 0.427778 0.00729167 0.012963 0.730788
0 0.616146 0.30463 0.009375 0.012963 0.732958
0 0.66901 0.737963 0.0078125 0.012963 0.736176
0 0.436198 0.850463 0.0078125 0.012037 0.741034
0 0.664323 0.633796 0.00885417 0.0138889 0.751636
0 0.673177 0.203241 0.0078125 0.012037 0.755724
0 0.308594 0.208333 0.0078125 0.0111111 0.760295
0 0.61276 0.848611 0.0078125 0.0138889 0.760458
0 0.32526 0.536574 0.0078125 0.0138889 0.761546
0 0.320052 0.85 0.0078125 0.012963 0.776561
0 0.321615 0.739815 0.00885417 0.012963 0.780952
0 0.307292 0.306944 0.00729167 0.0138889 0.78689
0 0.671094 0.848611 0.0078125 0.0138889 0.792078
0 0.611979 0.737963 0.0114583 0.0185185 0.852992
0 0.678125 0.308333 0.0135417 0.0185185 0.861417
