0 0.268726 0.216695 0.008845 0.012014
0 0.276054 0.311363 0.005200 0.010728
0 0.285128 0.414377 0.005304 0.011655
0 0.298035 0.518373 0.007386 0.012389
0 0.307668 0.619297 0.005720 0.010912
0 0.319750 0.718394 0.007386 0.012389
0 0.328412 0.817778 0.007076 0.009611
0 0.323036 0.194312 0.005927 0.012764
0 0.333485 0.293053 0.007179 0.010537
0 0.345774 0.393966 0.008638 0.010162
0 0.356739 0.497243 0.005097 0.009802
0 0.367039 0.599344 0.007287 0.007018
0 0.378156 0.701624 0.010929 0.012750
0 0.388196 0.801456 0.003849 0.007583
0 0.379806 0.177186 0.006138 0.010170
0 0.390610 0.274382 0.005203 0.006283
0 0.406427 0.378275 0.003642 0.005732
0 0.416975 0.475563 0.007179 0.010537
0 0.428334 0.568307 0.003224 0.006474
0 0.436779 0.658793 0.006035 0.009244
0 0.447328 0.756081 0.007490 0.013316
0 0.440814 0.159950 0.009990 0.013308
0 0.448606 0.258702 0.006242 0.011095
0 0.461105 0.363790 0.007490 0.013316
0 0.470679 0.457177 0.007593 0.014242
0 0.482281 0.540387 0.006448 0.012947
0 0.490612 0.622885 0.007593 0.014242
0 0.498855 0.713917 0.006448 0.012947
0 0.495089 0.148917 0.005510 0.013506
0 0.504510 0.243304 0.007804 0.011648
0 0.513691 0.349585 0.006035 0.009244
0 0.519433 0.441991 0.007490 0.013316
0 0.528527 0.521852 0.004993 0.008876
0 0.535639 0.607624 0.005097 0.009802
0 0.546071 0.694561 0.006974 0.008685
0 0.549309 0.135070 0.008015 0.009053
0 0.559904 0.228091 0.006242 0.011095
0 0.563775 0.336755 0.007179 0.010537
0 0.567113 0.426719 0.007077 0.009611
0 0.572431 0.508412 0.004576 0.009618
0 0.583781 0.594073 0.008949 0.012941
0 0.591959 0.675210 0.005824 0.011838
0 0.601846 0.122774 0.007701 0.010722
0 0.612488 0.213886 0.008325 0.011831
0 0.612682 0.320570 0.006969 0.013132
0 0.611166 0.409918 0.006763 0.011279
0 0.617712 0.493058 0.008635 0.014609
0 0.630845 0.575716 0.006242 0.011095
0 0.637039 0.662763 0.008429 0.012757
