0 0.548437 0.709722 0.00833333 0.0157407 0.295165
0 0.58099 0.25787 0.0078125 0.012037 0.307909
0 0.673958 0.255556 0.00625 0.0111111 0.35303
0 0.672396 0.16713 0.00625 0.0101852 0.481143
0 0.53724 0.346296 0.0078125 0.0111111 0.487637
0 0.622917 0.166667 0.00625 0.0111111 0.48881
0 0.628646 0.344444 0.00729167 0.0111111 0.568125
0 0.627344 0.434722 0.00572917 0.0101852 0.570142
0 0.63151 0.519907 0.00677083 0.0101852 0.571295
0 0.584635 0.434722 0.00572917 0.0101852 0.585554
0 0.35651 0.143056 0.0078125 0.0138889 0.621319
0 0.540625 0.437037 0.00729167 0.0111111 0.629209
0 0.536979 0.262963 0.00729167 0.0111111 0.643112
0 0.484635 0.239352 0.00885417 0.0138889 0.643754
0 0.632031 0.615278 0.00677083 0.0101852 0.645914
0 0.357552 0.347222 0.00885417 0.012963 0.647903
0 0.429948 0.137963 0.0078125 0.012963 0.648703
0 0.677865 0.431019 0.00677083 0.0101852 0.652263
0 0.54349 0.171759 0.00677083 0.012037 0.657077
0 0.364062 0.748148 0.0114583 0.0148148 0.658441
0 0.583333 0.168056 0.00729167 0.012037 0.658792
0 0.633594 0.70463 0.00677083 0.0111111 0.660021
0 0.426042 0.2375 0.009375 0.0138889 0.66965
0 0.359375 0.544444 0.0104167 0.0148148 0.670893
0 0.483073 0.342593 0.0078125 0.0111111 0.681563
0 0.586458 0.526389 0.00729167 0.012037 0.682097
0 0.58776 0.61713 0.0078125 0.0138889 0.689387
0 0.491927 0.152315 0.0078125 0.012037 0.695958
0 0.542188 0.528704 0.00729167 0.012963 0.696873
0 0.546354 0.617593 0.009375 0.0148148 0.706199
0 0.360677 0.645833 0.0078125 0.012037 0.707927
0 0.678646 0.522685 0.00833333 0.012037 0.710547
0 0.35625 0.448148 0.0114583 0.012963 0.716865
0 0.426823 0.339815 0.00989583 0.0148148 0.718067
0 0.677083 0.34537 0.00833333 0.012963 0.719885
0 0.485677 0.440278 0.0078125 0.012037 0.7225
0 0.491927 0.535185 0.0078125 0.012963 0.733102
0 0.435677 0.64537 0.0078125 0.0111111 0.740192
0 0.590885 0.710648 0.0078125 0.0138889 0.745673
0 0.68151 0.706481 0.0078125 0.012963 0.74574
0 0.438542 0.743519 0.0114583 0.0148148 0.748272
0 0.357292 0.242593 0.0104167 0.0148148 0.749464
0 0.507552 0.722685 0.00677083 0.0138889 0.757419
0 0.429167 0.443519 0.00833333 0.0148148 0.757837
0 0.49349 0.63287 0.00885417 0.0138889 0.761188
0 0.43125 0.540278 0.0104167 0.0138889 0.761737
0 0.683594 0.617593 0.00989583 0.0148148 0.777874
