0 0.677344 0.564352 0.00572917 0.0101852 0.296742
0 0.723437 0.560648 0.00625 0.0101852 0.299858
0 0.729167 0.643056 0.00625 0.0101852 0.360733
0 0.736458 0.731944 0.00625 0.0101852 0.386447
0 0.54974 0.747685 0.0078125 0.012037 0.387882
0 0.590104 0.666667 0.00729167 0.0111111 0.390742
0 0.502865 0.755093 0.0078125 0.012037 0.416631
0 0.715104 0.470833 0.00625 0.0101852 0.426411
0 0.623698 0.483796 0.00677083 0.012037 0.444141
0 0.670833 0.477315 0.00625 0.0101852 0.447584
0 0.510417 0.474074 0.00833333 0.0185185 0.490299
0 0.640365 0.654167 0.0078125 0.012037 0.507134
0 0.63099 0.57037 0.00677083 0.0111111 0.514021
0 0.684896 0.648148 0.00729167 0.0111111 0.514337
0 0.598177 0.747685 0.00885417 0.012037 0.528275
0 0.525 0.578704 0.009375 0.0166667 0.529205
0 0.691667 0.734722 0.00833333 0.012037 0.540926
0 0.763281 0.468519 0.00677083 0.0111111 0.54669
0 0.745313 0.818519 0.00729167 0.0111111 0.550998
0 0.798177 0.897222 0.00885417 0.012963 0.555346
0 0.540104 0.669444 0.009375 0.0166667 0.56835
0 0.753646 0.902315 0.00729167 0.012037 0.575568
0 0.569792 0.376852 0.009375 0.0185185 0.580629
0 0.699219 0.817593 0.0078125 0.012963 0.581831
0 0.707812 0.38287 0.00625 0.012037 0.585215
0 0.653385 0.822222 0.0078125 0.012963 0.604912
0 0.777604 0.641667 0.00729167 0.012963 0.610891
0 0.577604 0.569907 0.00729167 0.012037 0.613552
0 0.770573 0.558796 0.00885417 0.0138889 0.614424
0 0.661198 0.906018 0.00677083 0.012037 0.627629
0 0.754427 0.384259 0.0078125 0.012963 0.632752
0 0.55599 0.825463 0.0078125 0.012037 0.638692
0 0.707031 0.903704 0.0078125 0.012963 0.644127
0 0.571354 0.475 0.009375 0.0148148 0.651508
0 0.509896 0.828241 0.00833333 0.0138889 0.657599
0 0.515365 0.901852 0.0078125 0.012963 0.659125
0 0.794792 0.826389 0.009375 0.0138889 0.664218
0 0.60625 0.830093 0.00833333 0.0138889 0.67669
0 0.516667 0.373611 0.00833333 0.0157407 0.68373
0 0.645052 0.741204 0.00989583 0.0138889 0.68513
0 0.611979 0.911574 0.00729167 0.0138889 0.69959
0 0.66224 0.383333 0.0078125 0.0148148 0.700367
0 0.56276 0.907407 0.0078125 0.0148148 0.707977
0 0.61875 0.393981 0.00833333 0.0157407 0.70895
0 0.785937 0.733796 0.0114583 0.0157407 0.728764
