0 0.53776 0.593982 0.00677083 0.012037 0.269655
0 0.546615 0.6875 0.00677083 0.012037 0.278795
0 0.694792 0.625926 0.00729167 0.012963 0.343614
0 0.602083 0.659722 0.00625 0.012037 0.35073
0 0.646875 0.643981 0.00729167 0.012037 0.42395
0 0.484375 0.718518 0.00729167 0.0111111 0.433301
0 0.59349 0.575463 0.00677083 0.012037 0.451262
0 0.653385 0.728704 0.0078125 0.0111111 0.471965
0 0.6875 0.54213 0.00729167 0.012037 0.47504
0 0.529427 0.500926 0.00677083 0.0111111 0.490989
0 0.476562 0.619907 0.00729167 0.012037 0.493206
0 0.4 0.433796 0.00729167 0.012037 0.509228
0 0.449219 0.316667 0.0078125 0.012963 0.526167
0 0.515885 0.394907 0.0078125 0.012037 0.526202
0 0.553125 0.781018 0.00729167 0.012037 0.530209
0 0.607813 0.743056 0.00729167 0.012037 0.540367
0 0.584375 0.48287 0.00625 0.012037 0.542266
0 0.640365 0.559722 0.0078125 0.012037 0.544545
0 0.738542 0.609259 0.00833333 0.012963 0.549163
0 0.467969 0.515741 0.0078125 0.012963 0.554531
0 0.457812 0.415741 0.00729167 0.012963 0.571196
0 0.613542 0.832407 0.00729167 0.012963 0.572443
0 0.701042 0.709722 0.00833333 0.012037 0.580885
0 0.685156 0.34537 0.0078125 0.0111111 0.597709
0 0.561458 0.876389 0.00729167 0.012037 0.606695
0 0.425 0.741667 0.00729167 0.012963 0.617666
0 0.416927 0.639352 0.00677083 0.012037 0.618424
0 0.661719 0.813426 0.0078125 0.012037 0.620577
0 0.49349 0.823611 0.00885417 0.012037 0.621534
0 0.677604 0.250926 0.00833333 0.0111111 0.627296
0 0.636458 0.46713 0.00833333 0.012037 0.63505
0 0.63151 0.361574 0.0078125 0.012037 0.635809
0 0.622396 0.265278 0.00729167 0.012037 0.646414
0 0.434375 0.842593 0.00729167 0.012963 0.652424
0 0.394531 0.339815 0.00885417 0.012963 0.663466
0 0.57474 0.377315 0.0078125 0.0138889 0.670437
0 0.707552 0.793056 0.0078125 0.012037 0.670506
0 0.506771 0.296296 0.00833333 0.012963 0.671328
0 0.688021 0.451389 0.00833333 0.012037 0.684373
0 0.747135 0.692593 0.00885417 0.012963 0.68917
0 0.408073 0.537037 0.00677083 0.012963 0.710185
0 0.730208 0.238426 0.009375 0.012037 0.717775
0 0.734115 0.527778 0.0078125 0.012963 0.718439
0 0.73724 0.436111 0.00885417 0.012963 0.721435
0 0.566927 0.280556 0.00885417 0.012963 0.731412
0 0.739062 0.330556 0.009375 0.012963 0.753638
0 0.753646 0.778241 0.0104167 0.0157407 0.805903
