0 0.640885 0.828704 0.00572917 0.0111111 0.29026
0 0.623177 0.661574 0.00677083 0.012037 0.292988
0 0.632812 0.74213 0.00625 0.012037 0.296658
0 0.678906 0.737037 0.00572917 0.0111111 0.308236
0 0.792969 0.890741 0.00677083 0.0111111 0.321602
0 0.652604 0.480556 0.00625 0.0111111 0.329577
0 0.697135 0.905556 0.00572917 0.0111111 0.35156
0 0.726302 0.730556 0.00677083 0.0111111 0.354618
0 0.688542 0.821759 0.00625 0.0101852 0.366157
0 0.614062 0.573148 0.00625 0.012963 0.39416
0 0.556771 0.926389 0.00625 0.0101852 0.406753
0 0.602604 0.919444 0.00625 0.0111111 0.409173
0 0.651563 0.913889 0.00625 0.0111111 0.412287
0 0.745833 0.898148 0.00625 0.0111111 0.42198
0 0.511458 0.933333 0.00625 0.0111111 0.426554
0 0.66224 0.566667 0.00677083 0.0111111 0.427409
0 0.603646 0.489352 0.00729167 0.012037 0.443982
0 0.593229 0.836111 0.00625 0.0111111 0.464409
0 0.545833 0.844444 0.00625 0.0111111 0.482804
0 0.735937 0.812037 0.00625 0.0111111 0.485402
0 0.595052 0.403704 0.0078125 0.012963 0.488774
0 0.774479 0.72037 0.00729167 0.0111111 0.519822
0 0.495313 0.768056 0.00625 0.0138889 0.521311
0 0.584896 0.750463 0.00729167 0.012037 0.523007
0 0.558854 0.575926 0.00625 0.0111111 0.529654
0 0.529688 0.675463 0.00729167 0.0138889 0.540011
0 0.642187 0.394444 0.00833333 0.012963 0.551484
0 0.671094 0.65 0.00677083 0.012963 0.566461
0 0.708594 0.558333 0.00677083 0.0111111 0.572034
0 0.539323 0.760185 0.0078125 0.012963 0.579023
0 0.550521 0.482407 0.00729167 0.012963 0.586176
0 0.69974 0.471759 0.00677083 0.012037 0.587187
0 0.717188 0.641667 0.00833333 0.0111111 0.588317
0 0.508854 0.586574 0.00729167 0.012037 0.600976
0 0.747396 0.463426 0.00729167 0.012037 0.630125
0 0.765365 0.634722 0.00885417 0.0138889 0.634077
0 0.541406 0.394444 0.00885417 0.012963 0.635688
0 0.460677 0.593518 0.00677083 0.012963 0.637082
0 0.75651 0.551852 0.00677083 0.012963 0.649675
0 0.490885 0.483333 0.0078125 0.012963 0.667319
0 0.785156 0.806944 0.00885417 0.0138889 0.668093
0 0.690625 0.385648 0.00833333 0.0138889 0.673949
0 0.482031 0.390278 0.0078125 0.0138889 0.691575
0 0.438802 0.495833 0.0078125 0.0138889 0.702226
0 0.428385 0.4 0.0078125 0.0148148 0.722838
0 0.486198 0.684722 0.0078125 0.0157407 0.725186
0 0.738542 0.378241 0.00833333 0.0157407 0.768951
