0 0.678646 0.812037 0.00625 0.012963 0.256259
0 0.590104 0.652315 0.00833333 0.0138889 0.261127
0 0.570833 0.443056 0.00729167 0.012037 0.26354
0 0.459635 0.634722 0.0078125 0.0138889 0.263919
0 0.628906 0.576389 0.00677083 0.0138889 0.267266
0 0.766667 0.886574 0.009375 0.0157407 0.271893
0 0.58099 0.561111 0.00677083 0.012963 0.272808
0 0.721094 0.739815 0.00885417 0.0148148 0.273434
0 0.58776 0.823611 0.00677083 0.0138889 0.278827
0 0.636719 0.807407 0.00885417 0.0166667 0.279438
0 0.457292 0.927778 0.009375 0.012963 0.281899
0 0.458333 0.830556 0.0125 0.0166667 0.282149
0 0.782812 0.486574 0.0104167 0.0175926 0.283187
0 0.627604 0.447685 0.00729167 0.0138889 0.291309
0 0.720312 0.664815 0.00729167 0.012963 0.294783
0 0.677604 0.576852 0.00729167 0.0148148 0.295463
0 0.678646 0.890741 0.00729167 0.0148148 0.297854
0 0.721615 0.812037 0.0078125 0.0148148 0.298072
0 0.627083 0.338889 0.00833333 0.0166667 0.298572
0 0.730729 0.461111 0.00729167 0.0148148 0.301945
0 0.722135 0.883796 0.0078125 0.0157407 0.303096
0 0.778125 0.352778 0.00833333 0.0185185 0.305851
0 0.588281 0.911111 0.00677083 0.0166667 0.319386
0 0.779948 0.601389 0.0078125 0.0138889 0.32225
0 0.767187 0.742593 0.0145833 0.0203704 0.322432
0 0.523958 0.831944 0.0104167 0.0157407 0.326669
0 0.680208 0.460185 0.009375 0.0185185 0.327719
0 0.520573 0.641667 0.00885417 0.0148148 0.333022
0 0.571354 0.336111 0.00833333 0.0166667 0.334086
0 0.680208 0.343056 0.0114583 0.0212963 0.33585
0 0.635417 0.900926 0.009375 0.0222222 0.335965
0 0.735417 0.355556 0.009375 0.0203704 0.339992
0 0.458073 0.537037 0.00677083 0.012963 0.340188
0 0.514063 0.330556 0.00729167 0.012963 0.342242
0 0.526042 0.928704 0.0135417 0.0185185 0.353177
0 0.459635 0.734722 0.0130208 0.0157407 0.356667
0 0.519271 0.537963 0.0104167 0.0166667 0.375091
0 0.515104 0.437037 0.00833333 0.0148148 0.387208
0 0.636458 0.66713 0.0125 0.0194444 0.398695
0 0.675 0.65787 0.009375 0.0175926 0.40942
0 0.453125 0.431019 0.009375 0.0194444 0.435652
0 0.452865 0.330093 0.00677083 0.0138889 0.453815
