0 0.433594 0.386111 0.00572917 0.00925926 0.286248
0 0.490625 0.211111 0.00625 0.00925926 0.288898
0 0.37526 0.702778 0.00677083 0.00925926 0.300526
0 0.59375 0.562037 0.00625 0.0111111 0.309587
0 0.584896 0.120833 0.00625 0.0101852 0.323811
0 0.640104 0.386574 0.00625 0.0101852 0.332182
0 0.589844 0.383796 0.00572917 0.0101852 0.371058
0 0.540625 0.295833 0.00625 0.012037 0.386737
0 0.371875 0.0814815 0.00625 0.00925926 0.393262
0 0.58724 0.207407 0.00572917 0.0111111 0.399462
0 0.589583 0.293519 0.00625 0.0111111 0.419269
0 0.644792 0.559722 0.00625 0.0101852 0.421289
0 0.31224 0.189352 0.00572917 0.0101852 0.45466
0 0.635156 0.119444 0.00677083 0.00925926 0.454862
0 0.311198 0.0884259 0.00677083 0.0101852 0.462704
0 0.591667 0.471296 0.00729167 0.0111111 0.50366
0 0.374479 0.600463 0.00625 0.0101852 0.50434
0 0.438281 0.67963 0.00677083 0.0111111 0.523424
0 0.3125 0.290278 0.00625 0.0101852 0.528058
0 0.645052 0.65 0.00677083 0.0111111 0.554107
0 0.642969 0.467593 0.0078125 0.0111111 0.555477
0 0.638802 0.294907 0.00677083 0.0101852 0.562731
0 0.319531 0.705093 0.0078125 0.0101852 0.563455
0 0.636719 0.20787 0.00677083 0.0101852 0.564184
0 0.594271 0.650926 0.00625 0.0111111 0.564746
0 0.435937 0.484259 0.00729167 0.0111111 0.587035
0 0.316406 0.602315 0.00572917 0.0101852 0.592303
0 0.4375 0.58287 0.00729167 0.012037 0.604009
0 0.314583 0.496296 0.00625 0.0111111 0.608714
0 0.31276 0.39537 0.00677083 0.0111111 0.66759
