0 0.721275 0.941744 0.010530 0.015802
0 0.729448 0.841212 0.006666 0.013006
0 0.737218 0.731239 0.006890 0.013987
0 0.741232 0.618262 0.009099 0.015585
0 0.748083 0.510134 0.007217 0.013405
0 0.752129 0.402591 0.009099 0.015585
0 0.759720 0.296543 0.008424 0.012641
0 0.662063 0.936226 0.007667 0.015368
0 0.667721 0.829901 0.008649 0.013623
0 0.671856 0.720396 0.010080 0.013839
0 0.677736 0.609166 0.006440 0.012025
0 0.684102 0.499487 0.008302 0.010099
0 0.689662 0.389199 0.012739 0.017400
0 0.695916 0.281972 0.004886 0.009264
0 0.601208 0.924053 0.007544 0.012823
0 0.606247 0.819121 0.006093 0.008501
0 0.607269 0.704726 0.004437 0.007302
0 0.612584 0.599835 0.008649 0.013623
0 0.616319 0.499158 0.004109 0.007884
0 0.622658 0.402312 0.007320 0.011842
0 0.627972 0.297420 0.009323 0.016566
0 0.536002 0.909775 0.011859 0.017582
0 0.544377 0.804827 0.007770 0.013804
0 0.548988 0.690947 0.009323 0.016566
0 0.554654 0.590549 0.009549 0.017547
0 0.556563 0.499486 0.008218 0.015766
0 0.561696 0.410859 0.009548 0.017547
0 0.568333 0.313563 0.008218 0.015766
0 0.478705 0.892681 0.007340 0.015949
0 0.484691 0.791341 0.009426 0.015004
0 0.492893 0.677975 0.007320 0.011843
0 0.502312 0.580583 0.009323 0.016566
0 0.506229 0.494251 0.006216 0.011044
0 0.513152 0.402918 0.006441 0.012025
0 0.516872 0.308660 0.008199 0.011660
0 0.420997 0.878490 0.009304 0.012460
0 0.425559 0.777933 0.007770 0.013804
0 0.439579 0.664908 0.008649 0.013623
0 0.451053 0.571265 0.008424 0.012641
0 0.459133 0.485036 0.005888 0.011625
0 0.461705 0.391600 0.010755 0.016782
0 0.466771 0.304445 0.007442 0.014386
0 0.365267 0.863595 0.009201 0.014022
0 0.369464 0.764961 0.009978 0.015403
0 0.386917 0.655882 0.008771 0.016167
0 0.403249 0.565405 0.008321 0.014204
0 0.410313 0.477055 0.010653 0.018346
0 0.410566 0.385755 0.007770 0.013804
0 0.418637 0.293601 0.010204 0.016384
