0 0.689844 0.716204 0.00677083 0.012037 0.336136
0 0.494531 0.969907 0.00885417 0.0138889 0.336157
0 0.46224 0.676852 0.00885417 0.0148148 0.446739
0 0.605729 0.446759 0.00729167 0.0138889 0.449963
0 0.548698 0.456944 0.0078125 0.0138889 0.450174
0 0.484896 0.874537 0.0125 0.0157407 0.460871
0 0.7 0.790741 0.00729167 0.012963 0.507433
0 0.741927 0.777315 0.0078125 0.0157407 0.527672
0 0.763021 0.436574 0.0114583 0.0175926 0.530919
0 0.59349 0.658333 0.0078125 0.012963 0.538156
0 0.795313 0.838889 0.009375 0.0166667 0.539269
0 0.670833 0.557407 0.00729167 0.0148148 0.548603
0 0.708854 0.42963 0.00729167 0.0166667 0.551745
0 0.622135 0.914815 0.00677083 0.0166667 0.551971
0 0.524219 0.666667 0.00885417 0.0148148 0.554558
0 0.66875 0.890278 0.00833333 0.0194444 0.564093
0 0.732031 0.706944 0.00885417 0.0138889 0.564753
0 0.708333 0.868056 0.00729167 0.0157407 0.571827
0 0.621875 0.57037 0.00729167 0.0148148 0.575797
0 0.773177 0.552315 0.00677083 0.0138889 0.576332
0 0.475781 0.776389 0.0140625 0.0175926 0.576679
0 0.479167 0.363889 0.00729167 0.012963 0.576757
0 0.721094 0.555093 0.00677083 0.0138889 0.581453
0 0.573177 0.570833 0.0078125 0.0138889 0.583003
0 0.449219 0.58287 0.0078125 0.0157407 0.584226
0 0.591667 0.3375 0.009375 0.0157407 0.594455
0 0.786198 0.765278 0.0109375 0.0157407 0.595529
0 0.563021 0.951852 0.0135417 0.0185185 0.598673
0 0.658333 0.444444 0.009375 0.0203704 0.605214
0 0.610417 0.741204 0.0104167 0.0157407 0.606528
0 0.550521 0.851389 0.0114583 0.0175926 0.60903
0 0.419531 0.381944 0.0078125 0.0138889 0.61065
0 0.659115 0.799074 0.00989583 0.0185185 0.616217
0 0.699219 0.323148 0.00989583 0.0203704 0.618618
0 0.535677 0.752315 0.00885417 0.0157407 0.619184
0 0.751302 0.847222 0.00989583 0.0185185 0.620466
0 0.491406 0.467593 0.00885417 0.0166667 0.626646
0 0.611198 0.828704 0.0078125 0.0148148 0.628576
0 0.722656 0.633796 0.00885417 0.0157407 0.634108
0 0.677344 0.637963 0.0109375 0.0185185 0.639446
0 0.536979 0.350926 0.00833333 0.0148148 0.647295
0 0.741406 0.309722 0.00885417 0.0175926 0.654242
0 0.641146 0.65787 0.0135417 0.0212963 0.663803
0 0.778646 0.696759 0.0135417 0.0194444 0.665528
0 0.509635 0.564815 0.00989583 0.0185185 0.671519
0 0.432031 0.481481 0.0109375 0.0203704 0.683923
0 0.644271 0.326852 0.0114583 0.0203704 0.697715
