0 0.405469 0.334722 0.0119792 0.025 0.283242
0 0.409896 0.318519 0.0125 0.0203704 0.291882
0 0.607552 0.354167 0.00677083 0.0101852 0.299228
0 0.607813 0.526852 0.00625 0.00925926 0.302511
0 0.36849 0.55 0.00885417 0.0148148 0.321091
0 0.563281 0.616667 0.00677083 0.0111111 0.323931
0 0.401823 0.350926 0.00989583 0.0166667 0.329417
0 0.607813 0.443519 0.00625 0.00925926 0.346497
0 0.607292 0.615278 0.00729167 0.0101852 0.400457
0 0.657292 0.354167 0.00625 0.0101852 0.414196
0 0.657031 0.527315 0.0078125 0.012037 0.454535
0 0.563021 0.361574 0.00625 0.0101852 0.455204
0 0.56276 0.449074 0.00677083 0.0111111 0.461708
0 0.411979 0.249074 0.009375 0.0166667 0.493822
0 0.608854 0.701852 0.00729167 0.0111111 0.495862
0 0.563281 0.531482 0.0078125 0.0111111 0.524173
0 0.563802 0.7 0.0078125 0.012963 0.526574
0 0.65599 0.442593 0.0078125 0.0111111 0.527764
0 0.464583 0.356944 0.00833333 0.0138889 0.527921
0 0.41875 0.705093 0.00729167 0.012037 0.529713
0 0.466927 0.626852 0.00677083 0.0111111 0.538024
0 0.515885 0.705093 0.00677083 0.012037 0.552038
0 0.65599 0.783796 0.0078125 0.012037 0.557754
0 0.656771 0.710648 0.00729167 0.012037 0.559103
0 0.41849 0.623611 0.0078125 0.012037 0.575904
0 0.655208 0.270833 0.00729167 0.012037 0.579165
0 0.563281 0.786111 0.00677083 0.012963 0.592281
0 0.416927 0.546759 0.0078125 0.0138889 0.592741
0 0.610156 0.785648 0.00677083 0.012037 0.599898
0 0.608333 0.267593 0.00625 0.012963 0.601871
0 0.517187 0.785648 0.00625 0.012037 0.608871
0 0.465885 0.546759 0.00677083 0.012037 0.611139
0 0.515625 0.365278 0.00625 0.012037 0.620229
0 0.408594 0.45463 0.00885417 0.0148148 0.62769
0 0.371094 0.705556 0.0078125 0.012963 0.637084
0 0.657292 0.618519 0.0104167 0.0148148 0.640714
0 0.46849 0.710185 0.00677083 0.012963 0.646159
0 0.370052 0.777778 0.0078125 0.012963 0.646692
0 0.466927 0.789352 0.00677083 0.0138889 0.649895
0 0.451302 0.288426 0.0109375 0.0194444 0.650972
0 0.460677 0.45 0.00677083 0.012963 0.660881
0 0.515104 0.451852 0.00729167 0.012963 0.662021
0 0.514323 0.622685 0.0078125 0.012037 0.663658
0 0.516927 0.536574 0.00885417 0.0138889 0.668183
0 0.371094 0.630556 0.00989583 0.0166667 0.694454
0 0.5625 0.266667 0.00729167 0.0148148 0.698014
0 0.418229 0.785185 0.00833333 0.0148148 0.734451
0 0.517969 0.275926 0.0078125 0.0166667 0.768641
