0 0.71875 0.828241 0.00625 0.012037 0.256351
0 0.527344 0.742593 0.00572917 0.0111111 0.257341
0 0.767969 0.831481 0.00677083 0.0111111 0.275064
0 0.48125 0.743056 0.00729167 0.012037 0.291994
0 0.461719 0.56713 0.00677083 0.012037 0.303808
0 0.714844 0.656944 0.00677083 0.012037 0.307877
0 0.479427 0.662037 0.00677083 0.012963 0.308465
0 0.76276 0.575463 0.00677083 0.012037 0.312986
0 0.501562 0.462037 0.00729167 0.012963 0.313184
0 0.661458 0.401389 0.00729167 0.012037 0.317207
0 0.764844 0.658796 0.00677083 0.012037 0.319153
0 0.760677 0.486574 0.00677083 0.012037 0.320822
0 0.765365 0.744444 0.00572917 0.0111111 0.326412
0 0.501302 0.369444 0.00677083 0.012963 0.337554
0 0.710938 0.400926 0.00729167 0.012963 0.354085
0 0.446875 0.369907 0.00729167 0.0157407 0.363389
0 0.448958 0.466667 0.00729167 0.012963 0.375174
0 0.759375 0.400463 0.00833333 0.0138889 0.383686
