0 0.398698 0.604167 0.0078125 0.0138889 0.415695
0 0.332812 0.798148 0.00833333 0.012963 0.588904
0 0.332812 0.202315 0.00729167 0.012037 0.621096
0 0.645833 0.558333 0.00729167 0.012963 0.62939
0 0.336198 0.707407 0.0109375 0.0148148 0.638745
0 0.598958 0.621759 0.00729167 0.012037 0.670631
0 0.644531 0.769907 0.00885417 0.0157407 0.67386
0 0.646615 0.695833 0.0078125 0.0138889 0.676891
0 0.400521 0.515741 0.00833333 0.0148148 0.678234
0 0.451302 0.318519 0.00677083 0.012963 0.678779
0 0.392969 0.203704 0.0078125 0.012963 0.683984
0 0.340625 0.608333 0.0125 0.0166667 0.705406
0 0.392188 0.310185 0.00833333 0.0166667 0.708765
0 0.338021 0.507407 0.00833333 0.0148148 0.709885
0 0.607031 0.468519 0.00572917 0.0111111 0.712468
0 0.66276 0.368981 0.00989583 0.0157407 0.743941
0 0.475 0.616667 0.00833333 0.012963 0.748886
0 0.659375 0.484722 0.00729167 0.012037 0.751198
0 0.3375 0.409259 0.00729167 0.0148148 0.759724
0 0.556771 0.77037 0.00729167 0.0148148 0.761715
0 0.452083 0.212037 0.00729167 0.0148148 0.762336
0 0.614844 0.236111 0.00885417 0.0185185 0.763534
0 0.507552 0.326389 0.00677083 0.0138889 0.763851
0 0.558073 0.690741 0.00677083 0.012963 0.764671
0 0.657552 0.235648 0.0078125 0.0157407 0.768432
0 0.6 0.548148 0.00833333 0.012963 0.770315
0 0.400521 0.70787 0.009375 0.0175926 0.772085
0 0.460156 0.437963 0.00677083 0.012963 0.774964
0 0.468229 0.531018 0.00729167 0.012037 0.7781
0 0.609896 0.343056 0.00729167 0.0157407 0.78821
0 0.333854 0.305556 0.009375 0.0185185 0.789893
0 0.508594 0.454167 0.00677083 0.0138889 0.793997
0 0.557292 0.456019 0.00729167 0.0138889 0.798417
0 0.60026 0.693981 0.0078125 0.0157407 0.802246
0 0.464844 0.700463 0.00677083 0.0157407 0.806056
0 0.515365 0.544444 0.0119792 0.0203704 0.82108
0 0.397656 0.4125 0.00989583 0.0194444 0.822725
0 0.553906 0.537037 0.00885417 0.0148148 0.828988
0 0.507031 0.216667 0.0078125 0.0166667 0.834455
0 0.404427 0.806481 0.00989583 0.0185185 0.846297
0 0.465625 0.788426 0.00729167 0.0194444 0.84978
0 0.516146 0.687963 0.00833333 0.0185185 0.851095
0 0.561198 0.34213 0.00885417 0.0194444 0.855666
0 0.560938 0.222222 0.0104167 0.0203704 0.862652
0 0.601562 0.762963 0.0104167 0.0203704 0.868075
0 0.515104 0.780093 0.009375 0.0212963 0.870476
0 0.646875 0.626852 0.0125 0.0185185 0.877948
