0 0.604688 0.426852 0.00729167 0.012963 0.250603
0 0.448698 0.844907 0.00677083 0.0138889 0.253708
0 0.561979 0.75 0.00729167 0.012963 0.255253
0 0.661458 0.326389 0.00729167 0.012037 0.259915
0 0.786719 0.559722 0.00885417 0.0138889 0.270967
0 0.541667 0.419444 0.00729167 0.012963 0.277346
0 0.503125 0.644444 0.00625 0.012963 0.282759
0 0.446354 0.639352 0.00729167 0.0138889 0.288561
0 0.490625 0.531018 0.00729167 0.0138889 0.29334
0 0.600521 0.321759 0.00729167 0.012037 0.296142
0 0.447917 0.743519 0.00625 0.012963 0.305288
0 0.480208 0.412963 0.00729167 0.012963 0.306708
0 0.539062 0.314352 0.00729167 0.012037 0.30899
0 0.790885 0.440741 0.0130208 0.0185185 0.314733
0 0.722656 0.330093 0.00677083 0.012037 0.318113
0 0.432292 0.527315 0.00625 0.012037 0.320558
0 0.783073 0.336574 0.0078125 0.012037 0.328608
0 0.478906 0.310648 0.00677083 0.012037 0.346909
0 0.420312 0.410185 0.00729167 0.0148148 0.347335
0 0.41875 0.311111 0.00729167 0.012963 0.407121
