0 0.672396 0.761574 0.00625 0.0101852 0.282405
0 0.616927 0.755556 0.00677083 0.0111111 0.333434
0 0.680208 0.973611 0.00625 0.0101852 0.364375
0 0.502083 0.962963 0.00729167 0.0111111 0.462012
0 0.622656 0.971296 0.00677083 0.0111111 0.470904
0 0.502604 0.85 0.00729167 0.0111111 0.499398
0 0.675521 0.864352 0.00729167 0.012037 0.534038
0 0.619271 0.858333 0.00729167 0.012963 0.559012
0 0.504427 0.749074 0.00677083 0.0111111 0.56323
0 0.670052 0.551389 0.00677083 0.012037 0.574686
0 0.670833 0.661574 0.00729167 0.012037 0.591045
0 0.611458 0.546296 0.00729167 0.012963 0.603809
0 0.491927 0.53287 0.00677083 0.012037 0.60836
0 0.552083 0.542593 0.00729167 0.012963 0.615295
0 0.667708 0.325463 0.00729167 0.012037 0.615354
0 0.558594 0.651852 0.00677083 0.012963 0.618179
0 0.560938 0.851852 0.00729167 0.012963 0.619573
0 0.738281 0.978241 0.0078125 0.0138889 0.625118
0 0.729167 0.328704 0.00729167 0.0111111 0.625867
0 0.613802 0.652778 0.0078125 0.012963 0.638692
0 0.502865 0.647685 0.00677083 0.012037 0.643521
0 0.732292 0.432407 0.00833333 0.012963 0.656222
0 0.544792 0.316204 0.00729167 0.0101852 0.658441
0 0.545833 0.420833 0.00729167 0.012037 0.660267
0 0.671354 0.42963 0.00729167 0.0111111 0.669481
0 0.791406 0.870833 0.0078125 0.012037 0.671994
0 0.445312 0.960648 0.00833333 0.012037 0.674728
0 0.606771 0.321759 0.00833333 0.012037 0.682383
0 0.484115 0.414352 0.0078125 0.012037 0.686495
0 0.78125 0.668519 0.00729167 0.0111111 0.687845
0 0.796354 0.98287 0.009375 0.0138889 0.688386
0 0.727865 0.556944 0.0078125 0.0138889 0.6931
0 0.785677 0.766667 0.0078125 0.012963 0.698866
0 0.729948 0.766204 0.00677083 0.0138889 0.702147
0 0.445573 0.744907 0.00677083 0.012037 0.705905
0 0.445573 0.847685 0.0078125 0.0138889 0.706068
0 0.423698 0.4125 0.0078125 0.0138889 0.70692
0 0.725 0.665741 0.00625 0.012963 0.711073
0 0.789062 0.561111 0.00833333 0.012963 0.716477
0 0.483854 0.312037 0.00729167 0.0111111 0.717063
0 0.609115 0.426389 0.0078125 0.012037 0.732067
0 0.788542 0.335648 0.00833333 0.012037 0.733056
0 0.424479 0.3125 0.00833333 0.012037 0.734914
0 0.559375 0.751852 0.00729167 0.012963 0.740139
0 0.434115 0.529167 0.00677083 0.012037 0.743729
0 0.445573 0.642593 0.0078125 0.0148148 0.747296
0 0.734635 0.868056 0.00989583 0.0157407 0.772843
0 0.795833 0.44213 0.0145833 0.0212963 0.844642
