0 0.551302 0.636111 0.00572917 0.0111111 0.250094
0 0.495052 0.634259 0.00677083 0.0111111 0.32597
0 0.378906 0.739352 0.00677083 0.0101852 0.493292
0 0.495833 0.850463 0.00625 0.0101852 0.533276
0 0.553646 0.849537 0.00625 0.0101852 0.534645
0 0.495573 0.738889 0.00677083 0.0111111 0.547957
0 0.54974 0.534722 0.00677083 0.012037 0.55472
0 0.382031 0.6375 0.00677083 0.012037 0.567195
0 0.552865 0.739815 0.00677083 0.0111111 0.58034
0 0.552865 0.203241 0.00677083 0.0101852 0.588792
0 0.491406 0.203241 0.0078125 0.0101852 0.595845
0 0.433854 0.426389 0.00729167 0.012037 0.598781
0 0.492448 0.426389 0.00677083 0.012037 0.600014
0 0.43776 0.534722 0.00677083 0.012037 0.60683
0 0.369531 0.203241 0.00677083 0.0101852 0.611563
0 0.429688 0.203241 0.00729167 0.0101852 0.612478
0 0.377344 0.848611 0.00677083 0.012037 0.614669
0 0.551042 0.426852 0.00729167 0.012963 0.617947
0 0.613542 0.203704 0.00729167 0.0111111 0.629503
0 0.493229 0.531482 0.00729167 0.012963 0.63096
0 0.373177 0.422685 0.00677083 0.012037 0.635324
0 0.438021 0.634722 0.00729167 0.012037 0.650012
0 0.367708 0.305556 0.00729167 0.0111111 0.667544
0 0.554167 0.306944 0.00729167 0.012037 0.674977
0 0.382292 0.535648 0.00729167 0.012037 0.682269
0 0.670052 0.425926 0.00677083 0.0111111 0.683555
0 0.322917 0.637037 0.00625 0.0111111 0.685792
0 0.436198 0.736574 0.0078125 0.012037 0.691244
0 0.492448 0.306944 0.00677083 0.012037 0.691867
0 0.428385 0.306944 0.0078125 0.012037 0.707628
0 0.605208 0.536111 0.00625 0.012963 0.711429
0 0.616146 0.30463 0.009375 0.012963 0.714285
0 0.661198 0.534722 0.00677083 0.012037 0.717808
0 0.609896 0.428241 0.00729167 0.012037 0.719023
0 0.66901 0.737963 0.0078125 0.012963 0.722917
0 0.315104 0.423611 0.00729167 0.012037 0.727085
0 0.436198 0.850463 0.0078125 0.012037 0.73142
0 0.609635 0.635648 0.0078125 0.0138889 0.734631
0 0.664323 0.633796 0.00885417 0.0138889 0.73869
0 0.673177 0.203241 0.0078125 0.012037 0.747115
0 0.61276 0.848611 0.0078125 0.0138889 0.747602
0 0.32526 0.536574 0.0078125 0.0138889 0.757454
0 0.308594 0.208333 0.0078125 0.0111111 0.76147
0 0.320052 0.85 0.0078125 0.012963 0.768395
0 0.321354 0.739815 0.00833333 0.012963 0.774217
0 0.671094 0.849074 0.0078125 0.012963 0.776466
0 0.307292 0.307407 0.00729167 0.012963 0.784984
0 0.611719 0.737963 0.0109375 0.0185185 0.845735
0 0.678125 0.308333 0.0135417 0.0185185 0.852798
