0 0.672917 0.732407 0.00625 0.0111111 0.258384
0 0.44974 0.835648 0.0130208 0.0138889 0.293616
0 0.591406 0.736574 0.00885417 0.0138889 0.295958
0 0.458854 0.636111 0.00729167 0.012963 0.304708
0 0.575781 0.441667 0.00677083 0.012963 0.308661
0 0.628646 0.572222 0.00625 0.012963 0.314306
0 0.581771 0.558796 0.00625 0.012037 0.325766
0 0.516667 0.730093 0.00729167 0.012037 0.327911
0 0.727344 0.584259 0.00677083 0.012963 0.331115
0 0.58776 0.650463 0.0078125 0.0138889 0.332419
0 0.671354 0.808333 0.00625 0.012963 0.340829
0 0.579427 0.822685 0.00677083 0.0138889 0.342337
0 0.634635 0.334722 0.0078125 0.0157407 0.350708
0 0.715885 0.734722 0.0078125 0.0138889 0.355831
0 0.678125 0.572222 0.00729167 0.0148148 0.357747
0 0.715104 0.806481 0.00833333 0.0166667 0.365431
0 0.759635 0.80787 0.00885417 0.0157407 0.36617
0 0.459115 0.536111 0.00677083 0.012963 0.367023
0 0.579427 0.333333 0.0078125 0.0148148 0.372137
0 0.716667 0.659259 0.00833333 0.012963 0.37374
0 0.631771 0.445833 0.00729167 0.0138889 0.375698
0 0.668229 0.8875 0.00625 0.0157407 0.376894
0 0.447396 0.92963 0.00833333 0.0111111 0.376966
0 0.75625 0.881944 0.00833333 0.0157407 0.378621
0 0.784896 0.480556 0.009375 0.0166667 0.379599
0 0.784635 0.344444 0.0078125 0.0166667 0.382625
0 0.68776 0.338426 0.0109375 0.0194444 0.387923
0 0.628646 0.806481 0.009375 0.0166667 0.394309
0 0.733854 0.454167 0.00729167 0.0138889 0.397171
0 0.741667 0.347222 0.00833333 0.0185185 0.3983
0 0.713021 0.87963 0.00833333 0.0185185 0.398584
0 0.577604 0.910185 0.00729167 0.0185185 0.400466
0 0.51901 0.639815 0.0078125 0.012963 0.401938
0 0.51901 0.436111 0.0078125 0.0148148 0.409484
0 0.626562 0.898148 0.00833333 0.0203704 0.425179
0 0.683594 0.456944 0.00885417 0.0194444 0.426808
0 0.521354 0.330093 0.00729167 0.0138889 0.432331
0 0.779167 0.594907 0.00729167 0.0138889 0.4342
0 0.516927 0.831481 0.00989583 0.0166667 0.438383
0 0.457031 0.431019 0.00989583 0.0194444 0.44453
0 0.520312 0.537963 0.0104167 0.0185185 0.455341
0 0.460156 0.330093 0.00677083 0.0138889 0.456696
0 0.454688 0.736574 0.0114583 0.0157407 0.465704
0 0.7625 0.7375 0.0135417 0.0194444 0.491264
0 0.515104 0.92963 0.0125 0.0185185 0.494986
0 0.633333 0.6625 0.0135417 0.0194444 0.509323
0 0.672656 0.654167 0.00989583 0.0194444 0.522232
