0 0.476823 0.640278 0.00677083 0.012037 0.253088
0 0.514063 0.89537 0.00625 0.0111111 0.278546
0 0.758854 0.767593 0.00729167 0.0111111 0.28102
0 0.515365 0.352315 0.0078125 0.012037 0.319516
0 0.464844 0.543519 0.00572917 0.0111111 0.320832
0 0.471094 0.803241 0.00572917 0.012037 0.322114
0 0.76224 0.682407 0.0078125 0.012963 0.342165
0 0.472917 0.72037 0.00729167 0.012963 0.357893
0 0.458073 0.439815 0.0078125 0.012963 0.396722
0 0.771094 0.424537 0.00885417 0.0138889 0.419905
0 0.460938 0.343519 0.00729167 0.012963 0.422602
