0 0.45 0.90463 0.00833333 0.012963 0.275578
0 0.459635 0.610648 0.0078125 0.0138889 0.33935
0 0.573177 0.434722 0.00677083 0.012037 0.349764
0 0.67474 0.740741 0.0078125 0.012963 0.404088
0 0.457812 0.512037 0.00625 0.0111111 0.417137
0 0.452344 0.810185 0.0130208 0.0166667 0.420462
0 0.519531 0.625 0.00885417 0.0148148 0.426573
0 0.517969 0.714352 0.0078125 0.0138889 0.428669
0 0.588281 0.644907 0.0078125 0.0138889 0.431969
0 0.593229 0.73287 0.009375 0.0138889 0.441575
0 0.765104 0.691667 0.00833333 0.0148148 0.441825
0 0.457292 0.306944 0.00729167 0.0138889 0.447943
0 0.580469 0.553704 0.00677083 0.012963 0.454744
0 0.582031 0.816204 0.00677083 0.0138889 0.455996
0 0.717448 0.75 0.0078125 0.012963 0.456262
0 0.454688 0.406944 0.0104167 0.0194444 0.464278
0 0.629687 0.446296 0.00729167 0.0148148 0.466054
0 0.682292 0.466667 0.009375 0.0222222 0.477738
0 0.628385 0.572685 0.00677083 0.0138889 0.482292
0 0.519792 0.817593 0.0104167 0.0166667 0.483872
0 0.517969 0.314815 0.0078125 0.0148148 0.486452
0 0.727344 0.599074 0.00677083 0.012963 0.489539
0 0.733073 0.473148 0.0078125 0.0166667 0.490981
0 0.717448 0.821296 0.0078125 0.0166667 0.495227
0 0.717969 0.675 0.0078125 0.012963 0.497944
0 0.45651 0.7125 0.0130208 0.0175926 0.500839
0 0.761979 0.830093 0.00833333 0.0157407 0.507108
0 0.516667 0.42037 0.00833333 0.0166667 0.510747
0 0.63151 0.337037 0.00885417 0.0166667 0.511191
0 0.759896 0.903241 0.00833333 0.0157407 0.516219
0 0.674479 0.81713 0.00625 0.0138889 0.518661
0 0.632812 0.808333 0.0104167 0.0185185 0.526673
0 0.576042 0.326852 0.0104167 0.0185185 0.527328
0 0.677865 0.580556 0.0078125 0.0148148 0.532471
0 0.779688 0.618056 0.00729167 0.0138889 0.533181
0 0.739583 0.366204 0.0104167 0.0231481 0.534709
0 0.78151 0.369907 0.00885417 0.0194444 0.539045
0 0.684896 0.348148 0.0125 0.0203704 0.541758
0 0.672135 0.89537 0.00677083 0.0148148 0.543855
0 0.784115 0.504167 0.00989583 0.0157407 0.552109
0 0.58125 0.904167 0.00729167 0.0175926 0.557412
0 0.519531 0.520833 0.00989583 0.0175926 0.558686
0 0.51901 0.916204 0.0130208 0.0175926 0.597955
0 0.628906 0.898611 0.00885417 0.0212963 0.605506
0 0.634115 0.666667 0.0130208 0.0203704 0.608069
0 0.673698 0.662037 0.0109375 0.0203704 0.619311
0 0.716927 0.89213 0.00885417 0.0175926 0.631549
0 0.765365 0.759259 0.0151042 0.0203704 0.642949
