0 0.605729 0.966204 0.00625 0.0101852 0.292437
0 0.667188 0.762037 0.00625 0.0111111 0.339969
0 0.665625 0.976852 0.00625 0.0111111 0.364893
0 0.611198 0.752778 0.00677083 0.0111111 0.410669
0 0.545313 0.958796 0.00625 0.0101852 0.420512
0 0.492969 0.838889 0.00677083 0.0111111 0.487593
0 0.48776 0.948611 0.00677083 0.0101852 0.504826
0 0.608594 0.856019 0.00677083 0.012037 0.523467
0 0.498437 0.736574 0.00729167 0.012037 0.575906
0 0.66875 0.664815 0.00729167 0.012963 0.592893
0 0.549479 0.84537 0.00729167 0.012963 0.600504
0 0.722656 0.986111 0.00885417 0.0148148 0.607569
0 0.61224 0.650463 0.0078125 0.0138889 0.612786
0 0.428906 0.940741 0.00677083 0.0111111 0.615015
0 0.68099 0.330556 0.00677083 0.0111111 0.61532
0 0.779948 0.994444 0.00885417 0.0111111 0.621132
0 0.672656 0.55463 0.00677083 0.012963 0.623514
0 0.741667 0.340741 0.00729167 0.0111111 0.62442
0 0.555469 0.536111 0.00677083 0.012963 0.628821
0 0.665885 0.867593 0.0078125 0.012963 0.635118
0 0.614583 0.544444 0.00625 0.012963 0.635742
0 0.497396 0.301852 0.00729167 0.0111111 0.65612
0 0.439844 0.727778 0.00677083 0.012963 0.657178
0 0.620052 0.322685 0.0078125 0.012037 0.672331
0 0.496094 0.523148 0.0078125 0.012963 0.674089
0 0.553646 0.415278 0.00729167 0.012037 0.674436
0 0.679427 0.435648 0.00677083 0.012037 0.67591
0 0.55599 0.64537 0.0078125 0.0148148 0.678168
0 0.434115 0.831019 0.0078125 0.012037 0.679097
0 0.501042 0.637037 0.00729167 0.012963 0.680051
0 0.779167 0.680556 0.00729167 0.0111111 0.682745
0 0.557813 0.312037 0.00729167 0.0111111 0.688738
0 0.616927 0.426852 0.00677083 0.012963 0.6924
0 0.791406 0.574537 0.0078125 0.012037 0.700177
0 0.778385 0.779167 0.00885417 0.012037 0.702907
0 0.49349 0.404167 0.00885417 0.012037 0.705393
0 0.73099 0.565741 0.0078125 0.0148148 0.705772
0 0.779948 0.883796 0.0078125 0.012037 0.706222
0 0.741146 0.44213 0.00833333 0.0138889 0.710807
0 0.801823 0.350463 0.0078125 0.012037 0.715302
0 0.553125 0.745833 0.00729167 0.0138889 0.719319
0 0.723958 0.673148 0.00729167 0.0148148 0.726503
0 0.723958 0.772685 0.00729167 0.0138889 0.728684
0 0.444271 0.628241 0.00833333 0.0138889 0.734129
0 0.436719 0.298148 0.0078125 0.012963 0.738284
0 0.43724 0.513889 0.0078125 0.012963 0.740625
0 0.432552 0.396759 0.0078125 0.0138889 0.757358
0 0.723698 0.876389 0.0109375 0.0175926 0.798338
0 0.802865 0.456481 0.0140625 0.0203704 0.841778
