0 0.77474 0.803241 0.0078125 0.0138889 0.498086
0 0.777083 0.474537 0.009375 0.0175926 0.507624
0 0.619792 0.447222 0.00729167 0.0148148 0.522909
0 0.683854 0.731481 0.00729167 0.012963 0.532061
0 0.507292 0.438889 0.009375 0.0148148 0.536362
0 0.728906 0.803704 0.00885417 0.0166667 0.546687
0 0.465625 0.8375 0.0125 0.0138889 0.548499
0 0.56224 0.442593 0.00677083 0.0111111 0.554516
0 0.721875 0.65787 0.00833333 0.0138889 0.55686
0 0.463542 0.74213 0.0135417 0.0157407 0.566019
0 0.577344 0.562037 0.00677083 0.012963 0.571441
0 0.721615 0.343981 0.00989583 0.0194444 0.571632
0 0.519531 0.645833 0.00885417 0.0138889 0.581645
0 0.726302 0.580093 0.00677083 0.012037 0.585485
0 0.688802 0.884722 0.00677083 0.0157407 0.586132
0 0.590365 0.652778 0.0078125 0.012963 0.590494
0 0.626042 0.572685 0.00729167 0.0138889 0.590617
0 0.60026 0.7375 0.00885417 0.0138889 0.594719
0 0.452604 0.542593 0.00729167 0.012963 0.601604
0 0.470313 0.933796 0.00833333 0.012037 0.616692
0 0.458854 0.641667 0.00833333 0.012963 0.622532
0 0.533333 0.836574 0.0114583 0.0157407 0.62415
0 0.49974 0.334722 0.00677083 0.0138889 0.62867
0 0.438281 0.338889 0.00677083 0.012963 0.63403
0 0.724479 0.731481 0.009375 0.0148148 0.635989
0 0.67526 0.570833 0.0078125 0.0138889 0.643276
0 0.686458 0.807407 0.00729167 0.0148148 0.646051
0 0.777865 0.590278 0.0078125 0.0138889 0.650758
0 0.636458 0.663889 0.0114583 0.0185185 0.651097
0 0.596094 0.822685 0.0078125 0.0138889 0.651234
0 0.765365 0.340278 0.0078125 0.0157407 0.661498
0 0.64401 0.803704 0.00885417 0.0185185 0.66204
0 0.614323 0.334259 0.00885417 0.0166667 0.682616
0 0.733594 0.875 0.00989583 0.0203704 0.690283
0 0.599219 0.910185 0.0078125 0.0185185 0.694696
0 0.44349 0.4375 0.00989583 0.0194444 0.699141
0 0.722917 0.451389 0.00729167 0.0175926 0.702704
0 0.558854 0.334722 0.00833333 0.0175926 0.710382
0 0.676562 0.651852 0.009375 0.0185185 0.711074
0 0.666927 0.336111 0.0109375 0.0185185 0.71253
0 0.514323 0.541667 0.00989583 0.0166667 0.713529
0 0.538802 0.93287 0.0119792 0.0175926 0.719192
0 0.772917 0.73287 0.015625 0.0212963 0.725475
0 0.672396 0.455093 0.009375 0.0194444 0.730736
0 0.648177 0.897222 0.00885417 0.0222222 0.757121
