0 0.608333 0.701852 0.00625 0.0111111 0.255118
0 0.371354 0.362963 0.015625 0.0240741 0.263404
0 0.467448 0.626852 0.00677083 0.0111111 0.269714
0 0.608073 0.267593 0.00677083 0.012963 0.277108
0 0.657552 0.352778 0.00677083 0.0111111 0.295976
0 0.657292 0.527315 0.00729167 0.012037 0.297052
0 0.401042 0.348148 0.0125 0.0185185 0.308865
0 0.517448 0.784259 0.00677083 0.012963 0.323718
0 0.465885 0.546296 0.00677083 0.012963 0.326552
0 0.359635 0.456481 0.00989583 0.0166667 0.328123
0 0.563021 0.784722 0.00729167 0.0138889 0.328522
0 0.467969 0.708796 0.00677083 0.012037 0.329392
0 0.41901 0.625 0.00677083 0.0111111 0.331386
0 0.65651 0.44213 0.0078125 0.012037 0.332589
0 0.5625 0.266204 0.00833333 0.0157407 0.33905
0 0.515885 0.703704 0.00677083 0.0111111 0.342487
0 0.516927 0.536574 0.00989583 0.0138889 0.342837
0 0.609635 0.785648 0.00677083 0.012037 0.346268
0 0.370313 0.778241 0.00729167 0.012037 0.346951
0 0.655729 0.27037 0.00833333 0.012963 0.351922
0 0.460938 0.449537 0.00625 0.012037 0.352142
0 0.360677 0.541204 0.0078125 0.0138889 0.352394
0 0.657031 0.710648 0.0078125 0.012037 0.353767
0 0.65651 0.78287 0.0078125 0.012037 0.36087
0 0.514583 0.622685 0.009375 0.0138889 0.366982
0 0.370313 0.630093 0.00833333 0.0138889 0.372074
0 0.466927 0.789352 0.00677083 0.0138889 0.37266
0 0.514844 0.451852 0.0078125 0.012963 0.37879
0 0.419531 0.70463 0.0078125 0.012963 0.382379
0 0.417188 0.546759 0.00729167 0.012037 0.403166
0 0.371094 0.706019 0.0078125 0.012037 0.404076
0 0.451562 0.289352 0.0114583 0.0194444 0.405811
0 0.515885 0.365278 0.00677083 0.012037 0.406613
0 0.658073 0.618056 0.0119792 0.0157407 0.429095
0 0.418229 0.783796 0.00833333 0.0157407 0.438986
0 0.463021 0.358333 0.0104167 0.0166667 0.447217
0 0.411198 0.247685 0.00989583 0.0157407 0.451462
0 0.408333 0.453241 0.00833333 0.0138889 0.507464
0 0.517969 0.275 0.00885417 0.0166667 0.510597
