0 0.599479 0.65463 0.00625 0.0111111 0.271266
0 0.476562 0.593056 0.00625 0.0101852 0.283239
0 0.646354 0.647222 0.00625 0.0111111 0.284183
0 0.69349 0.638426 0.00677083 0.012037 0.320163
0 0.745833 0.714815 0.009375 0.012963 0.330857
0 0.532031 0.483796 0.00677083 0.0101852 0.337881
0 0.641667 0.561574 0.00729167 0.012037 0.377237
0 0.482292 0.693519 0.00729167 0.0111111 0.388324
0 0.549219 0.76713 0.0078125 0.012037 0.392902
0 0.435937 0.90787 0.00729167 0.012037 0.430232
0 0.689583 0.55463 0.00729167 0.0111111 0.476572
0 0.70026 0.724074 0.00885417 0.0148148 0.477041
0 0.470052 0.4875 0.0078125 0.012037 0.478093
0 0.604688 0.739815 0.00729167 0.012963 0.482305
0 0.639063 0.469444 0.00729167 0.0111111 0.492739
0 0.592969 0.569907 0.00677083 0.012037 0.510294
0 0.750521 0.800926 0.009375 0.012963 0.514286
0 0.703906 0.80787 0.0078125 0.0138889 0.520819
0 0.4 0.298148 0.00833333 0.012963 0.530476
0 0.652083 0.732407 0.00833333 0.012963 0.533103
0 0.514844 0.275463 0.0078125 0.012037 0.543919
0 0.416146 0.602315 0.00625 0.0101852 0.558606
0 0.691406 0.4625 0.0078125 0.012037 0.562928
0 0.739062 0.630556 0.00833333 0.0148148 0.577312
0 0.738021 0.25787 0.00729167 0.012037 0.581972
0 0.45599 0.285185 0.00677083 0.012963 0.599919
0 0.657292 0.818056 0.00729167 0.0138889 0.601022
0 0.520052 0.377315 0.0078125 0.012037 0.601626
0 0.585938 0.475 0.00729167 0.012963 0.605899
0 0.430208 0.808796 0.00729167 0.012037 0.618285
0 0.488802 0.798148 0.00989583 0.012963 0.638162
0 0.630469 0.265741 0.00885417 0.0148148 0.638635
0 0.55651 0.864352 0.0078125 0.0138889 0.642184
0 0.461719 0.384722 0.0078125 0.012037 0.644696
0 0.404427 0.394444 0.0078125 0.0111111 0.646295
0 0.422917 0.707407 0.00729167 0.0111111 0.649143
0 0.691667 0.356481 0.00833333 0.012963 0.65114
0 0.685156 0.261111 0.0078125 0.012963 0.661505
0 0.409375 0.498611 0.00729167 0.012037 0.669816
0 0.609635 0.82963 0.0078125 0.0148148 0.673392
0 0.735156 0.545833 0.0078125 0.0138889 0.686552
0 0.636979 0.361574 0.00833333 0.0138889 0.700897
0 0.579687 0.368519 0.009375 0.0148148 0.723567
0 0.741146 0.455093 0.009375 0.0138889 0.724936
0 0.57474 0.269444 0.0119792 0.0166667 0.751557
0 0.744792 0.350463 0.009375 0.0138889 0.759193
