0 0.296615 0.75 0.0078125 0.0111111 0.303284
0 0.573177 0.451852 0.00677083 0.0111111 0.316527
0 0.588021 0.254167 0.00729167 0.0101852 0.322095
0 0.360417 0.445833 0.00625 0.0101852 0.335312
0 0.41849 0.240278 0.0078125 0.0101852 0.336455
0 0.476302 0.619444 0.00677083 0.0111111 0.352135
0 0.475781 0.352778 0.00677083 0.0111111 0.379802
0 0.360417 0.340278 0.00729167 0.0101852 0.384974
0 0.617708 0.535648 0.00729167 0.012037 0.431689
0 0.522917 0.705556 0.00729167 0.0111111 0.434224
0 0.419271 0.140741 0.00729167 0.0111111 0.442022
0 0.642187 0.166204 0.00833333 0.0101852 0.442517
0 0.359635 0.2375 0.0078125 0.0101852 0.448989
0 0.589323 0.159259 0.0078125 0.0111111 0.457282
0 0.617448 0.618519 0.0078125 0.0111111 0.464546
0 0.476042 0.446759 0.00833333 0.0157407 0.473458
0 0.357031 0.652315 0.00885417 0.0101852 0.492679
0 0.534635 0.249537 0.00677083 0.0101852 0.493803
0 0.569531 0.702778 0.0078125 0.0111111 0.496203
0 0.361458 0.138426 0.00729167 0.0101852 0.49781
0 0.304427 0.139815 0.0078125 0.0111111 0.509767
0 0.420052 0.731481 0.00677083 0.0111111 0.517351
0 0.47526 0.708333 0.00677083 0.0111111 0.519913
0 0.3 0.443519 0.00625 0.0111111 0.548211
0 0.298438 0.548148 0.00625 0.0111111 0.553156
0 0.619792 0.453704 0.00729167 0.012963 0.559643
0 0.632031 0.362963 0.0078125 0.0111111 0.580174
0 0.534375 0.152778 0.00729167 0.0111111 0.580553
0 0.642708 0.260185 0.00833333 0.0111111 0.588281
0 0.301823 0.235185 0.0078125 0.0111111 0.613237
0 0.615885 0.70787 0.00885417 0.012037 0.615189
0 0.30026 0.339815 0.0078125 0.012963 0.621286
0 0.476823 0.243981 0.0078125 0.012037 0.637023
0 0.3 0.650926 0.00833333 0.012963 0.665256
0 0.478646 0.145833 0.00833333 0.012037 0.669792
