0 0.521875 0.756944 0.00729167 0.012037 0.370823
0 0.651302 0.477778 0.00885417 0.0166667 0.391414
0 0.56901 0.749074 0.0078125 0.0111111 0.394558
0 0.609635 0.664352 0.00885417 0.012037 0.496785
0 0.513802 0.674074 0.0078125 0.012963 0.507233
0 0.41875 0.359722 0.00729167 0.0138889 0.52075
0 0.630729 0.905093 0.00729167 0.012037 0.61515
0 0.5625 0.668981 0.00833333 0.012037 0.618765
0 0.723958 0.897222 0.00729167 0.012963 0.624001
0 0.446875 0.584259 0.0104167 0.0185185 0.626185
0 0.473698 0.358333 0.0078125 0.012963 0.634292
0 0.672917 0.819907 0.00833333 0.012037 0.6461
0 0.625521 0.824074 0.00833333 0.0111111 0.648626
0 0.71901 0.817593 0.0078125 0.0111111 0.65518
0 0.577083 0.826852 0.0104167 0.012963 0.655754
0 0.465365 0.681481 0.0078125 0.0148148 0.65787
0 0.655208 0.576389 0.00729167 0.012037 0.662209
0 0.538021 0.473611 0.0145833 0.0194444 0.668549
0 0.478646 0.836111 0.00833333 0.012963 0.681585
0 0.550521 0.58287 0.00729167 0.0138889 0.688089
0 0.705469 0.575463 0.00677083 0.012037 0.690548
0 0.771094 0.89213 0.0078125 0.012037 0.692156
0 0.495313 0.579167 0.00729167 0.0138889 0.69665
0 0.705208 0.663889 0.00729167 0.0111111 0.705144
0 0.472135 0.758796 0.00885417 0.0138889 0.707291
0 0.58151 0.90787 0.0078125 0.012037 0.708369
0 0.482031 0.469444 0.0140625 0.0203704 0.712645
0 0.529167 0.830556 0.0104167 0.0148148 0.712747
0 0.677865 0.901389 0.0078125 0.0138889 0.718382
0 0.7125 0.739352 0.00833333 0.012037 0.720047
0 0.427083 0.470833 0.0114583 0.0194444 0.720515
0 0.752604 0.669444 0.00833333 0.0148148 0.724257
0 0.618229 0.745833 0.0104167 0.0138889 0.726656
0 0.765365 0.814815 0.00885417 0.012963 0.730806
0 0.533854 0.908796 0.00729167 0.0138889 0.73138
0 0.529948 0.360185 0.00885417 0.0166667 0.731438
0 0.485938 0.9125 0.00833333 0.012037 0.73999
0 0.603385 0.581944 0.0078125 0.0138889 0.741184
0 0.659375 0.663889 0.0104167 0.0148148 0.757178
0 0.584115 0.357407 0.00989583 0.0203704 0.757405
0 0.592708 0.472685 0.009375 0.0138889 0.758206
0 0.74375 0.354167 0.00833333 0.0175926 0.758914
0 0.665625 0.742593 0.0114583 0.0148148 0.764867
0 0.759375 0.739815 0.009375 0.0148148 0.773673
0 0.753385 0.580556 0.00885417 0.0166667 0.775297
0 0.692708 0.355093 0.00833333 0.0175926 0.789964
0 0.705208 0.465278 0.0135417 0.0231481 0.812377
0 0.639844 0.358796 0.0078125 0.0175926 0.81648
0 0.755729 0.463889 0.009375 0.0185185 0.820327
