0 0.553906 0.803704 0.00885417 0.012963 0.363782
0 0.552865 0.723611 0.00885417 0.012037 0.419909
0 0.448698 0.301389 0.00885417 0.0157407 0.430362
0 0.504427 0.715741 0.00885417 0.0111111 0.483387
0 0.597135 0.894444 0.0078125 0.012963 0.485276
0 0.45026 0.526852 0.0109375 0.0203704 0.538273
0 0.503385 0.793056 0.00885417 0.0138889 0.555639
0 0.644531 0.907407 0.0078125 0.012963 0.56146
0 0.603906 0.656944 0.0109375 0.0138889 0.592265
0 0.601042 0.81713 0.009375 0.0138889 0.618056
0 0.602604 0.739352 0.0104167 0.0138889 0.619151
0 0.690365 0.921759 0.0078125 0.012037 0.632786
0 0.450781 0.856019 0.00885417 0.0138889 0.641134
0 0.45625 0.703241 0.00833333 0.0138889 0.648938
0 0.778906 0.412037 0.00885417 0.0166667 0.655187
0 0.609375 0.469444 0.0104167 0.0185185 0.659249
0 0.739583 0.933796 0.00833333 0.012037 0.661906
0 0.555469 0.646759 0.00989583 0.012037 0.665166
0 0.507292 0.635648 0.009375 0.012037 0.682854
0 0.50625 0.318981 0.00833333 0.0157407 0.683782
0 0.651563 0.753241 0.0104167 0.0138889 0.698413
0 0.554948 0.559259 0.0078125 0.012963 0.708778
0 0.696094 0.843518 0.00885417 0.012963 0.712182
0 0.458854 0.625 0.00833333 0.012963 0.71975
0 0.64974 0.82963 0.00989583 0.012963 0.720824
0 0.698698 0.766204 0.00989583 0.0138889 0.722293
0 0.745052 0.782407 0.00885417 0.0148148 0.723575
0 0.608333 0.575926 0.00833333 0.0166667 0.73718
0 0.653646 0.673611 0.0114583 0.0138889 0.739591
0 0.500521 0.430093 0.01875 0.025 0.745895
0 0.741146 0.856019 0.00833333 0.0138889 0.746791
0 0.700521 0.690278 0.0104167 0.0138889 0.747016
0 0.775781 0.514815 0.00885417 0.0185185 0.74838
0 0.666667 0.494907 0.009375 0.0175926 0.756509
0 0.454167 0.778704 0.009375 0.0148148 0.75697
0 0.500781 0.537963 0.0078125 0.0148148 0.759854
0 0.758073 0.626389 0.0078125 0.0157407 0.760851
0 0.560677 0.340278 0.00885417 0.0175926 0.765359
0 0.660156 0.589815 0.00989583 0.012963 0.76543
0 0.710677 0.605556 0.0078125 0.012963 0.770605
0 0.728125 0.393056 0.009375 0.0194444 0.770798
0 0.555208 0.454167 0.0145833 0.0212963 0.783843
0 0.747656 0.713426 0.00885417 0.0157407 0.788421
0 0.671354 0.374537 0.009375 0.0212963 0.792543
0 0.615625 0.356944 0.0114583 0.0231481 0.814975
0 0.443229 0.4125 0.0125 0.0231481 0.825604
0 0.721615 0.500926 0.0130208 0.0259259 0.8734
