0 0.645052 0.560185 0.00885417 0.0148148 0.259149
0 0.644792 0.26713 0.00729167 0.0138889 0.259922
0 0.542188 0.683333 0.00833333 0.0148148 0.267193
0 0.599219 0.743519 0.00885417 0.012963 0.27655
0 0.530729 0.390741 0.00729167 0.012963 0.281562
0 0.593229 0.480556 0.00833333 0.0148148 0.291403
0 0.588802 0.277315 0.0078125 0.0138889 0.297154
0 0.740885 0.787037 0.0109375 0.0166667 0.302262
0 0.691667 0.547222 0.00833333 0.0148148 0.304559
0 0.69375 0.715741 0.009375 0.0148148 0.333146
0 0.590104 0.374537 0.00833333 0.0138889 0.347086
0 0.477604 0.611111 0.00729167 0.012963 0.351229
0 0.645833 0.730093 0.00833333 0.0138889 0.351532
0 0.736719 0.615278 0.00989583 0.0157407 0.352462
0 0.528906 0.290278 0.00677083 0.012037 0.356203
0 0.739323 0.7 0.00989583 0.0148148 0.362004
0 0.423958 0.93287 0.00833333 0.0157407 0.368711
0 0.599479 0.832407 0.00833333 0.0148148 0.369703
0 0.472135 0.405093 0.00885417 0.0138889 0.388339
0 0.736719 0.531944 0.00885417 0.0138889 0.391423
0 0.417188 0.627315 0.00729167 0.0138889 0.392296
0 0.54349 0.775926 0.00885417 0.0148148 0.39511
0 0.646875 0.361574 0.00833333 0.0138889 0.39719
0 0.414323 0.420833 0.00677083 0.0138889 0.397391
0 0.753385 0.243981 0.00885417 0.0138889 0.408094
0 0.645833 0.467593 0.009375 0.0148148 0.410395
0 0.476042 0.506019 0.009375 0.0157407 0.415879
0 0.696875 0.455556 0.009375 0.0148148 0.416629
0 0.479167 0.711574 0.00833333 0.0138889 0.423023
0 0.545313 0.872685 0.00833333 0.0157407 0.427847
0 0.472135 0.305556 0.0078125 0.012963 0.431059
0 0.415104 0.524537 0.00729167 0.0138889 0.443695
0 0.702083 0.349537 0.009375 0.0138889 0.47478
0 0.755729 0.336574 0.0104167 0.0157407 0.475
0 0.480208 0.815741 0.0104167 0.0166667 0.479138
0 0.747917 0.442593 0.009375 0.0148148 0.484011
0 0.421615 0.832407 0.00885417 0.0148148 0.50905
0 0.414323 0.325 0.0078125 0.012963 0.5162
0 0.41901 0.731481 0.00885417 0.0148148 0.516476
