0 0.695833 0.903241 0.00520833 0.0101852 0.263921
0 0.622396 0.661574 0.00729167 0.012037 0.288811
0 0.592448 0.837963 0.00572917 0.0111111 0.310535
0 0.64974 0.912963 0.00572917 0.0111111 0.319272
0 0.604427 0.489352 0.00677083 0.012037 0.319792
0 0.501302 0.852315 0.00677083 0.012037 0.323722
0 0.74375 0.894907 0.00625 0.0101852 0.324519
0 0.601302 0.92037 0.00572917 0.0111111 0.343732
0 0.554688 0.927315 0.00625 0.0101852 0.352374
0 0.614583 0.573148 0.00625 0.012963 0.375126
0 0.726042 0.727315 0.00729167 0.012037 0.375473
0 0.670313 0.649537 0.00625 0.0101852 0.387094
0 0.63099 0.742593 0.00677083 0.0111111 0.388141
0 0.661979 0.565741 0.00625 0.0111111 0.399842
0 0.734635 0.810185 0.00572917 0.0111111 0.409674
0 0.544531 0.84537 0.00572917 0.0111111 0.411389
0 0.584115 0.751389 0.0078125 0.012037 0.485293
0 0.509375 0.935648 0.00625 0.012037 0.488706
0 0.559115 0.577315 0.00677083 0.012037 0.496113
0 0.551302 0.48287 0.00677083 0.012037 0.515374
0 0.773958 0.717593 0.00729167 0.0111111 0.517683
0 0.595312 0.403704 0.00833333 0.012963 0.534328
0 0.529167 0.678241 0.00729167 0.0138889 0.535983
0 0.700781 0.469907 0.00677083 0.012037 0.545781
0 0.708854 0.556019 0.00625 0.012037 0.556978
0 0.508854 0.588889 0.00729167 0.012963 0.573824
0 0.49375 0.77037 0.00729167 0.0148148 0.577614
0 0.717188 0.638426 0.00833333 0.012037 0.582002
0 0.644271 0.393519 0.00833333 0.012963 0.582514
0 0.538542 0.761111 0.00729167 0.012963 0.583165
0 0.765625 0.631019 0.00729167 0.0138889 0.591522
0 0.542448 0.395833 0.0078125 0.012037 0.594644
0 0.784896 0.802778 0.00833333 0.012963 0.595078
0 0.748698 0.460185 0.00677083 0.0111111 0.598631
0 0.692708 0.384259 0.00833333 0.012963 0.629078
0 0.490625 0.485185 0.00729167 0.012963 0.630668
0 0.758073 0.547685 0.00677083 0.012037 0.632476
0 0.460417 0.598611 0.00729167 0.0138889 0.633519
0 0.439583 0.5 0.00833333 0.0148148 0.666975
0 0.485417 0.688426 0.00729167 0.0157407 0.67241
0 0.482031 0.39213 0.0078125 0.0138889 0.695206
0 0.428906 0.403704 0.0078125 0.0148148 0.705854
0 0.739844 0.375463 0.00885417 0.0157407 0.745662
