0 0.6625 0.765278 0.00625 0.0101852 0.277508
0 0.594792 0.965278 0.00625 0.0101852 0.301294
0 0.652865 0.978241 0.00677083 0.012037 0.355518
0 0.607292 0.751852 0.00729167 0.0111111 0.387893
0 0.600781 0.854167 0.00677083 0.012037 0.498654
0 0.690885 0.333796 0.0078125 0.0101852 0.504423
0 0.485156 0.831481 0.00677083 0.0111111 0.509402
0 0.476302 0.940278 0.00677083 0.0101852 0.515548
0 0.629167 0.322685 0.00729167 0.012037 0.572437
0 0.666927 0.665278 0.00677083 0.012037 0.580397
0 0.657812 0.869444 0.00729167 0.012963 0.586861
0 0.751042 0.347222 0.00833333 0.0111111 0.607008
0 0.534896 0.952778 0.00729167 0.0111111 0.611248
0 0.611458 0.649074 0.00729167 0.012963 0.617915
0 0.616927 0.54537 0.00677083 0.012963 0.6226
0 0.777604 0.6875 0.00729167 0.012037 0.627382
0 0.49375 0.730093 0.00729167 0.012037 0.629037
0 0.710156 0.989815 0.00989583 0.0148148 0.642623
0 0.674479 0.557407 0.00729167 0.012963 0.646847
0 0.41849 0.928241 0.0078125 0.012037 0.65091
0 0.567708 0.309259 0.00729167 0.0111111 0.653774
0 0.555469 0.641204 0.0078125 0.0157407 0.65469
0 0.541667 0.84213 0.00833333 0.012037 0.655783
0 0.792708 0.581944 0.00729167 0.012037 0.657376
0 0.426042 0.820833 0.00729167 0.0138889 0.657433
0 0.558333 0.533333 0.00625 0.012963 0.669916
0 0.507552 0.296296 0.0078125 0.0111111 0.674474
0 0.50026 0.62963 0.0078125 0.012963 0.689046
0 0.498437 0.516667 0.00729167 0.012963 0.694722
0 0.685938 0.439815 0.00729167 0.012963 0.696592
0 0.733594 0.571296 0.0078125 0.0148148 0.701653
0 0.773698 0.786574 0.00885417 0.0138889 0.70185
0 0.560677 0.412963 0.0078125 0.012963 0.70383
0 0.770833 0.891204 0.00833333 0.012037 0.708933
0 0.54974 0.741204 0.0078125 0.0157407 0.721244
0 0.623958 0.426852 0.00729167 0.012963 0.722001
0 0.447917 0.288426 0.00729167 0.012037 0.724205
0 0.719531 0.777315 0.0078125 0.0138889 0.725567
0 0.435156 0.719444 0.00677083 0.012963 0.728541
0 0.721615 0.677315 0.0078125 0.0138889 0.72914
0 0.44375 0.618056 0.00833333 0.0138889 0.734083
0 0.440365 0.504167 0.0078125 0.0138889 0.738399
0 0.50026 0.398148 0.00885417 0.012963 0.739109
0 0.811198 0.360185 0.00885417 0.012963 0.745817
0 0.440365 0.3875 0.0078125 0.0138889 0.758223
0 0.747917 0.449074 0.0104167 0.0166667 0.765546
0 0.809635 0.466667 0.0140625 0.0222222 0.804782
0 0.715365 0.882407 0.0109375 0.0203704 0.820139
