0 0.728906 0.624074 0.00677083 0.0111111 0.271345
0 0.465625 0.381481 0.009375 0.0203704 0.317666
0 0.528385 0.595833 0.00885417 0.0175926 0.319646
0 0.691667 0.890741 0.00729167 0.012963 0.360051
0 0.73125 0.711111 0.00625 0.0111111 0.400963
0 0.5875 0.673148 0.00833333 0.012963 0.464131
0 0.772396 0.441204 0.00729167 0.012037 0.498017
0 0.735156 0.797222 0.00677083 0.0111111 0.498271
0 0.680208 0.555093 0.00729167 0.012037 0.499869
0 0.726302 0.541204 0.0078125 0.012037 0.514538
0 0.633854 0.568519 0.00625 0.0111111 0.522341
0 0.591406 0.753241 0.0078125 0.012037 0.523399
0 0.686198 0.722222 0.0078125 0.012963 0.527336
0 0.638281 0.651389 0.0078125 0.012037 0.529852
0 0.739844 0.87963 0.0078125 0.012963 0.530549
0 0.530208 0.50463 0.009375 0.0166667 0.531787
0 0.49974 0.923611 0.0078125 0.0138889 0.539098
0 0.53776 0.683796 0.00885417 0.0157407 0.541168
0 0.498437 0.851389 0.00833333 0.0157407 0.545736
0 0.684375 0.636111 0.00833333 0.012963 0.546885
0 0.722917 0.452778 0.00729167 0.012963 0.550054
0 0.784896 0.867593 0.00729167 0.0111111 0.557694
0 0.777604 0.613426 0.00729167 0.012037 0.583837
0 0.677865 0.468981 0.00677083 0.012037 0.588149
0 0.63099 0.484259 0.00677083 0.012963 0.590669
0 0.596094 0.914815 0.00677083 0.012963 0.59612
0 0.547135 0.919444 0.0078125 0.012963 0.60422
0 0.595312 0.834722 0.00833333 0.0138889 0.607737
0 0.542188 0.761111 0.00833333 0.0148148 0.614198
0 0.784635 0.79537 0.0078125 0.012963 0.624775
0 0.564323 0.42037 0.0109375 0.0203704 0.625382
0 0.579427 0.578704 0.00677083 0.012963 0.627599
0 0.77474 0.530093 0.00885417 0.0138889 0.634664
0 0.54401 0.840278 0.0078125 0.0138889 0.645396
0 0.495833 0.778704 0.009375 0.0166667 0.646152
0 0.720052 0.366204 0.0078125 0.0157407 0.673352
0 0.642448 0.819444 0.0078125 0.0148148 0.678458
0 0.638021 0.739352 0.009375 0.0138889 0.680311
0 0.767448 0.358333 0.0078125 0.0148148 0.681795
0 0.689583 0.805556 0.00833333 0.0148148 0.683284
0 0.78099 0.70463 0.0109375 0.0148148 0.695327
0 0.645573 0.898611 0.00885417 0.0157407 0.720493
0 0.522917 0.386111 0.009375 0.0185185 0.746357
0 0.674479 0.374537 0.00833333 0.0175926 0.754593
0 0.630208 0.393056 0.00833333 0.0175926 0.760004
