0 0.645312 0.646296 0.00625 0.0111111 0.273857
0 0.479427 0.706944 0.00677083 0.0101852 0.286923
0 0.470573 0.300463 0.00677083 0.012037 0.305551
0 0.539844 0.587037 0.00572917 0.0111111 0.318713
0 0.475 0.502315 0.00625 0.012037 0.324303
0 0.42526 0.927778 0.0078125 0.0111111 0.370837
0 0.692448 0.634259 0.00677083 0.0111111 0.376397
0 0.544271 0.773148 0.00729167 0.0111111 0.422736
0 0.644271 0.560648 0.00729167 0.012037 0.438914
0 0.410677 0.319444 0.00677083 0.0111111 0.439369
0 0.470573 0.400463 0.00677083 0.012037 0.440154
0 0.6 0.74213 0.00729167 0.012037 0.450084
0 0.423177 0.825926 0.00677083 0.0111111 0.472039
0 0.416927 0.620833 0.00572917 0.0101852 0.475911
0 0.4125 0.414815 0.00625 0.0111111 0.476147
0 0.695833 0.801852 0.00729167 0.0111111 0.48445
0 0.691406 0.550926 0.00677083 0.0111111 0.486312
0 0.641927 0.266204 0.0078125 0.012037 0.501182
0 0.594531 0.571759 0.00677083 0.012037 0.505962
0 0.414583 0.518519 0.00625 0.0111111 0.514993
0 0.64974 0.816204 0.0078125 0.012037 0.544576
0 0.644792 0.468981 0.00729167 0.012037 0.546504
0 0.591667 0.480556 0.00729167 0.012963 0.54664
0 0.645833 0.361574 0.00729167 0.012037 0.546654
0 0.529427 0.386111 0.00677083 0.0111111 0.548224
0 0.697917 0.256019 0.00729167 0.012037 0.55948
0 0.647135 0.731019 0.0078125 0.012037 0.567211
0 0.741146 0.704167 0.00833333 0.012037 0.569103
0 0.73776 0.621296 0.0078125 0.012963 0.573303
0 0.695833 0.718056 0.00729167 0.012037 0.576501
0 0.419531 0.725463 0.00677083 0.012037 0.583155
0 0.482031 0.811111 0.00885417 0.0111111 0.587475
0 0.601562 0.831019 0.00729167 0.012037 0.591373
0 0.527865 0.286111 0.0078125 0.0111111 0.59348
0 0.547656 0.870833 0.0078125 0.012037 0.609552
0 0.696875 0.45787 0.00729167 0.012037 0.630296
0 0.701563 0.351389 0.00833333 0.012037 0.635447
0 0.751042 0.248611 0.00833333 0.012037 0.644538
0 0.73724 0.538426 0.0078125 0.012037 0.650954
0 0.742969 0.791204 0.00885417 0.0138889 0.662876
0 0.588542 0.373148 0.00833333 0.012963 0.684762
0 0.753906 0.342593 0.0078125 0.012963 0.72169
0 0.586979 0.275 0.009375 0.0148148 0.724683
0 0.747396 0.446759 0.00833333 0.012037 0.741475
