0 0.663297 0.823835 0.005267 0.008574
0 0.658901 0.730018 0.004520 0.012734
0 0.654703 0.635297 0.004960 0.011951
0 0.648337 0.536577 0.005491 0.012895
0 0.641244 0.442768 0.004825 0.009359
0 0.635408 0.344830 0.004295 0.008414
0 0.626259 0.249181 0.005798 0.009519
0 0.609225 0.840132 0.005311 0.009438
0 0.605068 0.741485 0.005222 0.007711
0 0.599191 0.647476 0.002394 0.008959
0 0.592558 0.548363 0.003277 0.007391
0 0.587698 0.455058 0.003187 0.005664
0 0.580512 0.354729 0.004295 0.008414
0 0.574878 0.260680 0.006636 0.007087
0 0.551944 0.827769 0.004645 0.005903
0 0.546936 0.741024 0.004690 0.006766
0 0.540622 0.652750 0.003367 0.009119
0 0.536140 0.561997 0.003854 0.009198
0 0.528233 0.471371 0.004295 0.008414
0 0.522757 0.380346 0.004736 0.007631
0 0.517240 0.293248 0.003854 0.009198
0 0.499042 0.819477 0.005573 0.005200
0 0.452962 0.824441 0.005357 0.010302
0 0.407415 0.834980 0.006375 0.011326
0 0.360739 0.842656 0.004340 0.009279
0 0.492026 0.736547 0.005402 0.011167
0 0.447075 0.744375 0.004691 0.006766
0 0.402389 0.752595 0.004871 0.010222
0 0.354565 0.761766 0.004340 0.009279
0 0.487000 0.654162 0.002746 0.006447
0 0.481551 0.568359 0.001819 0.007151
0 0.475642 0.487862 0.002350 0.008095
0 0.469864 0.405163 0.002259 0.006367
0 0.465166 0.319674 0.003808 0.008335
0 0.441851 0.662893 0.009958 0.015342
0 0.436491 0.578819 0.003808 0.008335
0 0.395333 0.673592 0.006906 0.012271
0 0.350314 0.680124 0.005356 0.010303
0 0.390968 0.589791 0.003898 0.010063
0 0.344049 0.597506 0.003323 0.008255
0 0.431046 0.497809 0.005176 0.006847
0 0.384771 0.508468 0.005798 0.009519
0 0.336816 0.519839 0.006860 0.011407
0 0.425975 0.414559 0.002790 0.007311
0 0.421875 0.331149 0.005357 0.010303
0 0.378947 0.424907 0.004825 0.009359
0 0.373899 0.342088 0.004430 0.011007
0 0.329864 0.433413 0.003899 0.010063
0 0.326008 0.349964 0.004735 0.007631
