0 0.668043 0.824712 0.006829 0.011323
0 0.676492 0.725313 0.005915 0.012946
0 0.674998 0.609992 0.007977 0.013362
0 0.672526 0.497719 0.008550 0.014382
0 0.681636 0.396134 0.006313 0.011218
0 0.690460 0.294956 0.007860 0.011531
0 0.698605 0.188075 0.008491 0.013466
0 0.609288 0.817014 0.007286 0.010511
0 0.615763 0.715825 0.009405 0.011843
0 0.618399 0.597164 0.007005 0.014070
0 0.616927 0.485557 0.006255 0.010303
0 0.623513 0.386709 0.005739 0.010198
0 0.633486 0.283908 0.004076 0.008054
0 0.641085 0.177381 0.006829 0.011322
0 0.549280 0.804425 0.006712 0.009491
0 0.556588 0.702477 0.007286 0.010511
0 0.560657 0.581786 0.007637 0.016006
0 0.560901 0.471917 0.007344 0.011427
0 0.568401 0.375110 0.006946 0.013154
0 0.576018 0.276470 0.008374 0.011635
0 0.583285 0.162918 0.007344 0.011427
0 0.487785 0.790608 0.006255 0.010303
0 0.493804 0.688399 0.006430 0.013050
0 0.501275 0.571642 0.006255 0.010303
0 0.505777 0.468663 0.008433 0.012551
0 0.510683 0.363447 0.007625 0.007868
0 0.518704 0.262570 0.005856 0.012030
0 0.524191 0.152369 0.004592 0.008159
0 0.426541 0.781016 0.007801 0.010615
0 0.432132 0.677330 0.005739 0.010198
0 0.443299 0.559928 0.006770 0.010407
0 0.449781 0.454566 0.004076 0.008054
0 0.455828 0.351899 0.005106 0.008263
0 0.459786 0.249274 0.005165 0.009178
0 0.468048 0.140561 0.003502 0.007034
0 0.366621 0.767053 0.006255 0.010303
0 0.370801 0.669110 0.008491 0.013466
0 0.385498 0.545466 0.007637 0.016006
0 0.395757 0.442259 0.004369 0.012633
0 0.398654 0.339883 0.007579 0.015090
0 0.403355 0.237871 0.011421 0.019482
0 0.409269 0.129148 0.006887 0.012238
0 0.307555 0.756046 0.008948 0.012655
0 0.308825 0.650559 0.014056 0.020919
0 0.326346 0.535832 0.004768 0.010906
0 0.340557 0.432033 0.007344 0.011427
0 0.345170 0.331395 0.007918 0.012447
0 0.345977 0.229060 0.006829 0.011323
0 0.350005 0.117173 0.005974 0.013862
