0 0.398698 0.604167 0.0078125 0.0138889 0.26411
0 0.558594 0.617593 0.00572917 0.0111111 0.315353
0 0.646094 0.55787 0.00677083 0.012037 0.37992
0 0.451302 0.318056 0.00677083 0.012037 0.560053
0 0.334115 0.798611 0.0078125 0.012037 0.575617
0 0.336719 0.706019 0.0119792 0.0138889 0.599084
0 0.40026 0.515278 0.0078125 0.0138889 0.608072
0 0.338281 0.506944 0.0078125 0.0138889 0.646923
0 0.393229 0.310185 0.00833333 0.0148148 0.653326
0 0.646875 0.696759 0.00833333 0.0138889 0.674143
0 0.607031 0.468981 0.00572917 0.0101852 0.674793
0 0.332812 0.202778 0.00729167 0.012963 0.68402
0 0.339844 0.60787 0.0130208 0.0157407 0.684219
0 0.393229 0.203704 0.00729167 0.012963 0.689972
0 0.558333 0.691667 0.00625 0.0111111 0.695079
0 0.474479 0.617593 0.00833333 0.012963 0.698753
0 0.598698 0.621296 0.0078125 0.012963 0.704846
0 0.556771 0.769907 0.00625 0.0138889 0.712085
0 0.663021 0.369444 0.009375 0.0148148 0.71226
0 0.645052 0.77037 0.00885417 0.0166667 0.713401
0 0.507552 0.325926 0.00677083 0.012963 0.715775
0 0.60026 0.547222 0.0078125 0.012963 0.71987
0 0.460156 0.4375 0.00677083 0.012037 0.721992
0 0.3375 0.409259 0.00729167 0.0148148 0.72509
0 0.468229 0.531018 0.00729167 0.012037 0.731443
0 0.659375 0.484259 0.00729167 0.012963 0.735816
0 0.614844 0.236111 0.00885417 0.0185185 0.740339
0 0.452344 0.212037 0.0078125 0.0148148 0.741424
0 0.60026 0.693056 0.0078125 0.0157407 0.743913
0 0.400781 0.707407 0.00885417 0.0166667 0.747441
0 0.508333 0.453704 0.00729167 0.012963 0.751533
0 0.557292 0.455556 0.00729167 0.012963 0.753438
0 0.334375 0.305556 0.009375 0.0166667 0.755548
0 0.657812 0.235648 0.00729167 0.0157407 0.758475
0 0.609896 0.342593 0.00729167 0.0148148 0.765365
0 0.465104 0.7 0.00625 0.0148148 0.773957
0 0.553906 0.537037 0.00885417 0.0148148 0.785534
0 0.397656 0.4125 0.00989583 0.0194444 0.801795
0 0.465625 0.787963 0.00729167 0.0185185 0.80825
0 0.507031 0.216667 0.0078125 0.0148148 0.814642
0 0.514844 0.54537 0.0119792 0.0185185 0.815215
0 0.560938 0.340741 0.00729167 0.0185185 0.826159
0 0.601823 0.762963 0.00989583 0.0185185 0.828184
0 0.516146 0.688889 0.00833333 0.0185185 0.839151
0 0.560938 0.222222 0.0114583 0.0203704 0.841773
0 0.404687 0.806019 0.0104167 0.0175926 0.842556
0 0.515625 0.77963 0.009375 0.0222222 0.861257
0 0.647135 0.627315 0.0130208 0.0175926 0.86663
