0 0.528646 0.560185 0.00833333 0.0148148 0.303315
0 0.491146 0.46713 0.015625 0.0231481 0.328012
0 0.727344 0.664352 0.0078125 0.012037 0.426459
0 0.727344 0.921759 0.00677083 0.012037 0.439712
0 0.726042 0.751389 0.00833333 0.012037 0.450755
0 0.729688 0.581481 0.00729167 0.0111111 0.480634
0 0.729427 0.49213 0.00677083 0.012037 0.49051
0 0.680469 0.747222 0.00885417 0.012963 0.497659
0 0.636719 0.658796 0.0078125 0.012037 0.499737
0 0.772396 0.925463 0.00833333 0.012037 0.532369
0 0.679427 0.915278 0.00677083 0.012037 0.540496
0 0.572917 0.401852 0.0104167 0.0203704 0.542046
0 0.485938 0.878241 0.00833333 0.012037 0.571695
0 0.635677 0.575463 0.00677083 0.012037 0.57401
0 0.726562 0.838426 0.00833333 0.012037 0.580264
0 0.683333 0.578704 0.00729167 0.0111111 0.581738
0 0.536719 0.65463 0.00885417 0.0148148 0.582238
0 0.633333 0.824074 0.00729167 0.012963 0.597025
0 0.684635 0.491667 0.00677083 0.0111111 0.615917
0 0.583073 0.473611 0.00989583 0.0175926 0.618782
0 0.680208 0.828704 0.00833333 0.012963 0.631523
0 0.534635 0.810648 0.0078125 0.0138889 0.649752
0 0.778646 0.499074 0.00729167 0.0111111 0.651198
0 0.533854 0.891204 0.00729167 0.012037 0.652407
0 0.633333 0.907407 0.00729167 0.012963 0.653747
0 0.682292 0.662037 0.009375 0.012963 0.655359
0 0.533854 0.35463 0.00833333 0.0166667 0.656934
0 0.585156 0.822685 0.0078125 0.012037 0.660244
0 0.580469 0.565741 0.00677083 0.012963 0.660419
0 0.584635 0.740741 0.0078125 0.012963 0.668803
0 0.6375 0.488889 0.00729167 0.012963 0.673797
0 0.48776 0.806019 0.0078125 0.0138889 0.684695
0 0.776042 0.672222 0.009375 0.0148148 0.692626
0 0.774479 0.853241 0.009375 0.0138889 0.702169
0 0.583854 0.90463 0.00729167 0.012963 0.703517
0 0.536979 0.731481 0.00729167 0.012963 0.70402
0 0.776823 0.5875 0.00885417 0.0138889 0.715491
0 0.48724 0.730556 0.00885417 0.0166667 0.733199
0 0.633073 0.744444 0.00885417 0.012963 0.742449
0 0.77526 0.760185 0.0109375 0.0148148 0.757515
0 0.778125 0.415278 0.00833333 0.0175926 0.770835
0 0.73125 0.405093 0.00833333 0.0157407 0.805695
0 0.685156 0.397685 0.0078125 0.0175926 0.812457
0 0.640885 0.398148 0.00885417 0.0166667 0.818265
