0 0.671354 0.547685 0.00729167 0.012037 0.255527
0 0.435417 0.964352 0.00729167 0.012037 0.272815
0 0.438281 0.854167 0.00677083 0.0138889 0.279332
0 0.613281 0.54537 0.00677083 0.0111111 0.286886
0 0.557031 0.652778 0.00677083 0.0111111 0.305777
0 0.494271 0.539352 0.00729167 0.012037 0.309845
0 0.554167 0.544907 0.00729167 0.012037 0.31032
0 0.444792 0.649537 0.00729167 0.0138889 0.31398
0 0.502083 0.651852 0.00729167 0.012963 0.318693
0 0.554688 0.855093 0.00833333 0.0138889 0.327428
0 0.788802 0.975926 0.0078125 0.012963 0.333059
0 0.67526 0.323148 0.00677083 0.0111111 0.34404
0 0.441927 0.752315 0.00677083 0.012037 0.351399
0 0.729688 0.550926 0.00729167 0.012963 0.367946
0 0.730729 0.973611 0.00729167 0.0138889 0.375219
0 0.736198 0.324537 0.0078125 0.012037 0.376053
0 0.73724 0.426852 0.00885417 0.012963 0.393705
0 0.488802 0.419907 0.0078125 0.012037 0.397656
0 0.435417 0.537037 0.00625 0.012963 0.402452
0 0.55599 0.753241 0.00677083 0.012037 0.40247
0 0.780729 0.661111 0.00625 0.0111111 0.402814
0 0.551302 0.319907 0.0078125 0.012037 0.405473
0 0.67526 0.429167 0.0078125 0.012037 0.41013
0 0.725 0.659722 0.00625 0.012037 0.412386
0 0.428125 0.420833 0.00729167 0.012037 0.421519
0 0.55 0.425463 0.00729167 0.012037 0.429399
0 0.491146 0.318056 0.00729167 0.012037 0.430169
0 0.613542 0.427315 0.00729167 0.012037 0.430594
0 0.790625 0.552778 0.00833333 0.012963 0.434464
0 0.614062 0.322685 0.00729167 0.012037 0.437529
0 0.727604 0.759259 0.00729167 0.012963 0.442409
0 0.786458 0.8625 0.00729167 0.012037 0.449691
0 0.431771 0.321296 0.00729167 0.012963 0.480126
0 0.796354 0.327778 0.00833333 0.012963 0.512402
0 0.782812 0.759259 0.00833333 0.012963 0.528879
0 0.801562 0.433796 0.0145833 0.0212963 0.546321
0 0.729427 0.862037 0.0109375 0.0166667 0.593866
