0 0.768229 0.945833 0.00520833 0.0101852 0.261918
0 0.622135 0.827315 0.00572917 0.0101852 0.270295
0 0.529688 0.890741 0.00625 0.0111111 0.276412
0 0.563281 0.461111 0.00572917 0.0111111 0.27729
0 0.670573 0.840278 0.00572917 0.0101852 0.294002
0 0.671875 0.921759 0.00520833 0.0101852 0.304949
0 0.717188 0.763889 0.00729167 0.0111111 0.316122
0 0.574219 0.816667 0.00572917 0.0111111 0.339436
0 0.563021 0.554167 0.00625 0.012037 0.377086
0 0.571094 0.653704 0.00677083 0.012963 0.381602
0 0.527083 0.721759 0.00729167 0.012037 0.387855
0 0.482031 0.793981 0.00677083 0.012037 0.397889
0 0.615365 0.403241 0.00677083 0.012037 0.40648
0 0.767708 0.862963 0.00625 0.012963 0.407131
0 0.715365 0.678241 0.00677083 0.012037 0.411442
0 0.573438 0.731481 0.00729167 0.012963 0.411591
0 0.714844 0.593982 0.00677083 0.012037 0.411598
0 0.576563 0.902315 0.00625 0.012037 0.423315
0 0.480729 0.712963 0.00729167 0.0111111 0.428016
0 0.661979 0.413426 0.00729167 0.012037 0.432742
0 0.62474 0.913426 0.00572917 0.0101852 0.447061
0 0.763021 0.606019 0.00625 0.0101852 0.455874
0 0.479948 0.632407 0.00677083 0.0148148 0.464522
0 0.510938 0.54537 0.00625 0.0111111 0.477863
0 0.561719 0.372685 0.00677083 0.012037 0.494149
0 0.764583 0.690278 0.00729167 0.012037 0.502568
0 0.765885 0.775463 0.0078125 0.012037 0.514254
0 0.71224 0.423148 0.00677083 0.0111111 0.526746
0 0.761458 0.518056 0.00729167 0.012037 0.549698
0 0.461979 0.533796 0.00625 0.012037 0.561501
0 0.501302 0.438426 0.0078125 0.012037 0.582819
0 0.501562 0.345833 0.00833333 0.012037 0.610257
0 0.760156 0.433333 0.0078125 0.012963 0.641059
0 0.448698 0.430093 0.0078125 0.012037 0.658697
0 0.447656 0.334259 0.0078125 0.012963 0.706704
