0 0.548437 0.578704 0.00833333 0.012963 0.259861
0 0.478906 0.688889 0.00885417 0.0148148 0.284421
0 0.754948 0.795833 0.0078125 0.0138889 0.28903
0 0.802604 0.790278 0.00833333 0.0138889 0.303619
0 0.55651 0.775463 0.0078125 0.012037 0.313353
0 0.47526 0.594907 0.0078125 0.0138889 0.317892
0 0.710677 0.810648 0.00885417 0.0157407 0.330127
0 0.482812 0.794444 0.00729167 0.012963 0.34057
0 0.628906 0.839815 0.00885417 0.0148148 0.375176
0 0.560677 0.873611 0.0130208 0.0175926 0.403251
0 0.485677 0.893981 0.00989583 0.0157407 0.423576
