0 0.519271 0.712037 0.0104167 0.0148148 0.473231
0 0.764844 0.69213 0.00885417 0.0157407 0.543169
0 0.764323 0.833333 0.0078125 0.012963 0.548373
0 0.572656 0.433796 0.0078125 0.0138889 0.565267
0 0.676042 0.742593 0.00833333 0.012963 0.569404
0 0.454167 0.901852 0.00833333 0.0148148 0.595716
0 0.629167 0.447685 0.009375 0.0157407 0.596482
0 0.459115 0.60787 0.0078125 0.0138889 0.604215
0 0.520312 0.621759 0.00833333 0.0138889 0.607171
0 0.763281 0.904167 0.00989583 0.0157407 0.622748
0 0.516146 0.311111 0.00833333 0.0148148 0.641614
0 0.457292 0.508796 0.00729167 0.012037 0.647499
0 0.718229 0.676852 0.00833333 0.0166667 0.653695
0 0.454688 0.806944 0.0114583 0.0157407 0.655085
0 0.736979 0.368519 0.0114583 0.0240741 0.658669
0 0.71875 0.752315 0.009375 0.0138889 0.662939
0 0.457031 0.709722 0.0140625 0.0175926 0.665502
0 0.455469 0.30463 0.0078125 0.0148148 0.667258
0 0.521094 0.817593 0.0109375 0.0166667 0.673498
0 0.584635 0.816204 0.0078125 0.0138889 0.68492
0 0.727865 0.602778 0.0078125 0.012963 0.687108
0 0.516667 0.418056 0.009375 0.0175926 0.689532
0 0.676302 0.818519 0.0078125 0.0148148 0.689701
0 0.588542 0.64537 0.00833333 0.012963 0.692384
0 0.628385 0.573611 0.0078125 0.0138889 0.695001
0 0.453646 0.405093 0.0114583 0.0175926 0.695008
0 0.674479 0.896759 0.00729167 0.0138889 0.697459
0 0.580208 0.552778 0.00729167 0.012963 0.702195
0 0.594531 0.73287 0.00989583 0.0138889 0.718644
0 0.779948 0.621759 0.00885417 0.0138889 0.721246
0 0.583854 0.902315 0.00833333 0.0194444 0.724545
0 0.71901 0.824074 0.00885417 0.0166667 0.741233
0 0.677865 0.58287 0.00885417 0.0175926 0.748021
0 0.784115 0.510648 0.0119792 0.0175926 0.752594
0 0.732031 0.474537 0.00885417 0.0194444 0.757795
0 0.779688 0.373611 0.009375 0.0194444 0.758458
0 0.719271 0.895833 0.0104167 0.0194444 0.760321
0 0.629427 0.336111 0.00885417 0.0185185 0.762398
0 0.574219 0.326852 0.0109375 0.0203704 0.773256
0 0.633854 0.808333 0.0104167 0.0185185 0.775762
0 0.522396 0.913426 0.0135417 0.0175926 0.78093
0 0.51849 0.518519 0.0109375 0.0185185 0.789948
0 0.635417 0.668981 0.0135417 0.0212963 0.797869
0 0.766667 0.7625 0.0166667 0.0212963 0.798715
0 0.673698 0.664815 0.0109375 0.0203704 0.802098
0 0.683594 0.348611 0.0140625 0.0231481 0.810998
0 0.68151 0.468056 0.00989583 0.0212963 0.81194
0 0.632552 0.899074 0.00989583 0.0259259 0.81524
