0 0.680469 0.716667 0.00572917 0.0111111 0.392001
0 0.46276 0.771296 0.0130208 0.0166667 0.546218
0 0.621615 0.446759 0.00677083 0.0138889 0.602953
0 0.721875 0.710648 0.00833333 0.0138889 0.622189
0 0.464063 0.963889 0.00833333 0.012963 0.635483
0 0.565365 0.455093 0.00677083 0.0138889 0.640929
0 0.522917 0.751389 0.00833333 0.0138889 0.641249
0 0.683594 0.793056 0.00677083 0.0138889 0.649411
0 0.598698 0.742593 0.00885417 0.012963 0.653495
0 0.519792 0.663889 0.00833333 0.0148148 0.656516
0 0.594531 0.913889 0.00677083 0.0166667 0.659143
0 0.720833 0.635185 0.00833333 0.012963 0.664992
0 0.591667 0.828241 0.00729167 0.0138889 0.666844
0 0.72526 0.781018 0.0078125 0.0157407 0.667429
0 0.626823 0.571296 0.00677083 0.012963 0.6685
0 0.589844 0.658796 0.0078125 0.012037 0.668957
0 0.46276 0.867593 0.0119792 0.0148148 0.67848
0 0.771875 0.77037 0.00833333 0.0148148 0.683185
0 0.725781 0.557407 0.00677083 0.012963 0.68554
0 0.725521 0.431944 0.00729167 0.0157407 0.689864
0 0.578125 0.569444 0.00729167 0.012963 0.692843
0 0.778906 0.556944 0.00677083 0.0138889 0.694909
0 0.684375 0.870833 0.00729167 0.0157407 0.69628
0 0.777865 0.44213 0.00989583 0.0157407 0.698801
0 0.772656 0.843056 0.00885417 0.0138889 0.699332
0 0.725781 0.324537 0.00989583 0.0212963 0.700517
0 0.459635 0.672222 0.00885417 0.0148148 0.704681
0 0.6375 0.65787 0.0125 0.0194444 0.715631
0 0.676042 0.559259 0.00729167 0.0148148 0.720504
0 0.503906 0.358333 0.0078125 0.0148148 0.726971
0 0.641406 0.801852 0.00885417 0.0166667 0.731066
0 0.642708 0.892593 0.00833333 0.0203704 0.734481
0 0.453906 0.577778 0.0078125 0.0148148 0.737611
0 0.44349 0.375 0.0078125 0.0148148 0.743714
0 0.729427 0.850463 0.00885417 0.0194444 0.75481
0 0.56276 0.349074 0.00885417 0.0166667 0.760366
0 0.529167 0.852778 0.0104167 0.0166667 0.763456
0 0.508073 0.463889 0.00885417 0.0166667 0.768034
0 0.533333 0.950926 0.0125 0.0185185 0.772022
0 0.676042 0.639352 0.0104167 0.0194444 0.773234
0 0.770312 0.700926 0.0135417 0.0203704 0.783028
0 0.674479 0.444907 0.00833333 0.0194444 0.783046
0 0.61849 0.336574 0.00885417 0.0157407 0.788531
0 0.770052 0.312037 0.00885417 0.0185185 0.801179
0 0.515104 0.5625 0.009375 0.0194444 0.801961
0 0.446875 0.475 0.0104167 0.0203704 0.802938
0 0.671875 0.32963 0.0114583 0.0222222 0.835305
