0 0.704167 0.829167 0.00625 0.0101852 0.273734
0 0.604427 0.916204 0.00572917 0.0101852 0.290037
0 0.720833 0.485648 0.00625 0.0101852 0.291333
0 0.522396 0.661574 0.00625 0.0101852 0.295472
0 0.476042 0.663426 0.00625 0.012037 0.326091
0 0.715885 0.574537 0.00572917 0.0101852 0.341012
0 0.757031 0.744444 0.0078125 0.0111111 0.359711
0 0.465365 0.913426 0.00572917 0.0101852 0.365272
0 0.565104 0.743981 0.00625 0.012037 0.365457
0 0.510938 0.913889 0.00625 0.0111111 0.374216
0 0.472656 0.746296 0.00677083 0.0111111 0.374542
0 0.676042 0.400926 0.00729167 0.0111111 0.384178
0 0.515104 0.568519 0.00729167 0.0111111 0.387534
0 0.753385 0.832407 0.00677083 0.0111111 0.435949
0 0.747917 0.916204 0.00625 0.0101852 0.439557
0 0.513021 0.462037 0.00729167 0.0111111 0.46075
0 0.465885 0.568519 0.00677083 0.0111111 0.471228
0 0.46901 0.826852 0.00572917 0.0111111 0.491311
0 0.7125 0.658333 0.00729167 0.0111111 0.500455
0 0.51901 0.37037 0.0078125 0.012963 0.523817
0 0.760677 0.659722 0.0078125 0.012037 0.535743
0 0.764844 0.574537 0.00677083 0.012037 0.539321
0 0.72526 0.4 0.0078125 0.012963 0.550196
0 0.769531 0.486111 0.0078125 0.012963 0.57045
0 0.460156 0.46713 0.0078125 0.012037 0.585454
0 0.464583 0.371759 0.00625 0.0138889 0.632471
0 0.772656 0.399074 0.0078125 0.012963 0.666637
