0 0.664062 0.648148 0.00625 0.0111111 0.255055
0 0.778646 0.372222 0.00625 0.0111111 0.258116
0 0.682292 0.825 0.00833333 0.012963 0.264516
0 0.643229 0.291204 0.00520833 0.0101852 0.267673
0 0.753385 0.639352 0.00572917 0.0101852 0.276104
0 0.766146 0.821759 0.00625 0.012037 0.283527
0 0.708594 0.643981 0.00677083 0.0101852 0.29598
0 0.79349 0.547222 0.00677083 0.0111111 0.298095
0 0.641927 0.381481 0.00572917 0.0111111 0.298449
0 0.714844 0.733796 0.0078125 0.012037 0.311771
0 0.758854 0.731944 0.00625 0.0101852 0.317197
0 0.457812 0.267593 0.00729167 0.012963 0.329269
0 0.593229 0.462963 0.00729167 0.0111111 0.344165
0 0.78776 0.461574 0.00885417 0.0138889 0.353592
0 0.8 0.639352 0.00729167 0.0101852 0.359815
0 0.602344 0.561574 0.0078125 0.012037 0.365578
0 0.528125 0.259259 0.00729167 0.0111111 0.376301
0 0.53724 0.458796 0.00677083 0.012037 0.38487
0 0.615104 0.654167 0.00729167 0.012037 0.385252
0 0.809375 0.733796 0.009375 0.012037 0.388342
0 0.591146 0.271759 0.00729167 0.012037 0.419978
0 0.813542 0.824074 0.00833333 0.0148148 0.420248
0 0.58776 0.362963 0.0078125 0.012963 0.424409
0 0.565885 0.765741 0.0078125 0.0111111 0.42658
0 0.464063 0.365741 0.009375 0.012963 0.426702
0 0.491667 0.77037 0.00625 0.0111111 0.42719
0 0.469792 0.464815 0.00833333 0.0111111 0.432885
0 0.473437 0.56713 0.00833333 0.012037 0.437075
0 0.555469 0.661574 0.00989583 0.012037 0.438895
0 0.482552 0.666204 0.0078125 0.0138889 0.43909
0 0.641927 0.841204 0.00677083 0.012037 0.440015
0 0.723177 0.827778 0.0078125 0.0148148 0.447204
0 0.529948 0.363426 0.0078125 0.012037 0.454739
0 0.546094 0.564815 0.0078125 0.012963 0.474884
0 0.671875 0.735648 0.00833333 0.0138889 0.478419
0 0.621615 0.752315 0.00885417 0.0138889 0.493864
0 0.574219 0.864815 0.0109375 0.0148148 0.544657
0 0.5 0.868981 0.0104167 0.0157407 0.570982
