0 0.516406 0.741204 0.00572917 0.012037 0.252811
0 0.646094 0.914352 0.00677083 0.012037 0.253042
0 0.515104 0.459722 0.00625 0.012037 0.259721
0 0.709896 0.658333 0.00625 0.0111111 0.267329
0 0.748438 0.835648 0.00729167 0.012037 0.267757
0 0.753906 0.747685 0.00677083 0.012037 0.270905
0 0.695052 0.916204 0.00677083 0.012037 0.273718
0 0.474219 0.659259 0.00677083 0.012963 0.27821
0 0.466667 0.36713 0.00729167 0.0138889 0.284653
0 0.460156 0.907407 0.00572917 0.0111111 0.28518
0 0.759635 0.660648 0.00677083 0.012037 0.287162
0 0.699479 0.831944 0.00625 0.012037 0.288487
0 0.677083 0.403241 0.00729167 0.012037 0.291045
0 0.742708 0.918056 0.00625 0.012037 0.292829
0 0.770052 0.491204 0.00677083 0.012037 0.294832
0 0.464844 0.824537 0.00572917 0.012037 0.304249
0 0.727083 0.403704 0.00729167 0.012963 0.313805
0 0.465365 0.565278 0.00677083 0.012037 0.314565
0 0.461198 0.4625 0.0078125 0.0138889 0.321247
0 0.470052 0.739815 0.00677083 0.012963 0.335129
0 0.521615 0.368056 0.0078125 0.012037 0.336859
0 0.774479 0.403704 0.00833333 0.0148148 0.382069
