0 0.435937 0.737037 0.00729167 0.0111111 0.328728
0 0.553906 0.848611 0.00677083 0.0101852 0.404522
0 0.379167 0.738889 0.00729167 0.0111111 0.433139
0 0.553646 0.739352 0.00625 0.0101852 0.438592
0 0.495052 0.633333 0.00677083 0.0111111 0.448004
0 0.551823 0.635648 0.00677083 0.012037 0.458423
0 0.496354 0.7375 0.00729167 0.012037 0.495166
0 0.496354 0.850463 0.00833333 0.0101852 0.497128
0 0.381771 0.6375 0.00729167 0.012037 0.501586
0 0.433333 0.425926 0.00729167 0.0111111 0.514962
0 0.613281 0.203704 0.0078125 0.0111111 0.51651
0 0.373958 0.423148 0.00729167 0.0111111 0.54194
0 0.553125 0.203704 0.00729167 0.0111111 0.54861
0 0.43724 0.534722 0.00677083 0.012037 0.553328
0 0.369531 0.203704 0.0078125 0.0111111 0.556568
0 0.492188 0.426852 0.00729167 0.012963 0.577701
0 0.377865 0.849074 0.0078125 0.0111111 0.588594
0 0.551562 0.426852 0.00729167 0.012963 0.597452
0 0.429167 0.204167 0.00833333 0.0101852 0.607153
0 0.54974 0.534722 0.00677083 0.0138889 0.616151
0 0.436719 0.85 0.00885417 0.0111111 0.624407
0 0.427604 0.306019 0.00833333 0.012037 0.62764
0 0.492969 0.532407 0.0078125 0.012963 0.639776
0 0.491667 0.20463 0.00833333 0.0111111 0.643016
0 0.609896 0.427315 0.00729167 0.012037 0.64868
0 0.438021 0.634259 0.00833333 0.012963 0.651521
0 0.616406 0.304167 0.00989583 0.012037 0.658337
0 0.367708 0.305093 0.00833333 0.012037 0.659293
0 0.604948 0.535648 0.00677083 0.012037 0.665762
0 0.554427 0.306944 0.00885417 0.0138889 0.686929
0 0.315104 0.423148 0.00729167 0.012963 0.690401
0 0.491927 0.307407 0.0078125 0.012963 0.691057
0 0.383073 0.534259 0.0078125 0.012963 0.696707
0 0.66901 0.738426 0.0078125 0.012037 0.703781
0 0.670052 0.426852 0.0078125 0.0111111 0.707856
0 0.613021 0.849074 0.00833333 0.012963 0.712872
0 0.609115 0.636111 0.0078125 0.012963 0.713014
0 0.323177 0.6375 0.00677083 0.012037 0.717698
0 0.674219 0.203241 0.00885417 0.012037 0.718183
0 0.664323 0.633796 0.00885417 0.0138889 0.727773
0 0.661458 0.534722 0.00729167 0.012037 0.733921
0 0.671615 0.848611 0.00885417 0.0138889 0.743512
0 0.307292 0.306944 0.00833333 0.0138889 0.745728
0 0.308854 0.206944 0.00833333 0.012037 0.758135
0 0.321875 0.740278 0.009375 0.0138889 0.770524
0 0.32474 0.536111 0.0078125 0.0148148 0.773145
0 0.320312 0.849074 0.009375 0.012963 0.775374
0 0.611719 0.737963 0.0119792 0.0185185 0.833584
0 0.678906 0.30787 0.0140625 0.0175926 0.859246
