0 0.54974 0.812037 0.00885417 0.0148148 0.365796
0 0.552604 0.731019 0.009375 0.012037 0.430049
0 0.503906 0.728704 0.00885417 0.0111111 0.514355
0 0.776042 0.499537 0.00833333 0.0175926 0.566523
0 0.544271 0.890741 0.00833333 0.012963 0.594698
0 0.501823 0.550463 0.0078125 0.0138889 0.606335
0 0.501302 0.803704 0.00989583 0.0148148 0.606462
0 0.594531 0.898611 0.0078125 0.0138889 0.617221
0 0.454427 0.72037 0.00885417 0.012963 0.6236
0 0.495313 0.881019 0.00833333 0.0138889 0.630096
0 0.604948 0.658796 0.00989583 0.0138889 0.6323
0 0.503646 0.443519 0.0197917 0.0240741 0.63843
0 0.554948 0.653704 0.00989583 0.012963 0.638613
0 0.640885 0.90787 0.0078125 0.012037 0.640074
0 0.447396 0.872222 0.00833333 0.012963 0.647961
0 0.452344 0.320833 0.0078125 0.0157407 0.651416
0 0.6875 0.913426 0.00729167 0.012037 0.659852
0 0.599219 0.819907 0.00885417 0.012037 0.66768
0 0.507552 0.646759 0.00885417 0.012037 0.674846
0 0.601823 0.741204 0.0109375 0.0138889 0.677804
0 0.692708 0.836574 0.00833333 0.012037 0.681998
0 0.563802 0.345833 0.0078125 0.0175926 0.684866
0 0.735937 0.922222 0.00833333 0.012963 0.698976
0 0.697135 0.758333 0.00885417 0.012963 0.699725
0 0.451562 0.794907 0.00833333 0.0138889 0.701017
0 0.6125 0.469907 0.0104167 0.0175926 0.707593
0 0.647135 0.827778 0.00885417 0.012963 0.708884
0 0.555729 0.565741 0.00729167 0.012963 0.709685
0 0.457552 0.641667 0.0078125 0.012963 0.716075
0 0.65 0.750463 0.0104167 0.0138889 0.723415
0 0.451042 0.543056 0.0104167 0.0212963 0.733066
0 0.652865 0.673148 0.0109375 0.0148148 0.738986
0 0.69974 0.683333 0.00885417 0.0148148 0.740602
0 0.742448 0.771296 0.0078125 0.012963 0.74234
0 0.779688 0.392593 0.009375 0.0166667 0.742786
0 0.739062 0.84537 0.00833333 0.012963 0.752775
0 0.710938 0.597685 0.00729167 0.012037 0.761937
0 0.609115 0.577315 0.00885417 0.0157407 0.762694
0 0.66849 0.488426 0.00885417 0.0157407 0.764586
0 0.660417 0.586111 0.009375 0.012963 0.764875
0 0.616927 0.35463 0.0119792 0.0240741 0.76601
0 0.758333 0.614352 0.00729167 0.0157407 0.778857
0 0.55651 0.459722 0.0130208 0.0194444 0.783091
0 0.509375 0.32963 0.009375 0.0166667 0.798856
0 0.746094 0.700926 0.00885417 0.0166667 0.799878
0 0.445312 0.427315 0.0125 0.0231481 0.81767
0 0.729688 0.381481 0.009375 0.0203704 0.828498
0 0.723177 0.489352 0.0130208 0.025 0.846307
0 0.674479 0.370833 0.009375 0.0231481 0.884074
