0 0.576823 0.841204 0.00885417 0.012037 0.572556
0 0.522135 0.787037 0.00885417 0.012963 0.624432
0 0.538542 0.497685 0.015625 0.0231481 0.636119
0 0.514844 0.706019 0.00885417 0.012037 0.636301
0 0.582292 0.920833 0.00833333 0.012037 0.649257
0 0.74349 0.315278 0.00885417 0.0175926 0.653584
0 0.71901 0.788889 0.0078125 0.0111111 0.67882
0 0.486979 0.955556 0.009375 0.012963 0.682058
0 0.496615 0.616204 0.0078125 0.0138889 0.691762
0 0.569531 0.762963 0.00989583 0.012963 0.693172
0 0.592448 0.481019 0.0109375 0.0157407 0.70201
0 0.677604 0.885185 0.00833333 0.012963 0.703092
0 0.480208 0.878704 0.00833333 0.012963 0.70366
0 0.651042 0.467593 0.009375 0.0166667 0.708041
0 0.473437 0.803704 0.00833333 0.0148148 0.708694
0 0.626302 0.824074 0.00989583 0.012963 0.711496
0 0.465625 0.727315 0.00833333 0.0138889 0.718365
0 0.56276 0.6875 0.0109375 0.0138889 0.721029
0 0.63099 0.901389 0.00885417 0.0138889 0.727696
0 0.711979 0.713426 0.00729167 0.012037 0.727982
0 0.550781 0.602778 0.0078125 0.012963 0.728078
0 0.763802 0.773611 0.0078125 0.0138889 0.733631
0 0.419531 0.416204 0.0078125 0.0157407 0.734248
0 0.724219 0.867593 0.00885417 0.012963 0.734866
0 0.529167 0.860185 0.009375 0.0148148 0.73864
0 0.704687 0.550926 0.00729167 0.012963 0.739318
0 0.609635 0.666204 0.00989583 0.0138889 0.741596
0 0.771094 0.850463 0.00885417 0.0138889 0.746026
0 0.704948 0.638426 0.0078125 0.0138889 0.752267
0 0.534635 0.9375 0.00885417 0.0138889 0.754738
0 0.475521 0.398148 0.00833333 0.0166667 0.755422
0 0.61875 0.747222 0.0114583 0.0148148 0.75668
0 0.673437 0.806019 0.0104167 0.0138889 0.760796
0 0.758854 0.700926 0.00833333 0.0148148 0.763123
0 0.654688 0.565741 0.00833333 0.0148148 0.773073
0 0.603385 0.585648 0.00885417 0.0175926 0.777547
0 0.752865 0.54213 0.0078125 0.0175926 0.786644
0 0.666146 0.729167 0.0114583 0.0157407 0.788752
0 0.446354 0.635648 0.0114583 0.0212963 0.791751
0 0.752344 0.630556 0.0078125 0.0185185 0.801392
0 0.659115 0.651852 0.0119792 0.0166667 0.801594
0 0.529688 0.385648 0.009375 0.0175926 0.809246
0 0.754427 0.420833 0.00885417 0.0194444 0.817859
0 0.639844 0.351389 0.00989583 0.0212963 0.81906
0 0.484896 0.511574 0.0197917 0.0268519 0.831588
0 0.584115 0.364815 0.0119792 0.0240741 0.834706
0 0.692448 0.33287 0.00989583 0.0212963 0.835149
0 0.427604 0.528241 0.0145833 0.025 0.844681
0 0.707292 0.439352 0.0135417 0.025 0.845677
