0 0.540365 0.295833 0.00572917 0.0101852 0.265251
0 0.58724 0.206944 0.00572917 0.0101852 0.282937
0 0.644792 0.560648 0.00625 0.0101852 0.293828
0 0.37526 0.702778 0.00677083 0.00925926 0.310482
0 0.589583 0.293519 0.00625 0.0111111 0.312568
0 0.591667 0.471296 0.00729167 0.0111111 0.367536
0 0.371875 0.0814815 0.00625 0.00925926 0.395568
0 0.635156 0.119444 0.00677083 0.00925926 0.423898
0 0.642969 0.467593 0.00677083 0.0111111 0.441111
0 0.31224 0.189815 0.00572917 0.0111111 0.475357
0 0.311198 0.0884259 0.00677083 0.0101852 0.476933
0 0.59401 0.650926 0.00572917 0.0111111 0.48642
0 0.374479 0.600463 0.00625 0.0101852 0.489883
0 0.644792 0.650463 0.00625 0.0101852 0.495786
0 0.639063 0.294907 0.00625 0.0101852 0.506222
0 0.636719 0.20787 0.00677083 0.0101852 0.513105
0 0.438281 0.67963 0.00677083 0.0111111 0.514404
0 0.435937 0.484722 0.00729167 0.0101852 0.528253
0 0.3125 0.290741 0.00625 0.0111111 0.542063
0 0.43724 0.583333 0.00677083 0.0111111 0.566559
0 0.319531 0.705093 0.0078125 0.0101852 0.577809
0 0.316406 0.602315 0.00572917 0.0101852 0.589783
0 0.314583 0.496296 0.00625 0.0111111 0.614141
0 0.31276 0.39537 0.00677083 0.0111111 0.666952
