0 0.649479 0.981019 0.00729167 0.012037 0.308146
0 0.60599 0.750463 0.00677083 0.0101852 0.31884
0 0.591406 0.962037 0.00572917 0.00925926 0.338894
0 0.631771 0.325 0.00833333 0.0111111 0.377808
0 0.692708 0.344907 0.00729167 0.0101852 0.483103
0 0.666146 0.672222 0.00625 0.0111111 0.489972
0 0.483594 0.812963 0.00677083 0.0111111 0.543278
0 0.474219 0.918056 0.00677083 0.0101852 0.579604
0 0.531771 0.940278 0.00729167 0.0101852 0.589954
0 0.655208 0.874074 0.00833333 0.0148148 0.601982
0 0.777865 0.709722 0.00677083 0.012037 0.619156
0 0.611198 0.648148 0.00677083 0.012963 0.631078
0 0.617448 0.543981 0.00677083 0.0138889 0.636745
0 0.492969 0.7125 0.00677083 0.012037 0.64358
0 0.509896 0.281019 0.00729167 0.0101852 0.647542
0 0.675 0.563426 0.00729167 0.0138889 0.649291
0 0.570312 0.303241 0.00729167 0.0101852 0.655184
0 0.793229 0.605093 0.00729167 0.012037 0.66696
0 0.753385 0.366204 0.00885417 0.012037 0.673836
0 0.599479 0.851389 0.00729167 0.0138889 0.683652
0 0.555469 0.63287 0.0078125 0.0157407 0.685281
0 0.769792 0.911574 0.00833333 0.0138889 0.685474
0 0.686979 0.449074 0.00729167 0.012963 0.691056
0 0.50026 0.612963 0.0078125 0.012963 0.694608
0 0.499219 0.5 0.0078125 0.012963 0.694932
0 0.416406 0.899074 0.00885417 0.012963 0.700839
0 0.425521 0.793056 0.00833333 0.0138889 0.705512
0 0.62474 0.428704 0.00677083 0.012963 0.711828
0 0.81276 0.387963 0.00989583 0.012963 0.712375
0 0.559115 0.524537 0.00677083 0.0138889 0.713547
0 0.540365 0.830093 0.00885417 0.0138889 0.716533
0 0.71849 0.791204 0.00885417 0.0157407 0.72154
0 0.548437 0.730093 0.00729167 0.0138889 0.725838
0 0.5625 0.406019 0.00729167 0.012037 0.735335
0 0.44974 0.264815 0.0078125 0.0111111 0.736935
0 0.442969 0.593056 0.0078125 0.0138889 0.741959
0 0.721615 0.690278 0.0078125 0.0138889 0.746632
0 0.734115 0.586574 0.00885417 0.0157407 0.746977
0 0.772135 0.807407 0.00885417 0.012963 0.747494
0 0.501562 0.381944 0.00833333 0.0138889 0.766495
0 0.440885 0.47963 0.0078125 0.0148148 0.77653
0 0.434635 0.693519 0.0078125 0.012963 0.779864
0 0.713281 0.892593 0.0109375 0.0185185 0.78372
0 0.441406 0.362037 0.00885417 0.0148148 0.787974
0 0.749219 0.46713 0.00989583 0.0157407 0.797746
0 0.810938 0.49213 0.0135417 0.0212963 0.813342
