0 0.438281 0.623611 0.00677083 0.0101852 0.31576
0 0.339844 0.782407 0.0078125 0.0111111 0.542129
0 0.48724 0.624537 0.0078125 0.0101852 0.549332
0 0.534896 0.703704 0.00729167 0.0111111 0.568602
0 0.377344 0.345833 0.0171875 0.0212963 0.582935
0 0.486979 0.783333 0.00625 0.0111111 0.588631
0 0.390365 0.546759 0.0078125 0.012037 0.594969
0 0.532812 0.782407 0.00625 0.0111111 0.619081
0 0.488021 0.704167 0.00729167 0.0101852 0.622801
0 0.581771 0.703704 0.00729167 0.0111111 0.633085
0 0.433594 0.458333 0.00677083 0.0111111 0.634294
0 0.390625 0.630093 0.00729167 0.012037 0.636822
0 0.339583 0.629167 0.00729167 0.0138889 0.642077
0 0.436458 0.545833 0.009375 0.0138889 0.651771
0 0.535937 0.624074 0.00833333 0.0111111 0.652924
0 0.582031 0.626389 0.00677083 0.0101852 0.653522
0 0.377604 0.231019 0.00729167 0.0138889 0.659091
0 0.436198 0.783796 0.00677083 0.012037 0.663509
0 0.440104 0.704167 0.00833333 0.0138889 0.665025
0 0.579427 0.783796 0.0078125 0.012037 0.665918
0 0.339583 0.550926 0.00729167 0.012963 0.668931
0 0.649479 0.246759 0.00833333 0.0157407 0.67114
0 0.339844 0.70463 0.00677083 0.012963 0.676593
0 0.378646 0.451389 0.00729167 0.012037 0.685023
0 0.628385 0.705093 0.0078125 0.012037 0.685953
0 0.485417 0.543056 0.00833333 0.012037 0.704635
0 0.628125 0.783333 0.00833333 0.012963 0.714012
0 0.320833 0.22963 0.00833333 0.0148148 0.720255
0 0.588542 0.4625 0.00729167 0.012037 0.725089
0 0.58151 0.55 0.0078125 0.0111111 0.727453
0 0.388281 0.781944 0.0078125 0.0157407 0.730084
0 0.391146 0.706019 0.00833333 0.0157407 0.738817
0 0.628906 0.630556 0.0078125 0.012963 0.753885
0 0.535417 0.546759 0.0114583 0.0138889 0.760293
0 0.316667 0.336574 0.0125 0.0212963 0.766192
0 0.430469 0.237037 0.0078125 0.0166667 0.773725
0 0.538281 0.461111 0.0078125 0.012963 0.774463
0 0.486719 0.462037 0.0078125 0.0148148 0.777207
0 0.541927 0.362037 0.00885417 0.0166667 0.780967
0 0.63724 0.470833 0.00677083 0.0138889 0.792018
0 0.485677 0.354167 0.00989583 0.0138889 0.793782
0 0.628646 0.559722 0.009375 0.0157407 0.798353
0 0.484375 0.2375 0.0104167 0.0194444 0.806436
0 0.598177 0.244907 0.0078125 0.0175926 0.810647
0 0.43125 0.35 0.0145833 0.0203704 0.812809
0 0.328125 0.452778 0.0114583 0.0203704 0.833005
0 0.541406 0.242593 0.0078125 0.0166667 0.835606
0 0.648438 0.356481 0.009375 0.0185185 0.843975
0 0.596875 0.355093 0.0125 0.0231481 0.855588
