0 0.450781 0.303704 0.0078125 0.0148148 0.427036
0 0.503906 0.717593 0.00885417 0.012963 0.563696
0 0.553125 0.724074 0.00729167 0.0111111 0.565461
0 0.545833 0.882407 0.00729167 0.012963 0.581287
0 0.450521 0.525 0.0114583 0.0185185 0.587062
0 0.604948 0.659259 0.00885417 0.012963 0.594923
0 0.507031 0.635185 0.0078125 0.012963 0.61764
0 0.689583 0.920833 0.00729167 0.012037 0.621377
0 0.643229 0.90787 0.00729167 0.012037 0.624878
0 0.50651 0.31713 0.0078125 0.0138889 0.625831
0 0.453385 0.705093 0.0078125 0.0138889 0.635955
0 0.551562 0.803241 0.00833333 0.0138889 0.644056
0 0.667969 0.49213 0.0078125 0.0157407 0.660872
0 0.448958 0.854167 0.00833333 0.0138889 0.661321
0 0.502604 0.791204 0.009375 0.0157407 0.670444
0 0.554688 0.558796 0.00729167 0.012037 0.671557
0 0.457031 0.625463 0.0078125 0.012037 0.671754
0 0.647917 0.829167 0.00833333 0.012037 0.676557
0 0.60026 0.817593 0.00885417 0.012963 0.686467
0 0.500521 0.537037 0.00729167 0.0148148 0.687131
0 0.69401 0.843056 0.0078125 0.012037 0.693353
0 0.77526 0.519444 0.00989583 0.0185185 0.696129
0 0.697656 0.766667 0.00885417 0.012963 0.698814
0 0.596094 0.896759 0.0078125 0.0138889 0.700723
0 0.554948 0.646759 0.00989583 0.0138889 0.700995
0 0.710677 0.606944 0.00677083 0.012037 0.701892
0 0.450521 0.777778 0.00833333 0.0148148 0.706231
0 0.73724 0.934259 0.0078125 0.012963 0.709462
0 0.608073 0.576852 0.00677083 0.0148148 0.716272
0 0.740365 0.856944 0.0078125 0.012037 0.717541
0 0.602083 0.739352 0.0104167 0.0138889 0.718257
0 0.496615 0.86713 0.0078125 0.0138889 0.719596
0 0.503385 0.42963 0.0171875 0.0240741 0.720465
0 0.70026 0.690741 0.00885417 0.012963 0.723102
0 0.74401 0.78287 0.00885417 0.0138889 0.725911
0 0.650781 0.752778 0.00989583 0.012963 0.72895
0 0.652865 0.674537 0.0109375 0.0138889 0.741618
0 0.778385 0.40787 0.00885417 0.0175926 0.742464
0 0.660156 0.591204 0.00885417 0.0138889 0.746047
0 0.746875 0.713426 0.00833333 0.0157407 0.755605
0 0.561979 0.342593 0.00833333 0.0166667 0.756283
0 0.611198 0.469444 0.00989583 0.0166667 0.784057
0 0.758333 0.628241 0.00833333 0.0175926 0.78451
0 0.44375 0.408796 0.0114583 0.0212963 0.789245
0 0.55625 0.454167 0.0114583 0.0194444 0.799262
0 0.615885 0.356481 0.0109375 0.0222222 0.801052
0 0.726562 0.39537 0.009375 0.0203704 0.822605
0 0.721094 0.501852 0.0130208 0.0240741 0.828248
0 0.672917 0.375926 0.0104167 0.0222222 0.872326
