0 0.672917 0.462037 0.00833333 0.0148148 0.265051
0 0.376563 0.342593 0.0145833 0.0185185 0.290902
0 0.438021 0.625463 0.00729167 0.0101852 0.450862
0 0.396875 0.409259 0.00729167 0.012963 0.520263
0 0.377344 0.233333 0.0078125 0.0148148 0.586859
0 0.582031 0.625463 0.00677083 0.0101852 0.588299
0 0.581771 0.703704 0.00729167 0.0111111 0.605563
0 0.433854 0.458333 0.00625 0.0111111 0.622378
0 0.540625 0.362963 0.00833333 0.0166667 0.62364
0 0.43724 0.546759 0.00885417 0.012037 0.626463
0 0.535937 0.70463 0.00729167 0.0111111 0.63539
0 0.340104 0.782407 0.00833333 0.0111111 0.643427
0 0.649219 0.248148 0.00885417 0.0166667 0.648161
0 0.486979 0.783333 0.00729167 0.0111111 0.666349
0 0.628125 0.704167 0.00729167 0.012037 0.666736
0 0.321094 0.22963 0.0078125 0.0148148 0.669082
0 0.533854 0.783333 0.00729167 0.0111111 0.669322
0 0.340104 0.70463 0.00729167 0.012963 0.669489
0 0.390104 0.630093 0.00833333 0.012037 0.674783
0 0.389844 0.547685 0.00885417 0.012037 0.677002
0 0.439323 0.704167 0.0078125 0.012037 0.679603
0 0.339323 0.550926 0.0078125 0.012963 0.680066
0 0.378646 0.450926 0.00729167 0.012963 0.681626
0 0.588542 0.462037 0.00729167 0.0111111 0.687021
0 0.58125 0.55 0.00729167 0.0111111 0.688945
0 0.436719 0.784259 0.0078125 0.0111111 0.690418
0 0.485677 0.543519 0.00885417 0.012963 0.690673
0 0.48724 0.625463 0.00885417 0.012037 0.690763
0 0.628125 0.78287 0.00833333 0.012037 0.694038
0 0.339844 0.62963 0.00885417 0.012963 0.701076
0 0.535937 0.624074 0.00833333 0.0111111 0.703189
0 0.390625 0.70463 0.00833333 0.012963 0.724567
0 0.430208 0.2375 0.00833333 0.0157407 0.727836
0 0.579948 0.783796 0.0078125 0.012037 0.732372
0 0.488021 0.705093 0.00729167 0.012037 0.734828
0 0.388542 0.781944 0.00729167 0.012037 0.735752
0 0.484115 0.2375 0.00989583 0.0194444 0.735966
0 0.535677 0.547222 0.0109375 0.0148148 0.754818
0 0.629167 0.630556 0.00833333 0.012963 0.756851
0 0.538542 0.462037 0.00833333 0.012963 0.764202
0 0.43151 0.350926 0.0130208 0.0185185 0.764742
0 0.486198 0.354167 0.00885417 0.0138889 0.769756
0 0.636719 0.47037 0.0078125 0.012963 0.77872
0 0.486979 0.4625 0.00833333 0.0138889 0.781852
0 0.596875 0.243056 0.00833333 0.0175926 0.784255
0 0.628125 0.559722 0.009375 0.0157407 0.792689
0 0.541927 0.24213 0.0078125 0.0157407 0.795708
0 0.316667 0.337037 0.0114583 0.0203704 0.801495
0 0.65 0.357407 0.0104167 0.0203704 0.820049
0 0.328646 0.452315 0.0114583 0.0194444 0.827553
0 0.596875 0.35463 0.0125 0.0240741 0.852908
