0 0.649219 0.477315 0.00885417 0.0157407 0.486885
0 0.524219 0.760648 0.0078125 0.012037 0.571865
0 0.571094 0.750926 0.00885417 0.0111111 0.57879
0 0.416927 0.366204 0.0078125 0.0138889 0.604161
0 0.579167 0.828704 0.009375 0.0111111 0.63644
0 0.515365 0.677315 0.0078125 0.012037 0.661347
0 0.532292 0.834722 0.0104167 0.0138889 0.675134
0 0.426042 0.475463 0.0125 0.0231481 0.686236
0 0.726042 0.893519 0.00729167 0.012963 0.695119
0 0.466927 0.686574 0.0078125 0.012037 0.697694
0 0.474219 0.764352 0.00885417 0.0138889 0.700475
0 0.720573 0.815278 0.0078125 0.012037 0.706187
0 0.489583 0.917593 0.00833333 0.012963 0.707594
0 0.627604 0.824537 0.009375 0.012037 0.708102
0 0.482812 0.840278 0.00833333 0.0138889 0.71229
0 0.584635 0.909722 0.00885417 0.012037 0.715248
0 0.563021 0.671759 0.009375 0.0138889 0.717299
0 0.611198 0.662963 0.00989583 0.012963 0.717457
0 0.55 0.584259 0.00729167 0.0148148 0.725633
0 0.495573 0.581944 0.0078125 0.0138889 0.725718
0 0.634896 0.903704 0.00833333 0.012963 0.726572
0 0.472135 0.360648 0.0078125 0.0138889 0.730716
0 0.704948 0.573611 0.0078125 0.0138889 0.732928
0 0.582292 0.358333 0.0104167 0.0222222 0.740636
0 0.713021 0.7375 0.00729167 0.012037 0.745461
0 0.527604 0.362037 0.00833333 0.0166667 0.747419
0 0.704948 0.662037 0.0078125 0.012963 0.751453
0 0.765885 0.811574 0.0078125 0.0138889 0.754198
0 0.772917 0.889815 0.00833333 0.012963 0.755501
0 0.674479 0.818981 0.009375 0.0138889 0.757204
0 0.680469 0.899537 0.00885417 0.0138889 0.761149
0 0.654427 0.575 0.0078125 0.0148148 0.761594
0 0.753385 0.457407 0.00885417 0.0185185 0.768009
0 0.53776 0.912963 0.00885417 0.0148148 0.768404
0 0.619531 0.747222 0.0119792 0.0148148 0.781026
0 0.446615 0.5875 0.0109375 0.0194444 0.7834
0 0.752604 0.577315 0.00729167 0.0157407 0.789517
0 0.591667 0.473148 0.0104167 0.0148148 0.790394
0 0.603646 0.581944 0.00833333 0.0157407 0.791146
0 0.483333 0.472222 0.0177083 0.0240741 0.791197
0 0.740885 0.351389 0.00885417 0.0175926 0.800465
0 0.759896 0.736574 0.009375 0.0157407 0.801601
0 0.5375 0.475463 0.015625 0.0212963 0.802936
0 0.752604 0.668056 0.00833333 0.0175926 0.803421
0 0.666406 0.741667 0.0119792 0.0148148 0.809775
0 0.660156 0.663426 0.0119792 0.0157407 0.823585
0 0.636719 0.356481 0.00885417 0.0185185 0.825673
0 0.70651 0.4625 0.0130208 0.0231481 0.826458
0 0.690625 0.352778 0.009375 0.0203704 0.842676
