0 0.49974 0.475463 0.00572917 0.0101852 0.259537
0 0.572656 0.299537 0.00572917 0.0101852 0.267305
0 0.667708 0.517593 0.00520833 0.0111111 0.267985
0 0.483594 0.784259 0.00677083 0.00925926 0.282317
0 0.632031 0.240278 0.00677083 0.012037 0.308711
0 0.561719 0.488889 0.00572917 0.0111111 0.365657
0 0.546354 0.778241 0.00520833 0.0101852 0.385044
0 0.628385 0.330093 0.00677083 0.012037 0.391012
0 0.519531 0.166667 0.00677083 0.0111111 0.422132
0 0.558073 0.587963 0.00572917 0.0111111 0.439948
0 0.510938 0.27037 0.00625 0.0111111 0.449895
0 0.715625 0.52963 0.00625 0.0111111 0.450905
0 0.677865 0.343056 0.00677083 0.012037 0.454915
0 0.428125 0.772222 0.00729167 0.012963 0.471764
0 0.651302 0.783333 0.00572917 0.0111111 0.471823
0 0.766406 0.543519 0.00572917 0.0111111 0.502544
0 0.754167 0.808796 0.00625 0.012037 0.516189
0 0.707812 0.707407 0.00625 0.0111111 0.522222
0 0.760677 0.720833 0.00677083 0.012037 0.540819
0 0.702604 0.795833 0.00625 0.012037 0.543631
0 0.68099 0.256944 0.0078125 0.012037 0.59145
0 0.429948 0.668981 0.00572917 0.012037 0.602761
0 0.725521 0.355556 0.00729167 0.012963 0.626686
0 0.770312 0.456019 0.00729167 0.012037 0.630583
0 0.775 0.368056 0.00729167 0.012037 0.631055
0 0.440885 0.462963 0.00677083 0.012963 0.63499
0 0.779427 0.281019 0.00677083 0.012037 0.638644
0 0.460417 0.157407 0.00729167 0.0111111 0.641711
0 0.722396 0.44213 0.00833333 0.0157407 0.653348
0 0.71276 0.615741 0.0078125 0.012963 0.664951
0 0.764323 0.629167 0.0078125 0.0138889 0.665884
0 0.729688 0.268056 0.00833333 0.0138889 0.66736
0 0.435677 0.562963 0.00677083 0.012963 0.667936
0 0.453906 0.257407 0.00677083 0.012963 0.672181
0 0.446875 0.35787 0.00625 0.0138889 0.691482
0 0.672656 0.428704 0.0109375 0.0166667 0.697636
