0 0.766406 0.510648 0.0046875 0.0101852 0.264535
0 0.71276 0.594907 0.00677083 0.0101852 0.275722
0 0.429427 0.816204 0.00677083 0.0101852 0.281491
0 0.761198 0.6875 0.00572917 0.0101852 0.292226
0 0.509115 0.298611 0.00677083 0.0101852 0.297745
0 0.755469 0.776389 0.00572917 0.0101852 0.322559
0 0.720833 0.418519 0.00729167 0.012963 0.324567
0 0.723437 0.330556 0.00729167 0.012963 0.355578
0 0.703906 0.774537 0.00572917 0.0101852 0.35676
0 0.770833 0.422685 0.00625 0.0101852 0.413607
0 0.773958 0.334259 0.00625 0.0111111 0.433898
0 0.430729 0.712963 0.00520833 0.0111111 0.439891
0 0.727083 0.244444 0.00729167 0.012963 0.446033
0 0.764323 0.595833 0.00677083 0.012037 0.464687
0 0.778385 0.247685 0.00572917 0.0101852 0.489185
0 0.435677 0.606019 0.00572917 0.012037 0.52259
0 0.457552 0.198148 0.00677083 0.00925926 0.528689
0 0.440365 0.50787 0.00572917 0.012037 0.563463
0 0.451823 0.299537 0.00677083 0.012037 0.595185
0 0.445833 0.4 0.00625 0.012963 0.60152
