0 0.629167 0.572222 0.00729167 0.0148148 0.26242
0 0.588021 0.646759 0.009375 0.0157407 0.265519
0 0.632812 0.335648 0.009375 0.0194444 0.266242
0 0.458333 0.314815 0.00729167 0.0148148 0.268185
0 0.517187 0.425 0.00833333 0.0166667 0.28226
0 0.682552 0.463889 0.00989583 0.0222222 0.287455
0 0.783333 0.362963 0.009375 0.0185185 0.290557
0 0.593229 0.733333 0.0104167 0.0166667 0.295972
0 0.51849 0.718982 0.00989583 0.0157407 0.298192
0 0.451823 0.817593 0.0130208 0.0148148 0.306389
0 0.686198 0.343519 0.0119792 0.0240741 0.306641
0 0.519792 0.525463 0.0104167 0.0194444 0.307612
0 0.733854 0.467593 0.00833333 0.0185185 0.307723
0 0.678125 0.578704 0.00833333 0.0166667 0.308592
0 0.63099 0.447222 0.00885417 0.0166667 0.31236
0 0.45651 0.722685 0.0140625 0.0194444 0.312634
0 0.674479 0.738426 0.00833333 0.0138889 0.316132
0 0.520312 0.821296 0.0114583 0.0185185 0.320292
0 0.582031 0.818519 0.0078125 0.0148148 0.328747
0 0.629167 0.897685 0.009375 0.0212963 0.344436
0 0.728125 0.593982 0.00833333 0.0157407 0.354569
0 0.671875 0.893981 0.00729167 0.0157407 0.363698
0 0.674479 0.813426 0.00729167 0.0138889 0.373681
0 0.717188 0.74537 0.009375 0.0148148 0.373982
0 0.71849 0.669907 0.00885417 0.0157407 0.374505
0 0.519271 0.92037 0.0125 0.0203704 0.381406
0 0.451042 0.911111 0.009375 0.0148148 0.38386
0 0.58099 0.906482 0.00885417 0.0203704 0.392782
0 0.783854 0.499074 0.0114583 0.0166667 0.396411
0 0.631771 0.80787 0.0114583 0.0212963 0.407958
0 0.716927 0.81713 0.00989583 0.0194444 0.409478
0 0.758854 0.895833 0.009375 0.0175926 0.420993
0 0.716667 0.888889 0.00833333 0.0166667 0.424729
0 0.761719 0.822685 0.00885417 0.0157407 0.427029
0 0.633594 0.665278 0.0151042 0.0231481 0.431204
0 0.673177 0.659259 0.0119792 0.0222222 0.458305
0 0.779948 0.610648 0.00885417 0.0157407 0.461353
0 0.765104 0.752315 0.0177083 0.025 0.467166
