0 0.654167 0.248611 0.00833333 0.0157407 0.302657
0 0.438021 0.624537 0.00729167 0.0101852 0.385342
0 0.376302 0.34213 0.0151042 0.0194444 0.413011
0 0.396875 0.408796 0.00729167 0.012037 0.480893
0 0.65 0.249074 0.00833333 0.0166667 0.533211
0 0.436979 0.546296 0.009375 0.012963 0.622159
0 0.582292 0.703704 0.00729167 0.0111111 0.622719
0 0.535937 0.703704 0.00729167 0.0111111 0.624311
0 0.377604 0.23287 0.00729167 0.0138889 0.634034
0 0.434115 0.458796 0.00572917 0.012037 0.647057
0 0.582292 0.625463 0.00729167 0.0101852 0.648637
0 0.340104 0.782407 0.00833333 0.0111111 0.651679
0 0.540625 0.363426 0.00833333 0.0175926 0.655855
0 0.389844 0.547685 0.0078125 0.012037 0.669642
0 0.534375 0.783333 0.00729167 0.0111111 0.670838
0 0.4875 0.625463 0.00833333 0.012037 0.6737
0 0.48724 0.783333 0.00677083 0.0111111 0.674962
0 0.321094 0.22963 0.0078125 0.0148148 0.681864
0 0.390104 0.630093 0.00833333 0.012037 0.682564
0 0.340365 0.62963 0.00885417 0.012963 0.687259
0 0.485677 0.543056 0.00885417 0.012037 0.691903
0 0.378646 0.451389 0.00729167 0.012037 0.694383
0 0.339844 0.551389 0.0078125 0.012037 0.697115
0 0.340885 0.70463 0.0078125 0.012963 0.699541
0 0.439323 0.704167 0.0078125 0.012037 0.699899
0 0.628385 0.704167 0.0078125 0.012037 0.702486
0 0.436719 0.784259 0.0078125 0.0111111 0.704368
0 0.589063 0.4625 0.00729167 0.012037 0.714595
0 0.581771 0.55 0.00729167 0.0111111 0.718249
0 0.535937 0.624074 0.00833333 0.0111111 0.720498
0 0.488021 0.705093 0.00729167 0.012037 0.7259
0 0.580469 0.784259 0.0078125 0.0111111 0.729595
0 0.431771 0.350926 0.0125 0.0185185 0.733901
0 0.390885 0.70463 0.0078125 0.012963 0.736311
0 0.628125 0.78287 0.00833333 0.012037 0.737369
0 0.388802 0.782407 0.0078125 0.012963 0.755024
0 0.484375 0.2375 0.009375 0.0194444 0.759306
0 0.430729 0.237963 0.00833333 0.0166667 0.760052
0 0.535677 0.547222 0.0109375 0.0148148 0.761193
0 0.629167 0.630093 0.00833333 0.012037 0.762578
0 0.486198 0.354167 0.00885417 0.0138889 0.768875
0 0.538802 0.462037 0.00885417 0.012963 0.771934
0 0.636719 0.47037 0.00677083 0.012963 0.782643
0 0.486979 0.462037 0.00833333 0.012963 0.787511
0 0.596875 0.243056 0.00833333 0.0175926 0.794441
0 0.628125 0.559259 0.009375 0.0166667 0.806633
0 0.316667 0.337037 0.0114583 0.0203704 0.815472
0 0.541927 0.242593 0.0078125 0.0166667 0.817673
0 0.648958 0.35787 0.009375 0.0194444 0.824602
0 0.328906 0.452778 0.0109375 0.0185185 0.828779
0 0.596615 0.355093 0.0119792 0.0231481 0.862491
