0 0.567448 0.553704 0.00677083 0.0111111 0.250779
0 0.559896 0.818056 0.00625 0.0101852 0.250831
0 0.476823 0.633333 0.00677083 0.012963 0.273192
0 0.465365 0.878704 0.00572917 0.0111111 0.292005
0 0.720833 0.50787 0.00625 0.012037 0.301263
0 0.615625 0.660185 0.00625 0.012963 0.31151
0 0.472135 0.713426 0.00677083 0.012037 0.342585
0 0.55651 0.900926 0.00677083 0.0111111 0.351279
0 0.748177 0.94537 0.0078125 0.012963 0.355811
0 0.628646 0.402778 0.00833333 0.012963 0.359677
0 0.519531 0.724537 0.00677083 0.012037 0.362907
0 0.510417 0.890741 0.00729167 0.0111111 0.363917
0 0.565885 0.73287 0.00677083 0.012037 0.370399
0 0.56849 0.651389 0.00677083 0.012037 0.378655
0 0.513021 0.806481 0.00625 0.0111111 0.383079
0 0.703906 0.849074 0.00572917 0.0111111 0.387255
0 0.603646 0.913889 0.00625 0.0111111 0.398233
0 0.651563 0.921296 0.00625 0.0111111 0.410668
0 0.715885 0.594907 0.00677083 0.012037 0.461181
0 0.572917 0.462037 0.00729167 0.012963 0.464132
0 0.522135 0.639352 0.00677083 0.012037 0.46743
0 0.515104 0.545833 0.00729167 0.012037 0.52359
0 0.752604 0.8625 0.00729167 0.012037 0.529485
0 0.707812 0.763889 0.00729167 0.0111111 0.530355
0 0.467969 0.794907 0.00677083 0.012037 0.573117
0 0.765104 0.606019 0.00729167 0.012037 0.586922
0 0.769792 0.518056 0.00729167 0.012037 0.590955
0 0.465365 0.534722 0.00677083 0.012037 0.610694
0 0.513802 0.439352 0.0078125 0.012037 0.612188
0 0.676302 0.412037 0.0078125 0.012963 0.627216
0 0.756771 0.773611 0.00833333 0.012037 0.645082
0 0.725781 0.422222 0.0078125 0.012963 0.659168
0 0.760677 0.689815 0.0078125 0.012963 0.668736
0 0.577604 0.373611 0.00833333 0.0138889 0.689522
0 0.519531 0.346296 0.00885417 0.012963 0.692292
0 0.773698 0.431944 0.00885417 0.0138889 0.704776
0 0.459375 0.431944 0.00833333 0.0138889 0.724025
0 0.464323 0.336574 0.0078125 0.0138889 0.73476
