0 0.55599 0.747685 0.00677083 0.0101852 0.498251
0 0.74375 0.891204 0.00729167 0.012037 0.523557
0 0.507292 0.758796 0.00833333 0.012037 0.537442
0 0.444792 0.364815 0.00833333 0.0148148 0.541828
0 0.507552 0.676389 0.00677083 0.012037 0.549212
0 0.65026 0.899537 0.0078125 0.012037 0.56597
0 0.457031 0.839352 0.0078125 0.012037 0.593661
0 0.455469 0.91713 0.0078125 0.012037 0.614861
0 0.55625 0.827778 0.009375 0.0111111 0.618577
0 0.507552 0.83287 0.00989583 0.0138889 0.625665
0 0.557031 0.67037 0.0078125 0.012963 0.644268
0 0.60599 0.663426 0.00885417 0.012037 0.648626
0 0.458333 0.686111 0.00729167 0.012963 0.649006
0 0.696875 0.896759 0.00729167 0.012037 0.65052
0 0.498958 0.361574 0.00729167 0.0138889 0.652902
0 0.552865 0.908333 0.00885417 0.012963 0.65759
0 0.457031 0.762037 0.00885417 0.012963 0.662089
0 0.709375 0.574537 0.00625 0.012037 0.665385
0 0.504948 0.911111 0.0078125 0.012963 0.667083
0 0.495833 0.472685 0.0145833 0.0212963 0.668243
0 0.605469 0.824537 0.00885417 0.012037 0.678052
0 0.498958 0.581019 0.00729167 0.0138889 0.678573
0 0.554167 0.583333 0.00729167 0.012963 0.679036
0 0.652865 0.819907 0.00885417 0.012037 0.680025
0 0.603125 0.905093 0.00833333 0.012037 0.686014
0 0.449219 0.586574 0.0109375 0.0194444 0.687074
0 0.699219 0.816204 0.0078125 0.012037 0.69066
0 0.720573 0.353241 0.0078125 0.0175926 0.697474
0 0.745313 0.8125 0.00833333 0.012037 0.700942
0 0.659375 0.576389 0.00729167 0.012037 0.71102
0 0.701563 0.662963 0.00833333 0.012963 0.719208
0 0.552344 0.477315 0.0119792 0.0175926 0.719995
0 0.664844 0.477315 0.0078125 0.0138889 0.729651
0 0.757812 0.577315 0.00729167 0.0138889 0.730876
0 0.555208 0.361574 0.00833333 0.0157407 0.731668
0 0.747135 0.7375 0.00885417 0.0138889 0.735174
0 0.608073 0.581019 0.0078125 0.0138889 0.751516
0 0.747917 0.668519 0.00833333 0.0148148 0.751617
0 0.772135 0.463889 0.00885417 0.0185185 0.754715
0 0.700521 0.737963 0.009375 0.012963 0.755174
0 0.771354 0.351852 0.00833333 0.0166667 0.760868
0 0.60625 0.746296 0.0114583 0.0148148 0.760876
0 0.653385 0.741667 0.00989583 0.012963 0.760949
0 0.608333 0.474537 0.009375 0.0138889 0.773822
0 0.654948 0.663889 0.00989583 0.0148148 0.77766
0 0.609375 0.358796 0.009375 0.0194444 0.779152
0 0.665625 0.356944 0.00833333 0.0175926 0.783068
0 0.440885 0.475926 0.0109375 0.0203704 0.808585
0 0.721094 0.461111 0.0119792 0.0222222 0.810447
