0 0.377893 0.216714 0.006046 0.013760
0 0.445121 0.222800 0.006611 0.012756
0 0.376544 0.670460 0.013651 0.016225
0 0.370380 0.885650 0.007177 0.011751
0 0.372152 0.777987 0.011871 0.014063
0 0.446585 0.895311 0.014320 0.021431
0 0.447499 0.786567 0.011373 0.019210
0 0.515927 0.879229 0.006713 0.018967
0 0.570838 0.872243 0.009162 0.026334
0 0.617576 0.865865 0.005479 0.014766
0 0.668076 0.861238 0.010790 0.019179
0 0.715434 0.870435 0.008991 0.015983
0 0.516955 0.781372 0.005429 0.011660
0 0.573098 0.770303 0.011373 0.019210
0 0.619899 0.777917 0.007228 0.014857
0 0.667359 0.780903 0.009026 0.018053
0 0.718544 0.787708 0.007794 0.013851
0 0.575411 0.682872 0.005943 0.007549
0 0.620714 0.692998 0.005995 0.010655
0 0.668379 0.701175 0.009574 0.016013
0 0.721578 0.709640 0.016067 0.021523
0 0.619258 0.604336 0.010808 0.020215
0 0.669203 0.615739 0.010723 0.015038
0 0.721948 0.634023 0.006062 0.014796
0 0.575405 0.612416 0.013137 0.020336
0 0.529280 0.687726 0.010705 0.014003
0 0.523576 0.591590 0.007776 0.012816
0 0.445032 0.670912 0.008410 0.015952
0 0.447557 0.570541 0.008991 0.015983
0 0.378410 0.557102 0.007810 0.014887
0 0.379343 0.447323 0.006028 0.012725
0 0.446845 0.454459 0.010808 0.020215
0 0.374878 0.328976 0.010824 0.021250
0 0.444916 0.341423 0.009025 0.018053
0 0.740408 0.273899 0.007861 0.017993
0 0.692922 0.272467 0.009676 0.022224
0 0.631741 0.253225 0.012537 0.019270
0 0.572169 0.242358 0.008410 0.015952
0 0.511089 0.234519 0.009592 0.017049
0 0.507657 0.354529 0.005412 0.010625
0 0.570707 0.366614 0.007211 0.013821
0 0.629843 0.386267 0.008478 0.020093
0 0.685465 0.389160 0.007827 0.015923
0 0.743779 0.423273 0.010157 0.016043
0 0.515952 0.488101 0.005463 0.013731
0 0.568681 0.507420 0.007760 0.011780
0 0.624252 0.513417 0.007245 0.015892
0 0.679319 0.532340 0.006028 0.012725
0 0.737598 0.550911 0.006645 0.014826
