0 0.729167 0.450926 0.00625 0.0111111 0.264227
0 0.751823 0.27037 0.00677083 0.0111111 0.310927
0 0.692187 0.819907 0.009375 0.0157407 0.359875
0 0.703125 0.273611 0.00729167 0.0101852 0.364977
0 0.763542 0.358333 0.00625 0.0111111 0.372009
0 0.66276 0.279167 0.0078125 0.012037 0.388143
0 0.628385 0.378241 0.00677083 0.0101852 0.401247
0 0.652083 0.549537 0.00729167 0.012037 0.450763
0 0.695052 0.545833 0.00677083 0.012037 0.482812
0 0.73776 0.539815 0.00572917 0.0111111 0.514443
0 0.464063 0.478241 0.009375 0.012037 0.539127
0 0.7625 0.720833 0.00833333 0.0138889 0.541002
0 0.776302 0.447222 0.0078125 0.012963 0.553135
0 0.451042 0.377778 0.009375 0.012963 0.565797
0 0.499479 0.78287 0.00729167 0.012037 0.567632
0 0.572656 0.769907 0.00885417 0.012037 0.5801
0 0.574479 0.363426 0.00833333 0.0157407 0.583317
0 0.786719 0.531944 0.00677083 0.012037 0.59006
0 0.774219 0.809722 0.0078125 0.0138889 0.603503
0 0.516927 0.36713 0.0078125 0.012037 0.604907
0 0.625 0.286574 0.00729167 0.0138889 0.606251
0 0.71901 0.725926 0.00885417 0.0148148 0.609953
0 0.584635 0.463889 0.0078125 0.012963 0.612529
0 0.528906 0.466204 0.0078125 0.012037 0.612666
0 0.752604 0.627778 0.00729167 0.012963 0.620382
0 0.598698 0.561574 0.0078125 0.012037 0.622503
0 0.441927 0.279167 0.0078125 0.0138889 0.632995
0 0.665104 0.643519 0.00729167 0.012963 0.63491
0 0.628385 0.753241 0.00885417 0.0138889 0.642965
0 0.615625 0.654167 0.009375 0.0138889 0.658862
0 0.797396 0.622685 0.009375 0.012037 0.659243
0 0.508854 0.263889 0.00729167 0.0111111 0.660487
0 0.486198 0.678704 0.00885417 0.012963 0.666255
0 0.708594 0.6375 0.00885417 0.0138889 0.668919
0 0.557552 0.667593 0.0109375 0.012963 0.677787
0 0.472656 0.581019 0.00885417 0.0138889 0.681343
0 0.543229 0.570833 0.00833333 0.0138889 0.695188
0 0.652604 0.841667 0.00833333 0.0148148 0.699455
0 0.821615 0.80787 0.00989583 0.0157407 0.704075
0 0.81276 0.718056 0.0109375 0.0157407 0.706541
0 0.732031 0.818981 0.00989583 0.0175926 0.708925
0 0.677604 0.731481 0.0114583 0.0185185 0.710869
0 0.572656 0.272685 0.0078125 0.0138889 0.716289
0 0.514323 0.881019 0.0119792 0.0175926 0.769676
0 0.586979 0.869444 0.0125 0.0166667 0.792859
