0 0.727344 0.909722 0.00572917 0.0101852 0.266732
0 0.664844 0.572685 0.00572917 0.0101852 0.277581
0 0.55651 0.387963 0.00677083 0.0111111 0.280748
0 0.56224 0.571296 0.00572917 0.0111111 0.295437
0 0.713281 0.568981 0.00572917 0.0101852 0.296408
0 0.723177 0.823611 0.00572917 0.0101852 0.309329
0 0.709375 0.479167 0.00520833 0.0101852 0.309399
0 0.679167 0.911574 0.00520833 0.0101852 0.3161
0 0.579427 0.831481 0.00572917 0.0111111 0.318702
0 0.583333 0.916204 0.00520833 0.0101852 0.320409
0 0.491927 0.921296 0.00572917 0.00925926 0.321469
0 0.559635 0.477778 0.00572917 0.0111111 0.351775
0 0.616146 0.573611 0.00625 0.012037 0.358838
0 0.48151 0.672685 0.00677083 0.0138889 0.364451
0 0.775521 0.908333 0.00625 0.0111111 0.37051
0 0.632292 0.916667 0.00625 0.0111111 0.382629
0 0.608333 0.401852 0.00729167 0.0111111 0.388668
0 0.576563 0.747685 0.00729167 0.012037 0.397204
0 0.761719 0.566204 0.00677083 0.0101852 0.415628
0 0.76901 0.735648 0.00677083 0.0101852 0.418482
0 0.484635 0.75463 0.0078125 0.012963 0.457038
0 0.530208 0.751389 0.00729167 0.012037 0.463338
0 0.757812 0.477778 0.00625 0.0111111 0.469939
0 0.773438 0.823611 0.00729167 0.012037 0.476881
0 0.657031 0.398148 0.00677083 0.0111111 0.49478
0 0.510677 0.575 0.00677083 0.0111111 0.497606
0 0.535937 0.919444 0.00625 0.0111111 0.50762
0 0.488021 0.837037 0.00625 0.0111111 0.508799
0 0.461198 0.578704 0.00677083 0.0111111 0.516619
0 0.765104 0.649537 0.00729167 0.012037 0.524778
0 0.716406 0.651389 0.0078125 0.012037 0.573553
0 0.498437 0.47037 0.00729167 0.0111111 0.576372
0 0.496094 0.377778 0.00677083 0.0111111 0.605912
0 0.442448 0.381481 0.00677083 0.0111111 0.619476
0 0.445833 0.476389 0.00729167 0.012037 0.631105
0 0.706771 0.394444 0.00729167 0.012963 0.632397
0 0.753646 0.391204 0.00833333 0.0138889 0.675718
