0 0.563542 0.913889 0.00625 0.012963 0.25578
0 0.660677 0.828704 0.00572917 0.0111111 0.259156
0 0.755729 0.912037 0.00625 0.0111111 0.269849
0 0.710677 0.741667 0.00572917 0.0111111 0.270107
0 0.714583 0.572685 0.00625 0.012037 0.279584
0 0.707292 0.912963 0.00625 0.0111111 0.281126
0 0.518229 0.830556 0.00625 0.0111111 0.286316
0 0.622917 0.403241 0.00729167 0.012037 0.292463
0 0.477344 0.664352 0.0078125 0.0138889 0.295921
0 0.758594 0.828241 0.00677083 0.012037 0.299229
0 0.766146 0.482407 0.00625 0.0111111 0.306575
0 0.709115 0.826389 0.00572917 0.012037 0.306785
0 0.764323 0.570833 0.00677083 0.012037 0.307491
0 0.76224 0.65463 0.00677083 0.012963 0.311196
0 0.713802 0.654167 0.00677083 0.012037 0.317215
0 0.514323 0.570833 0.00677083 0.012037 0.324083
0 0.670313 0.401389 0.00625 0.012037 0.3244
0 0.509896 0.464815 0.00625 0.0111111 0.326036
0 0.760156 0.740741 0.00677083 0.0111111 0.326059
0 0.472135 0.913426 0.00572917 0.012037 0.32653
0 0.473698 0.82963 0.00572917 0.0111111 0.341203
0 0.56849 0.743519 0.00677083 0.012963 0.342012
0 0.517708 0.913426 0.00625 0.012037 0.343364
0 0.522135 0.744444 0.00677083 0.012963 0.343514
0 0.51276 0.372222 0.00677083 0.012963 0.350852
0 0.720312 0.399074 0.00729167 0.012963 0.361151
0 0.475 0.748148 0.00729167 0.012963 0.364412
0 0.767969 0.396296 0.0078125 0.012963 0.366511
0 0.463542 0.571296 0.00729167 0.012963 0.369625
0 0.457812 0.373611 0.00729167 0.0138889 0.379162
0 0.455729 0.47037 0.00729167 0.012963 0.391573
