0 0.495573 0.719907 0.0046875 0.0101852 0.258909
0 0.616406 0.775926 0.00572917 0.0111111 0.293631
0 0.48776 0.198611 0.00572917 0.0101852 0.297056
0 0.713542 0.682407 0.00625 0.0111111 0.335445
0 0.653646 0.243056 0.00625 0.012037 0.337723
0 0.708073 0.415741 0.0078125 0.0111111 0.346446
0 0.658333 0.416667 0.0104167 0.0166667 0.347553
0 0.765625 0.681481 0.00625 0.0111111 0.354482
0 0.556771 0.606481 0.00625 0.0111111 0.358881
0 0.43099 0.408796 0.0046875 0.012037 0.362949
0 0.708594 0.504167 0.00572917 0.0101852 0.370679
0 0.558854 0.703241 0.00520833 0.0101852 0.375622
0 0.430208 0.306481 0.00520833 0.0111111 0.378038
0 0.441927 0.825 0.0078125 0.012963 0.388836
0 0.754167 0.240741 0.00625 0.0111111 0.391073
0 0.436719 0.721296 0.00572917 0.0111111 0.401827
0 0.705208 0.328241 0.00729167 0.0101852 0.419971
0 0.711719 0.590741 0.00677083 0.0111111 0.430608
0 0.663542 0.772685 0.00625 0.012037 0.434139
0 0.703125 0.240278 0.00729167 0.0138889 0.436486
0 0.767187 0.77037 0.00625 0.0111111 0.436822
0 0.759896 0.503704 0.00625 0.0111111 0.446842
0 0.763802 0.589352 0.00677083 0.012037 0.455571
0 0.433073 0.515278 0.00572917 0.012037 0.473252
0 0.758073 0.416667 0.00677083 0.0111111 0.474662
0 0.434896 0.615278 0.00625 0.0101852 0.484971
0 0.715625 0.770833 0.00625 0.012037 0.500667
0 0.75599 0.326852 0.0078125 0.0111111 0.511742
0 0.560417 0.796759 0.00625 0.012037 0.530823
