0 0.428906 0.259722 0.00677083 0.0101852 0.273514
0 0.486979 0.258796 0.00625 0.0101852 0.276639
0 0.536719 0.851389 0.00677083 0.0101852 0.279321
0 0.640885 0.826389 0.00677083 0.0101852 0.287749
0 0.766667 0.285648 0.00729167 0.0101852 0.29926
0 0.421354 0.461111 0.00625 0.0111111 0.309895
0 0.766406 0.37963 0.0078125 0.0111111 0.322131
0 0.416406 0.668519 0.00572917 0.0111111 0.323072
0 0.475521 0.774074 0.00729167 0.0111111 0.324179
0 0.42474 0.355556 0.00572917 0.0111111 0.345107
0 0.592188 0.828704 0.00625 0.0111111 0.354737
0 0.416146 0.771296 0.00625 0.0111111 0.368155
0 0.734635 0.828704 0.00885417 0.012963 0.449338
