0 0.677604 0.763889 0.00625 0.0111111 0.280154
0 0.621354 0.753704 0.00625 0.0111111 0.295464
0 0.691667 0.976389 0.00625 0.0101852 0.299407
0 0.633073 0.97037 0.00677083 0.00925926 0.306542
0 0.573177 0.961111 0.00572917 0.00925926 0.307738
0 0.510677 0.840278 0.00572917 0.0101852 0.461929
0 0.684115 0.867593 0.00677083 0.0111111 0.492301
0 0.56849 0.846759 0.0078125 0.012037 0.526393
0 0.514323 0.951852 0.00677083 0.0111111 0.526471
0 0.749219 0.985648 0.0078125 0.0138889 0.531567
0 0.626823 0.856481 0.00677083 0.012963 0.538842
0 0.667188 0.553241 0.00729167 0.012037 0.560105
0 0.671615 0.663889 0.00677083 0.012963 0.564313
0 0.508073 0.738889 0.00677083 0.0111111 0.579276
0 0.55 0.536574 0.00729167 0.012037 0.610189
0 0.807292 0.993519 0.009375 0.012963 0.610978
0 0.614844 0.650926 0.0078125 0.012963 0.61435
0 0.451823 0.834259 0.00677083 0.0111111 0.621735
0 0.609115 0.544444 0.00677083 0.012963 0.62508
0 0.559635 0.64537 0.00677083 0.012963 0.625549
0 0.539323 0.415741 0.0078125 0.0111111 0.627937
0 0.665365 0.433333 0.00677083 0.0111111 0.641697
0 0.455729 0.944444 0.00729167 0.0111111 0.642012
0 0.719792 0.337963 0.00833333 0.0111111 0.642459
0 0.725781 0.564352 0.0078125 0.0138889 0.654295
0 0.489583 0.524537 0.00729167 0.012037 0.657126
0 0.726823 0.673148 0.00677083 0.012963 0.666625
0 0.782552 0.679167 0.00677083 0.012037 0.667867
0 0.789583 0.778241 0.009375 0.0138889 0.668364
0 0.798698 0.881944 0.0078125 0.012037 0.66977
0 0.503385 0.638426 0.00677083 0.0138889 0.672001
0 0.449219 0.731019 0.00677083 0.012037 0.674195
0 0.658854 0.329167 0.00729167 0.0101852 0.67439
0 0.726042 0.439815 0.009375 0.012963 0.683446
0 0.535937 0.311574 0.00729167 0.0101852 0.694101
0 0.603125 0.426389 0.00729167 0.012037 0.69614
0 0.786458 0.572222 0.00833333 0.012963 0.697715
0 0.477865 0.406481 0.0078125 0.012963 0.701215
0 0.597656 0.321759 0.0078125 0.012037 0.70123
0 0.565104 0.746296 0.00729167 0.012963 0.70286
0 0.734375 0.771759 0.00729167 0.012037 0.704431
0 0.47474 0.303241 0.0078125 0.0101852 0.705179
0 0.779688 0.347685 0.00833333 0.012037 0.722355
0 0.43125 0.516667 0.00729167 0.012963 0.733599
0 0.446875 0.629167 0.00729167 0.0138889 0.741404
0 0.415365 0.299074 0.0078125 0.0111111 0.742424
0 0.418229 0.399074 0.00729167 0.012963 0.743138
0 0.741927 0.875463 0.00989583 0.0175926 0.773813
0 0.789062 0.453704 0.0135417 0.0203704 0.793858
