0 0.497917 0.681019 0.0104167 0.0157407 0.328971
0 0.53099 0.490278 0.0109375 0.0175926 0.406589
0 0.63776 0.655556 0.0078125 0.0111111 0.434771
0 0.728906 0.640741 0.0078125 0.0111111 0.505346
0 0.780469 0.893056 0.00677083 0.012037 0.506261
0 0.729167 0.729167 0.00729167 0.0101852 0.520153
0 0.680469 0.476852 0.00677083 0.0111111 0.532701
0 0.725521 0.466667 0.00729167 0.0111111 0.534217
0 0.586458 0.668056 0.00729167 0.012037 0.537122
0 0.728385 0.557407 0.0078125 0.0111111 0.550836
0 0.5375 0.672685 0.009375 0.0138889 0.560431
0 0.632812 0.484722 0.00625 0.012037 0.601186
0 0.493229 0.834259 0.00729167 0.012963 0.611804
0 0.682031 0.564352 0.0078125 0.012037 0.615516
0 0.494792 0.908333 0.00729167 0.012963 0.615585
0 0.540104 0.831019 0.00729167 0.012037 0.618036
0 0.540885 0.75 0.0078125 0.012963 0.619864
0 0.733073 0.815278 0.0078125 0.012037 0.61988
0 0.492448 0.759259 0.00885417 0.0148148 0.626546
0 0.633854 0.572685 0.00625 0.012037 0.626653
0 0.684896 0.733796 0.00833333 0.012037 0.632984
0 0.686198 0.81713 0.0078125 0.012037 0.635105
0 0.580729 0.477778 0.00833333 0.0148148 0.637721
0 0.72474 0.37963 0.00677083 0.012963 0.637863
0 0.6875 0.90463 0.00729167 0.012963 0.641017
0 0.579427 0.572222 0.00677083 0.012963 0.641886
0 0.777604 0.6375 0.00833333 0.012037 0.645597
0 0.77474 0.463426 0.00677083 0.012037 0.647928
0 0.735937 0.9 0.00729167 0.012963 0.648744
0 0.641667 0.906482 0.00729167 0.012963 0.650219
0 0.589063 0.749537 0.00833333 0.012037 0.660491
0 0.639844 0.823611 0.0078125 0.012037 0.674588
0 0.592448 0.912963 0.00677083 0.012963 0.682334
0 0.683594 0.648611 0.00885417 0.012037 0.688543
0 0.542188 0.910648 0.00729167 0.012037 0.695762
0 0.591146 0.83287 0.00729167 0.012037 0.702896
0 0.771615 0.37963 0.0078125 0.012963 0.704921
0 0.525521 0.374074 0.0104167 0.0203704 0.71713
0 0.776042 0.553241 0.009375 0.0138889 0.722981
0 0.780729 0.820833 0.00833333 0.0138889 0.727227
0 0.677865 0.381019 0.0078125 0.0138889 0.739111
0 0.636979 0.741204 0.009375 0.0138889 0.754473
0 0.634115 0.393519 0.0078125 0.0148148 0.774797
0 0.778646 0.727778 0.0104167 0.0148148 0.785685
