0 0.497135 0.720833 0.00572917 0.0101852 0.250359
0 0.430208 0.410185 0.00520833 0.0111111 0.259656
0 0.701302 0.242593 0.00677083 0.0111111 0.266323
0 0.428646 0.206944 0.00520833 0.0101852 0.272829
0 0.7125 0.592593 0.00625 0.0111111 0.276906
0 0.757292 0.418056 0.00729167 0.012037 0.283467
0 0.768229 0.772685 0.00625 0.0101852 0.284899
0 0.558073 0.606944 0.00572917 0.0101852 0.290376
0 0.560417 0.705093 0.00520833 0.0101852 0.292681
0 0.760156 0.505093 0.00572917 0.0101852 0.295439
0 0.5625 0.798148 0.00625 0.0111111 0.301991
0 0.752083 0.243056 0.00625 0.012037 0.303516
0 0.429427 0.308333 0.00572917 0.0111111 0.321829
0 0.764323 0.590741 0.00677083 0.0111111 0.33718
0 0.754948 0.329167 0.0078125 0.012037 0.339436
0 0.717188 0.773148 0.00520833 0.0111111 0.352223
0 0.438542 0.722222 0.00520833 0.0111111 0.35885
0 0.444271 0.825926 0.00729167 0.012963 0.381217
0 0.433073 0.51713 0.00572917 0.012037 0.382579
0 0.435677 0.616667 0.00572917 0.0111111 0.409571
