0 0.551042 0.816204 0.009375 0.0138889 0.640677
0 0.553125 0.735185 0.00729167 0.0111111 0.644493
0 0.449219 0.884722 0.0078125 0.0138889 0.656346
0 0.504948 0.737037 0.0078125 0.0111111 0.661014
0 0.545573 0.896759 0.0078125 0.0138889 0.674248
0 0.7 0.678704 0.00833333 0.012963 0.676743
0 0.604688 0.661111 0.00833333 0.012963 0.683973
0 0.555729 0.569907 0.00729167 0.012037 0.702992
0 0.6 0.822222 0.009375 0.012963 0.704885
0 0.667708 0.482407 0.00833333 0.0148148 0.707233
0 0.496615 0.889815 0.0078125 0.012963 0.714529
0 0.641927 0.906482 0.0078125 0.012963 0.714919
0 0.697135 0.754167 0.0078125 0.012037 0.718407
0 0.454427 0.731481 0.00885417 0.012963 0.725586
0 0.616667 0.355556 0.009375 0.0203704 0.725935
0 0.595833 0.901389 0.00833333 0.0138889 0.729366
0 0.452344 0.806944 0.00885417 0.0138889 0.729521
0 0.647656 0.825463 0.00885417 0.012037 0.732559
0 0.507552 0.654167 0.0078125 0.012037 0.73303
0 0.55625 0.658333 0.009375 0.012963 0.733346
0 0.69401 0.831481 0.00885417 0.012963 0.735434
0 0.503125 0.811574 0.0104167 0.0157407 0.736631
0 0.688281 0.910648 0.0078125 0.012037 0.737204
0 0.779167 0.381944 0.00833333 0.0157407 0.738492
0 0.501042 0.55787 0.00729167 0.0138889 0.745152
0 0.602344 0.743981 0.0109375 0.0138889 0.751675
0 0.457292 0.652778 0.00833333 0.012963 0.752574
0 0.740104 0.838426 0.00833333 0.012037 0.754653
0 0.710417 0.591204 0.00729167 0.012037 0.761431
0 0.736979 0.913889 0.00833333 0.012963 0.763822
0 0.507552 0.336574 0.0078125 0.0138889 0.764296
0 0.450781 0.32963 0.00885417 0.0166667 0.765479
0 0.65026 0.748148 0.0109375 0.012963 0.769047
0 0.74375 0.763426 0.00833333 0.0138889 0.769135
0 0.502604 0.449537 0.0177083 0.025 0.775709
0 0.652604 0.669907 0.0104167 0.0138889 0.777039
0 0.727865 0.374537 0.00885417 0.0194444 0.777529
0 0.61224 0.47037 0.00989583 0.0166667 0.77841
0 0.56224 0.349074 0.0078125 0.0148148 0.780155
0 0.608333 0.578241 0.00729167 0.0157407 0.781182
0 0.660417 0.583796 0.00833333 0.0138889 0.782835
0 0.557292 0.462963 0.0135417 0.0203704 0.787174
0 0.451042 0.553704 0.0114583 0.0203704 0.788774
0 0.757812 0.60463 0.00729167 0.0148148 0.792094
0 0.746094 0.692593 0.00885417 0.0166667 0.810975
0 0.672917 0.366667 0.00729167 0.0185185 0.822684
0 0.444792 0.441667 0.0135417 0.0240741 0.829294
0 0.77474 0.488889 0.00885417 0.0203704 0.849602
0 0.721615 0.483796 0.0130208 0.025 0.865993
