0 0.491667 0.534722 0.00625 0.012037 0.25061
0 0.503906 0.647222 0.00572917 0.012963 0.252992
0 0.451823 0.960185 0.00677083 0.012963 0.253324
0 0.727865 0.432407 0.0078125 0.012963 0.25961
0 0.786979 0.559722 0.00729167 0.012037 0.259894
0 0.788542 0.768519 0.00833333 0.012963 0.2658
0 0.795833 0.872685 0.00729167 0.012037 0.26593
0 0.726562 0.556481 0.00729167 0.0148148 0.266095
0 0.802344 0.983333 0.00885417 0.0148148 0.267599
0 0.739062 0.868056 0.0104167 0.0175926 0.270271
0 0.542188 0.421759 0.00729167 0.012037 0.272565
0 0.48125 0.415278 0.00729167 0.012037 0.272938
0 0.478906 0.313426 0.00677083 0.012037 0.273916
0 0.446875 0.642593 0.00729167 0.012963 0.286676
0 0.539844 0.317593 0.0078125 0.012963 0.291783
0 0.601042 0.323611 0.00729167 0.012037 0.291984
0 0.723437 0.330556 0.00729167 0.012963 0.294067
0 0.791667 0.439815 0.0114583 0.0166667 0.302849
0 0.448958 0.747222 0.00625 0.012963 0.312558
0 0.783333 0.336574 0.00833333 0.012037 0.312568
0 0.421094 0.413426 0.0078125 0.0157407 0.328514
0 0.433333 0.52963 0.00625 0.012963 0.349202
0 0.419792 0.312963 0.00833333 0.012963 0.393382
