0 0.505469 0.772685 0.00677083 0.012037 0.256611
0 0.610156 0.546296 0.00677083 0.0111111 0.257428
0 0.551042 0.556481 0.00729167 0.0111111 0.258095
0 0.622396 0.855556 0.00833333 0.012963 0.264786
0 0.558594 0.661574 0.00677083 0.012037 0.268276
0 0.564062 0.864352 0.00833333 0.0138889 0.318934
0 0.542188 0.437963 0.00729167 0.0111111 0.324787
0 0.44974 0.993519 0.00677083 0.012963 0.331156
0 0.503125 0.672222 0.00729167 0.012963 0.332497
0 0.66849 0.418981 0.0078125 0.012037 0.332883
0 0.74375 0.951852 0.00729167 0.012963 0.339342
0 0.479948 0.341667 0.00677083 0.0111111 0.34248
0 0.561458 0.762963 0.00729167 0.012963 0.354127
0 0.491927 0.561574 0.00677083 0.012037 0.358436
0 0.540365 0.33287 0.00677083 0.0101852 0.366369
0 0.447917 0.884722 0.00729167 0.0138889 0.372181
0 0.796094 0.833333 0.0078125 0.012963 0.374238
0 0.663021 0.315741 0.00729167 0.0111111 0.375763
0 0.605729 0.42963 0.00729167 0.0111111 0.385265
0 0.446094 0.679167 0.0078125 0.0138889 0.391356
0 0.48125 0.444444 0.00729167 0.0111111 0.391701
0 0.726302 0.639815 0.00677083 0.012963 0.403409
0 0.781771 0.63287 0.00625 0.012037 0.407354
0 0.727083 0.533796 0.00729167 0.0138889 0.409647
0 0.447656 0.78287 0.00677083 0.012037 0.409994
0 0.729427 0.406944 0.00885417 0.0138889 0.414611
0 0.732292 0.739815 0.00729167 0.012963 0.434332
0 0.786979 0.523611 0.00729167 0.012037 0.435987
0 0.802604 0.943519 0.00729167 0.012963 0.444354
0 0.602083 0.325463 0.00729167 0.012037 0.447095
0 0.724219 0.306019 0.0078125 0.012037 0.46239
0 0.421354 0.45463 0.00729167 0.0148148 0.462962
0 0.432552 0.569907 0.00677083 0.012037 0.466372
0 0.7875 0.731019 0.00833333 0.0138889 0.471199
0 0.73776 0.84213 0.0109375 0.0175926 0.47948
0 0.784115 0.299074 0.00885417 0.012963 0.502274
0 0.420312 0.355093 0.00729167 0.012037 0.524613
0 0.792448 0.403704 0.0161458 0.0222222 0.559017
