0 0.59974 0.65787 0.00677083 0.012037 0.275219
0 0.428125 0.924074 0.00729167 0.0111111 0.306435
0 0.536458 0.489815 0.00625 0.0111111 0.307773
0 0.477865 0.603241 0.00572917 0.0101852 0.313074
0 0.544271 0.67963 0.00625 0.0111111 0.318273
0 0.466667 0.29537 0.00625 0.0111111 0.323602
0 0.480469 0.702315 0.00677083 0.0101852 0.348416
0 0.698177 0.804167 0.0078125 0.012037 0.386194
0 0.539323 0.584722 0.00677083 0.012037 0.401616
0 0.692448 0.637037 0.00677083 0.0111111 0.404734
0 0.46901 0.39537 0.00677083 0.0111111 0.431933
0 0.473698 0.497222 0.00677083 0.0111111 0.442719
0 0.64349 0.562037 0.00677083 0.0111111 0.447353
0 0.601562 0.743056 0.00729167 0.012037 0.448004
0 0.407552 0.311111 0.00677083 0.0111111 0.462204
0 0.648438 0.73287 0.00729167 0.012037 0.491459
0 0.651563 0.81713 0.00729167 0.012037 0.498188
0 0.691667 0.552778 0.00625 0.0111111 0.49912
0 0.741667 0.708333 0.00833333 0.012963 0.519745
0 0.639583 0.266204 0.00729167 0.0101852 0.523542
0 0.642969 0.469444 0.00677083 0.0111111 0.530691
0 0.417188 0.614815 0.00625 0.0111111 0.541657
0 0.545833 0.771759 0.00729167 0.012037 0.546051
0 0.594271 0.572685 0.00729167 0.012037 0.558557
0 0.527344 0.383796 0.00677083 0.012037 0.566412
0 0.695052 0.257407 0.00677083 0.0111111 0.569055
0 0.64375 0.3625 0.00729167 0.012037 0.578996
0 0.425 0.818519 0.00729167 0.012963 0.58313
0 0.55 0.869907 0.00729167 0.012037 0.588433
0 0.52474 0.28287 0.0078125 0.0101852 0.590725
0 0.413802 0.511574 0.00677083 0.012037 0.592243
0 0.738021 0.626852 0.00729167 0.012963 0.592769
0 0.410156 0.40787 0.00677083 0.012037 0.596486
0 0.590104 0.478241 0.00729167 0.012037 0.606393
0 0.695052 0.459259 0.00677083 0.0111111 0.606678
0 0.696615 0.72037 0.0078125 0.012963 0.613514
0 0.603125 0.831944 0.00729167 0.012037 0.637921
0 0.698177 0.353704 0.0078125 0.0111111 0.645029
0 0.747396 0.250463 0.00729167 0.0101852 0.654698
0 0.420052 0.718982 0.00677083 0.012037 0.659419
0 0.736979 0.541204 0.00729167 0.012037 0.671303
0 0.745573 0.450463 0.0078125 0.012037 0.695756
0 0.482812 0.807407 0.00833333 0.012963 0.705539
0 0.744792 0.79537 0.009375 0.012963 0.707055
0 0.751562 0.34537 0.00833333 0.012963 0.707729
0 0.583854 0.274074 0.00833333 0.012963 0.714874
0 0.586979 0.371759 0.00833333 0.012037 0.723755
