0 0.481771 0.678704 0.00833333 0.0166667 0.257383
0 0.592188 0.377778 0.00729167 0.0148148 0.375624
0 0.471094 0.374537 0.00885417 0.0157407 0.379867
0 0.584896 0.668056 0.00729167 0.012037 0.398471
0 0.729688 0.46713 0.00625 0.0101852 0.451224
0 0.684375 0.476852 0.00625 0.00925926 0.489818
0 0.727083 0.726852 0.00729167 0.0111111 0.491117
0 0.63776 0.65463 0.00885417 0.0111111 0.501461
0 0.728125 0.638889 0.00729167 0.0111111 0.503249
0 0.584635 0.47963 0.0078125 0.0148148 0.51393
0 0.523958 0.481481 0.009375 0.0166667 0.532295
0 0.729688 0.555556 0.00729167 0.0111111 0.537313
0 0.683333 0.563889 0.00729167 0.0111111 0.553941
0 0.536198 0.830556 0.00677083 0.0111111 0.560317
0 0.727344 0.812963 0.0078125 0.0111111 0.562773
0 0.535677 0.673148 0.00885417 0.0148148 0.563155
0 0.572396 0.412037 0.0104167 0.0185185 0.576095
0 0.586458 0.831944 0.00729167 0.012037 0.585237
0 0.585417 0.749074 0.00729167 0.0111111 0.586054
0 0.580729 0.574537 0.00625 0.0138889 0.587603
0 0.73099 0.379167 0.00677083 0.012037 0.593411
0 0.727344 0.896759 0.00677083 0.012037 0.593668
0 0.635677 0.572685 0.00677083 0.012037 0.598563
0 0.536719 0.751389 0.00677083 0.012037 0.606002
0 0.488542 0.836574 0.00729167 0.012037 0.607941
0 0.68151 0.73287 0.00885417 0.012037 0.611219
0 0.634115 0.822222 0.00677083 0.0111111 0.611957
0 0.778646 0.462037 0.00729167 0.0111111 0.617005
0 0.634115 0.905093 0.00677083 0.012037 0.625116
0 0.489062 0.762037 0.009375 0.0166667 0.631747
0 0.776302 0.635648 0.0078125 0.012037 0.633039
0 0.4875 0.908796 0.00729167 0.012037 0.649184
0 0.473958 0.490741 0.0114583 0.0203704 0.650652
0 0.683333 0.647685 0.009375 0.012037 0.666019
0 0.68125 0.815278 0.00833333 0.012037 0.677013
0 0.636979 0.485648 0.00729167 0.0138889 0.680374
0 0.778125 0.378704 0.00833333 0.0148148 0.689871
0 0.776563 0.551389 0.009375 0.0138889 0.695394
0 0.773177 0.890278 0.00885417 0.012037 0.712678
0 0.680729 0.901389 0.00729167 0.0138889 0.724356
0 0.77526 0.818056 0.00989583 0.0138889 0.725752
0 0.531771 0.375926 0.0104167 0.0185185 0.731811
0 0.633594 0.741667 0.00885417 0.012963 0.739588
0 0.535677 0.911111 0.0078125 0.012963 0.739839
0 0.684375 0.381944 0.00729167 0.0138889 0.7399
0 0.584896 0.912037 0.00729167 0.012963 0.747725
0 0.640365 0.394444 0.00885417 0.0166667 0.756142
0 0.776563 0.725463 0.0114583 0.0157407 0.766669
