0 0.551302 0.636111 0.00572917 0.0111111 0.254307
0 0.495052 0.634259 0.00677083 0.0111111 0.339474
0 0.379167 0.739352 0.00729167 0.0101852 0.506801
0 0.553385 0.849537 0.00572917 0.0101852 0.528864
0 0.495833 0.850926 0.00625 0.0111111 0.5455
0 0.553385 0.739815 0.00677083 0.0111111 0.562743
0 0.495573 0.738889 0.0078125 0.0111111 0.563667
0 0.382031 0.6375 0.00677083 0.012037 0.579857
0 0.54974 0.535648 0.00677083 0.012037 0.582
0 0.433594 0.426389 0.00677083 0.012037 0.582581
0 0.552604 0.203241 0.00729167 0.0101852 0.601373
0 0.43776 0.534722 0.00677083 0.012037 0.607014
0 0.491406 0.203241 0.0078125 0.0101852 0.608301
0 0.429688 0.203241 0.00729167 0.0101852 0.611813
0 0.369531 0.203241 0.00677083 0.0101852 0.620531
0 0.492969 0.426389 0.00677083 0.012037 0.622116
0 0.43776 0.634722 0.00677083 0.012037 0.622759
0 0.373177 0.423148 0.00677083 0.0111111 0.628088
0 0.551042 0.426852 0.00729167 0.012963 0.630001
0 0.377604 0.848611 0.00729167 0.012037 0.634318
0 0.49349 0.531482 0.0078125 0.012963 0.639635
0 0.613542 0.203241 0.00729167 0.0101852 0.64474
0 0.436198 0.737037 0.0078125 0.0111111 0.656766
0 0.367708 0.305556 0.00729167 0.0111111 0.669807
0 0.554167 0.306481 0.00729167 0.012963 0.682787
0 0.669792 0.426852 0.00729167 0.0111111 0.684021
0 0.492708 0.306944 0.00729167 0.012037 0.686853
0 0.322917 0.636574 0.00625 0.012037 0.691566
0 0.382292 0.535648 0.00729167 0.012037 0.692413
0 0.609375 0.635648 0.00729167 0.0138889 0.705746
0 0.428385 0.306944 0.0078125 0.012037 0.707172
0 0.609896 0.427778 0.00729167 0.012963 0.711624
0 0.66901 0.737963 0.0078125 0.012963 0.716688
0 0.616146 0.304167 0.009375 0.012037 0.717579
0 0.605469 0.536111 0.00677083 0.012963 0.719987
0 0.315365 0.423611 0.0078125 0.012037 0.72186
0 0.661198 0.535648 0.00677083 0.012037 0.725624
0 0.436198 0.850463 0.0078125 0.012037 0.730629
0 0.664323 0.633796 0.00885417 0.0138889 0.733271
0 0.32526 0.536574 0.0078125 0.0138889 0.756592
0 0.672917 0.203241 0.00833333 0.012037 0.757512
0 0.613021 0.849537 0.00833333 0.0138889 0.759544
0 0.308594 0.208796 0.0078125 0.012037 0.766366
0 0.320312 0.85 0.00833333 0.012963 0.775235
0 0.321615 0.739815 0.00885417 0.012963 0.77632
0 0.671094 0.849074 0.0078125 0.012963 0.777214
0 0.307292 0.306944 0.00729167 0.0138889 0.783057
0 0.611979 0.737963 0.0114583 0.0185185 0.835481
0 0.677865 0.308333 0.0130208 0.0185185 0.856395
