0 0.616784 0.170841 0.007700 0.013680
0 0.539803 0.157249 0.005946 0.011534
0 0.469961 0.168485 0.005946 0.011534
0 0.415097 0.185855 0.006515 0.011575
0 0.370177 0.179614 0.007700 0.013680
0 0.326396 0.173455 0.004146 0.007365
0 0.272546 0.171137 0.005923 0.010523
0 0.612927 0.278486 0.010570 0.014894
0 0.541242 0.270338 0.008247 0.012708
0 0.478292 0.266866 0.008861 0.014773
0 0.419703 0.284983 0.006492 0.010563
0 0.372266 0.276536 0.004785 0.010441
0 0.322745 0.271993 0.004739 0.008418
0 0.268964 0.266642 0.005330 0.009470
0 0.611053 0.386780 0.007062 0.010604
0 0.537978 0.377012 0.007655 0.011656
0 0.475518 0.377121 0.007062 0.010604
0 0.417659 0.375530 0.006424 0.007528
0 0.367864 0.370462 0.008110 0.006639
0 0.318046 0.366405 0.006470 0.009551
0 0.262192 0.364452 0.008839 0.013761
0 0.612470 0.500880 0.008270 0.013720
0 0.533118 0.491171 0.010024 0.015866
0 0.471377 0.484746 0.010593 0.015906
0 0.412288 0.474454 0.005946 0.011534
0 0.363609 0.470479 0.005353 0.010482
0 0.315238 0.465512 0.005330 0.009470
0 0.260387 0.457044 0.005923 0.010523
0 0.606688 0.605348 0.008293 0.014732
0 0.526131 0.598594 0.012187 0.010969
0 0.459673 0.586258 0.008839 0.013761
0 0.406314 0.574856 0.005399 0.012506
0 0.357977 0.568371 0.006538 0.012587
0 0.308285 0.558749 0.005923 0.010523
0 0.257249 0.558152 0.007632 0.010644
0 0.601236 0.720479 0.005923 0.010522
0 0.520748 0.710689 0.005353 0.010482
0 0.457263 0.692992 0.010001 0.014854
0 0.401866 0.670805 0.011231 0.018982
0 0.354019 0.667902 0.008884 0.015784
0 0.307094 0.662025 0.008201 0.010685
0 0.250681 0.659525 0.010547 0.013883
0 0.595956 0.828022 0.011778 0.018011
0 0.514032 0.818637 0.012894 0.017080
0 0.439967 0.789546 0.008270 0.013720
0 0.395390 0.768130 0.009408 0.013801
0 0.349719 0.769942 0.009454 0.015825
0 0.302896 0.759512 0.005376 0.011494
0 0.250140 0.759298 0.008293 0.014732
