0 0.766667 0.353241 0.00625 0.0101852 0.264567
0 0.752083 0.623611 0.00625 0.012037 0.265951
0 0.739062 0.537963 0.00625 0.0111111 0.28588
0 0.663802 0.641204 0.0078125 0.012037 0.293565
0 0.652344 0.549537 0.00677083 0.012037 0.298887
0 0.668229 0.277778 0.00729167 0.012963 0.307395
0 0.632031 0.378704 0.00677083 0.0111111 0.344407
0 0.696094 0.544907 0.00677083 0.012037 0.346654
0 0.778646 0.441667 0.00833333 0.012963 0.354533
0 0.68776 0.818981 0.00885417 0.0138889 0.364324
0 0.707812 0.633796 0.00729167 0.012037 0.368823
0 0.514323 0.267593 0.00677083 0.0111111 0.372922
0 0.629687 0.286111 0.00625 0.0111111 0.385911
0 0.717188 0.723611 0.00833333 0.0138889 0.386743
0 0.760938 0.71713 0.00729167 0.012037 0.399382
0 0.78776 0.526852 0.00677083 0.0111111 0.39982
0 0.614583 0.655556 0.009375 0.012963 0.403582
0 0.457031 0.381944 0.00989583 0.0138889 0.41035
0 0.586979 0.464352 0.00729167 0.012037 0.417102
0 0.577083 0.274074 0.00729167 0.012963 0.420176
0 0.53099 0.468981 0.00677083 0.012037 0.420805
0 0.520052 0.369444 0.0078125 0.012963 0.422939
0 0.577865 0.365741 0.0078125 0.012963 0.430436
0 0.599479 0.562037 0.00833333 0.012963 0.433015
0 0.797656 0.617593 0.0078125 0.0111111 0.435716
0 0.625781 0.752778 0.00885417 0.0148148 0.439975
0 0.44401 0.282407 0.0078125 0.012963 0.440046
0 0.729167 0.81713 0.00833333 0.0157407 0.451701
0 0.465104 0.478704 0.00833333 0.012963 0.463304
0 0.810677 0.713889 0.00885417 0.012963 0.466285
0 0.543229 0.572685 0.00729167 0.0138889 0.469255
0 0.485156 0.681944 0.0078125 0.0138889 0.47956
0 0.497135 0.786111 0.00677083 0.012963 0.481888
0 0.771615 0.806481 0.0078125 0.012963 0.483618
0 0.570833 0.770833 0.00729167 0.012037 0.48579
0 0.81901 0.802315 0.0078125 0.0138889 0.489459
0 0.472396 0.586111 0.00729167 0.012963 0.509934
0 0.557031 0.669444 0.0109375 0.0148148 0.519265
0 0.675 0.72963 0.009375 0.0166667 0.528112
0 0.649479 0.840278 0.00833333 0.0138889 0.541898
0 0.583594 0.87037 0.0130208 0.0166667 0.593807
0 0.510156 0.884259 0.0119792 0.0166667 0.623577
