0 0.792448 0.843982 0.0078125 0.0138889 0.252253
0 0.444792 0.872685 0.00729167 0.0138889 0.261589
0 0.502865 0.663426 0.00677083 0.0138889 0.262505
0 0.739062 0.959722 0.00729167 0.0138889 0.275707
0 0.492188 0.552315 0.00625 0.012037 0.287345
0 0.445312 0.770833 0.00625 0.012037 0.29835
0 0.78151 0.64213 0.00677083 0.012037 0.301586
0 0.728385 0.539352 0.0078125 0.0138889 0.305997
0 0.545052 0.431944 0.00677083 0.012037 0.306281
0 0.54375 0.326389 0.00833333 0.012037 0.31067
0 0.445052 0.668519 0.00677083 0.0148148 0.314016
0 0.725781 0.646759 0.00677083 0.012037 0.320105
0 0.484115 0.434722 0.00677083 0.012037 0.327298
0 0.797917 0.956944 0.00833333 0.0138889 0.328087
0 0.666927 0.31713 0.0078125 0.012037 0.330214
0 0.730208 0.747222 0.00729167 0.012963 0.331237
0 0.483073 0.332407 0.00677083 0.0111111 0.335075
0 0.788281 0.53287 0.00677083 0.012037 0.340395
0 0.671094 0.422685 0.0078125 0.012037 0.343231
0 0.732031 0.413426 0.00885417 0.0138889 0.344297
0 0.608333 0.427778 0.00729167 0.0111111 0.358838
0 0.727865 0.3125 0.00677083 0.012037 0.360731
0 0.605729 0.324074 0.00729167 0.0111111 0.368237
0 0.422917 0.441667 0.00625 0.012963 0.373436
0 0.433073 0.557407 0.00677083 0.012963 0.375287
0 0.785937 0.740278 0.00833333 0.0138889 0.392679
0 0.735417 0.848611 0.0114583 0.0194444 0.419162
0 0.788281 0.309259 0.00885417 0.012963 0.42616
0 0.423438 0.341667 0.00729167 0.012963 0.437585
0 0.795052 0.413889 0.0140625 0.0203704 0.452353
