0 0.789062 0.753704 0.00833333 0.012963 0.253638
0 0.664583 0.426852 0.00625 0.0111111 0.253673
0 0.503906 0.65463 0.00677083 0.012963 0.258369
0 0.72526 0.548611 0.0078125 0.0138889 0.280825
0 0.602083 0.427315 0.00729167 0.012037 0.284539
0 0.538542 0.426389 0.00729167 0.012037 0.285683
0 0.785677 0.545833 0.0078125 0.012037 0.289334
0 0.45026 0.756944 0.00677083 0.0138889 0.311757
0 0.478125 0.424537 0.00729167 0.012037 0.314175
0 0.446875 0.655093 0.00625 0.0138889 0.319035
0 0.452865 0.859722 0.00572917 0.012037 0.322058
0 0.43099 0.54213 0.00572917 0.012037 0.322634
0 0.72474 0.423611 0.00885417 0.0138889 0.332454
0 0.417969 0.426389 0.00677083 0.012037 0.34359
0 0.473437 0.321296 0.00625 0.0111111 0.343665
0 0.657552 0.322222 0.0078125 0.0111111 0.351668
0 0.534635 0.320833 0.0078125 0.012037 0.351738
0 0.788021 0.426389 0.0125 0.0175926 0.353563
0 0.717969 0.321759 0.0078125 0.012037 0.382801
0 0.596354 0.322222 0.00729167 0.0111111 0.393847
0 0.778125 0.322685 0.00833333 0.012037 0.398863
0 0.414844 0.325926 0.0078125 0.012963 0.450171
