0 0.529167 0.559259 0.009375 0.0148148 0.281467
0 0.469531 0.446296 0.0119792 0.0203704 0.330679
0 0.58724 0.659259 0.00677083 0.0111111 0.428243
0 0.729427 0.756019 0.00677083 0.0101852 0.504451
0 0.72526 0.497685 0.0078125 0.012037 0.53409
0 0.727604 0.586574 0.00729167 0.012037 0.549367
0 0.728646 0.669907 0.00729167 0.012037 0.551493
0 0.465885 0.337037 0.00885417 0.0166667 0.576128
0 0.686458 0.832407 0.00729167 0.0111111 0.587831
0 0.492708 0.723148 0.00833333 0.0148148 0.588055
0 0.732292 0.843056 0.00729167 0.012037 0.592726
0 0.638281 0.659722 0.00885417 0.012037 0.595901
0 0.735156 0.927778 0.00677083 0.0111111 0.600572
0 0.579167 0.562037 0.00625 0.0111111 0.600835
0 0.49401 0.798611 0.0078125 0.0138889 0.601244
0 0.580729 0.469444 0.009375 0.0148148 0.602237
0 0.684635 0.750463 0.00885417 0.012037 0.60636
0 0.679688 0.494907 0.00729167 0.012037 0.608122
0 0.495052 0.870833 0.0078125 0.012037 0.610252
0 0.641146 0.90787 0.00729167 0.012037 0.627461
0 0.780469 0.93287 0.0078125 0.012037 0.627629
0 0.640104 0.826389 0.00833333 0.012037 0.633161
0 0.682031 0.581019 0.0078125 0.012037 0.639407
0 0.540885 0.806481 0.0078125 0.012963 0.643102
0 0.542448 0.887037 0.0078125 0.012963 0.656142
0 0.688021 0.918519 0.00729167 0.012963 0.656361
0 0.591927 0.821296 0.0078125 0.012963 0.660567
0 0.636719 0.744907 0.00989583 0.0138889 0.663876
0 0.541667 0.727778 0.00833333 0.012963 0.664901
0 0.723698 0.410185 0.0078125 0.0148148 0.665002
0 0.780208 0.862037 0.00833333 0.012963 0.665607
0 0.77474 0.507407 0.0078125 0.012963 0.667244
0 0.634375 0.575926 0.00729167 0.012963 0.668091
0 0.589583 0.739352 0.00833333 0.012037 0.669727
0 0.525781 0.351389 0.00885417 0.0175926 0.670801
0 0.592708 0.901852 0.00729167 0.012963 0.67304
0 0.53776 0.65 0.00885417 0.0148148 0.684065
0 0.77526 0.59537 0.00885417 0.012963 0.684746
0 0.776823 0.679167 0.00885417 0.0138889 0.696158
0 0.683854 0.664815 0.0104167 0.012963 0.703345
0 0.633333 0.488889 0.00729167 0.012963 0.706343
0 0.771354 0.422685 0.00833333 0.0138889 0.727483
0 0.778125 0.768981 0.0104167 0.0157407 0.747328
0 0.584896 0.373148 0.009375 0.0166667 0.756991
0 0.678385 0.399537 0.0078125 0.0175926 0.791466
0 0.634375 0.4 0.00833333 0.0185185 0.813813
