0 0.473958 0.614352 0.0114583 0.0175926 0.2573
0 0.507552 0.326852 0.0078125 0.0148148 0.257888
0 0.340104 0.609722 0.0125 0.0157407 0.264168
0 0.400781 0.705556 0.0109375 0.0185185 0.26455
0 0.451823 0.211111 0.00885417 0.0166667 0.265297
0 0.646354 0.625463 0.0135417 0.0212963 0.265401
0 0.465625 0.699074 0.00833333 0.0166667 0.26696
0 0.39349 0.20463 0.0078125 0.012963 0.271755
0 0.609635 0.340741 0.00885417 0.0166667 0.273733
0 0.553385 0.536574 0.0109375 0.0175926 0.283232
0 0.50651 0.218519 0.00885417 0.0166667 0.286407
0 0.465885 0.786111 0.00885417 0.0185185 0.300521
0 0.560677 0.224537 0.0119792 0.0231481 0.302296
0 0.6125 0.237037 0.0104167 0.0222222 0.305328
0 0.66224 0.371759 0.0109375 0.0157407 0.309602
0 0.394271 0.308796 0.00833333 0.0157407 0.320265
0 0.658333 0.483333 0.00833333 0.0148148 0.322652
0 0.336979 0.407407 0.00729167 0.0148148 0.32902
0 0.397656 0.409722 0.0109375 0.0175926 0.336042
0 0.332552 0.202778 0.00677083 0.012963 0.339346
0 0.404427 0.80463 0.0140625 0.0222222 0.344086
0 0.332031 0.302315 0.00989583 0.0194444 0.374122
