0 0.551302 0.636111 0.00572917 0.0111111 0.262026
0 0.495052 0.634259 0.00677083 0.0111111 0.333841
0 0.378906 0.739352 0.00677083 0.0101852 0.485886
0 0.553646 0.849537 0.00625 0.0101852 0.525678
0 0.495833 0.850463 0.00625 0.0101852 0.528241
0 0.495573 0.738889 0.00677083 0.0111111 0.551514
0 0.54974 0.534722 0.00677083 0.012037 0.560178
0 0.382031 0.6375 0.00677083 0.012037 0.56823
0 0.552865 0.739815 0.00677083 0.0111111 0.576764
0 0.552865 0.203241 0.00677083 0.0101852 0.585424
0 0.433854 0.426389 0.00729167 0.012037 0.593157
0 0.491406 0.203241 0.0078125 0.0101852 0.596623
0 0.492969 0.425926 0.00677083 0.012963 0.603135
0 0.43776 0.534722 0.00677083 0.012037 0.603384
0 0.369531 0.203241 0.00677083 0.0101852 0.607592
0 0.429688 0.203241 0.00729167 0.0101852 0.610954
0 0.377344 0.848611 0.00677083 0.012037 0.611497
0 0.551042 0.426852 0.00729167 0.012963 0.621378
0 0.613542 0.203704 0.00729167 0.0111111 0.627071
0 0.493229 0.531482 0.00729167 0.012963 0.632564
0 0.373177 0.422685 0.00677083 0.012037 0.632634
0 0.438021 0.634722 0.00729167 0.012037 0.653952
0 0.367448 0.305556 0.00677083 0.0111111 0.657429
0 0.554167 0.306944 0.00729167 0.012037 0.676291
0 0.382292 0.535648 0.00729167 0.012037 0.679963
0 0.322917 0.637037 0.00625 0.0111111 0.680459
0 0.670052 0.426389 0.00677083 0.012037 0.683462
0 0.492448 0.306944 0.00677083 0.012037 0.688576
0 0.436198 0.736574 0.0078125 0.012037 0.693993
0 0.428385 0.306944 0.0078125 0.012037 0.705659
0 0.605208 0.535185 0.00625 0.012963 0.714195
0 0.616146 0.30463 0.009375 0.012963 0.71808
0 0.609896 0.428241 0.00729167 0.012037 0.720826
0 0.315104 0.423611 0.00729167 0.012037 0.72146
0 0.661198 0.534722 0.00677083 0.012037 0.722202
0 0.66901 0.737963 0.0078125 0.012963 0.725647
0 0.436198 0.850463 0.0078125 0.012037 0.731476
0 0.609635 0.635648 0.0078125 0.0138889 0.732876
0 0.664323 0.633796 0.00885417 0.0138889 0.741103
0 0.673177 0.203241 0.0078125 0.012037 0.747458
0 0.61276 0.848611 0.0078125 0.0138889 0.750042
0 0.32526 0.536574 0.0078125 0.0138889 0.753272
0 0.308594 0.208333 0.0078125 0.0111111 0.755816
0 0.320052 0.85 0.0078125 0.012963 0.764282
0 0.321354 0.739815 0.00833333 0.012963 0.773245
0 0.671094 0.849074 0.0078125 0.012963 0.776048
0 0.307292 0.307407 0.00729167 0.012963 0.782207
0 0.611979 0.737963 0.0114583 0.0185185 0.849756
0 0.678125 0.308333 0.0135417 0.0185185 0.853801
