0 0.552865 0.503241 0.00572917 0.0101852 0.251244
0 0.764583 0.59537 0.00729167 0.0111111 0.324637
0 0.760156 0.511111 0.00572917 0.0111111 0.328116
0 0.49375 0.7125 0.00520833 0.0101852 0.343297
0 0.658854 0.417593 0.00729167 0.012963 0.366421
0 0.754687 0.248611 0.00520833 0.0101852 0.37963
0 0.705208 0.331944 0.00625 0.012037 0.391667
0 0.765365 0.687963 0.00677083 0.0111111 0.406913
0 0.440104 0.815741 0.00729167 0.0111111 0.414589
0 0.430729 0.195833 0.00625 0.0101852 0.42451
0 0.765104 0.778241 0.00625 0.0101852 0.444472
0 0.758333 0.423611 0.00625 0.0101852 0.454347
0 0.709115 0.419907 0.00677083 0.012037 0.463294
0 0.557813 0.793981 0.00625 0.0101852 0.4855
0 0.714063 0.776852 0.00625 0.0111111 0.505271
0 0.430469 0.398148 0.00572917 0.0111111 0.549905
0 0.756771 0.335185 0.00625 0.0111111 0.5538
0 0.435417 0.711574 0.00625 0.0101852 0.564962
0 0.43099 0.298148 0.00572917 0.0111111 0.572107
0 0.432292 0.504167 0.00625 0.012037 0.605689
0 0.434375 0.60463 0.00625 0.0111111 0.629667
