0 0.702604 0.878704 0.0125 0.0222222 0.273649
0 0.720573 0.675 0.0078125 0.0148148 0.27799
0 0.599479 0.751389 0.00833333 0.0138889 0.292045
0 0.708594 0.770833 0.00885417 0.0138889 0.296406
0 0.757812 0.890278 0.00729167 0.012037 0.307677
0 0.644792 0.868056 0.00729167 0.012037 0.309602
0 0.711198 0.774537 0.00885417 0.0157407 0.318861
0 0.609896 0.648611 0.00729167 0.012037 0.323978
0 0.735156 0.568981 0.00885417 0.0175926 0.336866
0 0.588802 0.85463 0.0078125 0.012963 0.342006
0 0.677604 0.555556 0.00729167 0.012963 0.342241
0 0.474219 0.83287 0.00677083 0.012037 0.343358
0 0.460417 0.940741 0.00625 0.0111111 0.347902
0 0.773438 0.683796 0.00625 0.0101852 0.348648
0 0.403125 0.931944 0.00833333 0.012037 0.352959
0 0.522396 0.297222 0.00833333 0.0111111 0.37186
0 0.517969 0.95463 0.00677083 0.0111111 0.389786
0 0.764323 0.34537 0.00885417 0.0111111 0.405148
0 0.620313 0.543519 0.00729167 0.012963 0.418455
0 0.795052 0.57963 0.00677083 0.0111111 0.424927
0 0.43099 0.721296 0.00677083 0.012963 0.456756
0 0.416667 0.822685 0.00833333 0.0138889 0.469873
0 0.542969 0.741204 0.0078125 0.0157407 0.475508
0 0.4875 0.731019 0.00729167 0.0138889 0.483458
0 0.554167 0.641204 0.00729167 0.0138889 0.492244
0 0.464844 0.290278 0.0078125 0.012037 0.492583
0 0.694531 0.438426 0.00677083 0.012037 0.496349
0 0.583333 0.310648 0.00729167 0.0101852 0.506719
0 0.44375 0.619444 0.00833333 0.0148148 0.506961
0 0.816146 0.461574 0.0135417 0.0212963 0.516842
0 0.5625 0.533333 0.00729167 0.0148148 0.519553
0 0.633594 0.427315 0.00677083 0.012037 0.522069
0 0.530469 0.843056 0.00885417 0.0157407 0.535504
0 0.451562 0.389815 0.00833333 0.012963 0.536459
0 0.75599 0.447685 0.00989583 0.0157407 0.537747
0 0.823177 0.358796 0.00989583 0.0138889 0.542871
0 0.765104 0.784722 0.00833333 0.0138889 0.548698
0 0.499479 0.630093 0.00729167 0.0138889 0.550052
0 0.511198 0.399537 0.0078125 0.012037 0.573498
0 0.503906 0.517593 0.0078125 0.0148148 0.574541
0 0.570573 0.413426 0.0078125 0.012037 0.590565
0 0.445833 0.506019 0.00833333 0.0138889 0.609601
