0 0.664583 0.752778 0.00625 0.0111111 0.257593
0 0.621615 0.402778 0.0078125 0.012963 0.311748
0 0.615625 0.743056 0.00625 0.012037 0.319599
0 0.663281 0.838889 0.00572917 0.0111111 0.321021
0 0.661458 0.920833 0.00625 0.0101852 0.348948
0 0.478125 0.636111 0.00729167 0.0148148 0.352478
0 0.523177 0.640278 0.00677083 0.012037 0.353846
0 0.614583 0.828704 0.00625 0.0111111 0.356642
0 0.614583 0.914352 0.00625 0.0101852 0.431473
0 0.666667 0.668056 0.00625 0.012037 0.433276
0 0.522656 0.725463 0.00677083 0.012037 0.440196
0 0.566667 0.819444 0.00625 0.0111111 0.442874
0 0.477083 0.716204 0.00729167 0.012037 0.44295
0 0.565625 0.902778 0.00625 0.0111111 0.446632
0 0.519271 0.808333 0.00625 0.0111111 0.457082
0 0.758854 0.943981 0.00729167 0.012037 0.473412
0 0.520052 0.892593 0.00677083 0.0111111 0.493647
0 0.569531 0.650926 0.0078125 0.012963 0.498665
0 0.711198 0.848148 0.00677083 0.0111111 0.499999
0 0.717708 0.506481 0.00625 0.0111111 0.516078
0 0.5125 0.546759 0.00625 0.012037 0.529566
0 0.473958 0.795833 0.00729167 0.012037 0.54281
0 0.714844 0.593056 0.00677083 0.012037 0.547027
0 0.565104 0.555556 0.00729167 0.012963 0.573932
0 0.567448 0.463889 0.0078125 0.012963 0.576627
0 0.714844 0.677315 0.0078125 0.0138889 0.587741
0 0.669531 0.411574 0.0078125 0.0138889 0.593201
0 0.56901 0.732407 0.0078125 0.012963 0.607498
0 0.507812 0.440278 0.00729167 0.012037 0.620365
0 0.760417 0.859722 0.00729167 0.012037 0.620481
0 0.764063 0.60463 0.00729167 0.0111111 0.621828
0 0.765885 0.516667 0.0078125 0.012963 0.633227
0 0.71276 0.7625 0.0078125 0.012037 0.653972
0 0.71901 0.42037 0.0078125 0.012963 0.654326
0 0.570052 0.374074 0.0078125 0.012963 0.663152
0 0.761458 0.772685 0.00833333 0.012037 0.668795
0 0.763021 0.687963 0.00833333 0.012963 0.678472
0 0.464323 0.5375 0.0078125 0.012037 0.681772
0 0.766927 0.42963 0.00885417 0.0148148 0.737292
0 0.510156 0.346759 0.0078125 0.012037 0.740923
0 0.45599 0.3375 0.0078125 0.0138889 0.751726
0 0.454167 0.433333 0.00833333 0.0148148 0.762982
