0 0.370052 0.553704 0.0109375 0.0166667 0.27573
0 0.469271 0.258796 0.00833333 0.0175926 0.2969
0 0.465885 0.547685 0.00677083 0.012037 0.459879
0 0.607292 0.615741 0.00729167 0.0111111 0.499933
0 0.563802 0.618056 0.0078125 0.012037 0.506728
0 0.608594 0.528241 0.00677083 0.0101852 0.507285
0 0.608594 0.444907 0.00677083 0.0101852 0.518244
0 0.411198 0.249074 0.00989583 0.0166667 0.533482
0 0.417969 0.704167 0.0078125 0.012037 0.533768
0 0.516406 0.705093 0.00677083 0.012037 0.534338
0 0.41875 0.623148 0.00833333 0.012963 0.538151
0 0.466667 0.626852 0.00729167 0.0111111 0.552237
0 0.417188 0.546759 0.00833333 0.0138889 0.559132
0 0.608073 0.35463 0.00677083 0.0111111 0.569881
0 0.657292 0.353704 0.00625 0.0111111 0.571932
0 0.371354 0.705093 0.00729167 0.012037 0.604732
0 0.371094 0.631481 0.0078125 0.0148148 0.612343
0 0.467448 0.709259 0.00677083 0.012963 0.61347
0 0.656771 0.527315 0.00729167 0.012037 0.614069
0 0.460156 0.451852 0.00677083 0.012963 0.619682
0 0.563281 0.361574 0.00677083 0.012037 0.622749
0 0.609375 0.702778 0.00729167 0.0111111 0.632655
0 0.564062 0.7 0.00833333 0.012963 0.634019
0 0.563021 0.786111 0.00729167 0.012963 0.643571
0 0.516667 0.536574 0.00833333 0.012037 0.644579
0 0.563281 0.533333 0.0078125 0.0111111 0.645684
0 0.466927 0.789815 0.00677083 0.012963 0.647085
0 0.563021 0.450463 0.00729167 0.012037 0.648363
0 0.655469 0.443519 0.0078125 0.0111111 0.666168
0 0.515365 0.365278 0.00677083 0.012037 0.667174
0 0.513542 0.622685 0.00729167 0.012037 0.670063
0 0.515104 0.452778 0.00833333 0.012963 0.670199
0 0.516667 0.786574 0.00625 0.012037 0.671782
0 0.65625 0.783796 0.00833333 0.012037 0.674925
0 0.655729 0.27037 0.00729167 0.012963 0.693156
0 0.370052 0.777778 0.0078125 0.012963 0.693456
0 0.657031 0.710648 0.0078125 0.012037 0.705124
0 0.610677 0.786574 0.0078125 0.012037 0.715094
0 0.417708 0.785185 0.00833333 0.012963 0.732635
0 0.608073 0.267593 0.00677083 0.012963 0.735548
0 0.657292 0.618056 0.0104167 0.0138889 0.743184
0 0.56224 0.266204 0.0078125 0.0138889 0.7549
0 0.517969 0.274537 0.00885417 0.0175926 0.773236
