0 0.44375 0.910648 0.00833333 0.012037 0.262139
0 0.672135 0.737037 0.00677083 0.0111111 0.463749
0 0.578906 0.438426 0.00677083 0.012037 0.56291
0 0.714583 0.747222 0.00833333 0.012963 0.590877
0 0.763281 0.6875 0.0078125 0.0138889 0.592765
0 0.669271 0.814352 0.00625 0.012037 0.617425
0 0.716667 0.669907 0.00833333 0.012037 0.621133
0 0.633854 0.444907 0.00625 0.012037 0.635563
0 0.519531 0.628241 0.0078125 0.0138889 0.643102
0 0.510938 0.920833 0.0125 0.0157407 0.645584
0 0.664844 0.893981 0.00677083 0.0138889 0.648565
0 0.583073 0.556019 0.00677083 0.012037 0.649512
0 0.516406 0.720833 0.0078125 0.0138889 0.650617
0 0.728125 0.594444 0.00729167 0.012963 0.65104
0 0.447135 0.821296 0.0109375 0.0148148 0.654706
0 0.629687 0.573611 0.00625 0.012037 0.654972
0 0.590365 0.734259 0.00885417 0.012963 0.657651
0 0.460677 0.519907 0.00677083 0.012037 0.660459
0 0.779688 0.612037 0.00729167 0.012963 0.674439
0 0.459115 0.618981 0.0078125 0.0138889 0.677896
0 0.588021 0.647685 0.00729167 0.012037 0.683735
0 0.757552 0.822685 0.0078125 0.0138889 0.687623
0 0.526302 0.318519 0.0078125 0.0148148 0.689037
0 0.577083 0.82037 0.00729167 0.0148148 0.690389
0 0.736198 0.468519 0.00677083 0.0148148 0.691295
0 0.752865 0.896759 0.0078125 0.0138889 0.694535
0 0.678646 0.578704 0.00729167 0.012963 0.699816
0 0.711719 0.817593 0.0078125 0.0166667 0.700163
0 0.7875 0.498148 0.009375 0.0166667 0.700343
0 0.465885 0.314815 0.0078125 0.0148148 0.700348
0 0.513281 0.823611 0.00885417 0.0157407 0.718623
0 0.744271 0.362037 0.0104167 0.0203704 0.725854
0 0.454167 0.724074 0.0125 0.0166667 0.750218
0 0.522396 0.426852 0.00833333 0.0148148 0.751291
0 0.573958 0.906482 0.00729167 0.0185185 0.755395
0 0.522135 0.526852 0.00885417 0.0166667 0.756103
0 0.633333 0.668056 0.0114583 0.0175926 0.756111
0 0.639323 0.336111 0.0078125 0.0148148 0.757561
0 0.461458 0.415741 0.009375 0.0185185 0.763477
0 0.788542 0.363889 0.00729167 0.0166667 0.7646
0 0.623438 0.9 0.009375 0.0203704 0.76685
0 0.686979 0.464352 0.00729167 0.0194444 0.772616
0 0.627344 0.808333 0.00989583 0.0185185 0.778273
0 0.709375 0.889352 0.009375 0.0194444 0.793909
0 0.583854 0.328704 0.00833333 0.0166667 0.79412
0 0.672656 0.660185 0.00989583 0.0185185 0.815755
0 0.761458 0.752778 0.0135417 0.0203704 0.823237
0 0.692448 0.344444 0.00989583 0.0203704 0.825437
