0 0.710417 0.390278 0.00625 0.012037 0.36906
0 0.754687 0.481944 0.00833333 0.012037 0.409751
0 0.66224 0.47037 0.00677083 0.0111111 0.41596
0 0.757292 0.306019 0.00625 0.012037 0.451765
0 0.705469 0.566204 0.00677083 0.0101852 0.462071
0 0.661719 0.560648 0.00677083 0.012037 0.520642
0 0.749219 0.571759 0.00677083 0.012037 0.550517
0 0.803646 0.400926 0.00625 0.0111111 0.550701
0 0.80651 0.312963 0.00677083 0.0111111 0.563952
0 0.716146 0.300926 0.00729167 0.012963 0.606141
0 0.80026 0.575926 0.0078125 0.012963 0.624053
0 0.74974 0.659722 0.0078125 0.012037 0.633553
0 0.746615 0.752778 0.0078125 0.0111111 0.636812
0 0.704687 0.656482 0.00729167 0.0111111 0.642973
0 0.702344 0.748611 0.00885417 0.0138889 0.643224
0 0.665625 0.388426 0.00729167 0.012037 0.649652
0 0.74349 0.84213 0.0078125 0.0138889 0.65494
0 0.474219 0.745833 0.0078125 0.012037 0.656467
0 0.659896 0.653241 0.00625 0.012037 0.65715
0 0.676562 0.297685 0.00833333 0.0138889 0.667355
0 0.566406 0.246759 0.00677083 0.0138889 0.678396
0 0.70026 0.841204 0.00885417 0.0157407 0.687452
0 0.615365 0.359722 0.00989583 0.0157407 0.690244
0 0.609115 0.460185 0.0078125 0.012963 0.693053
0 0.791146 0.851852 0.00833333 0.0148148 0.693388
0 0.796615 0.66713 0.00885417 0.012037 0.695343
0 0.49375 0.243056 0.00833333 0.0138889 0.696186
0 0.553906 0.448611 0.00885417 0.0138889 0.697955
0 0.802865 0.489815 0.00885417 0.0148148 0.700731
0 0.625781 0.271296 0.00885417 0.0148148 0.701385
0 0.476042 0.643519 0.009375 0.012963 0.701904
0 0.660156 0.832407 0.00885417 0.0148148 0.718887
0 0.610156 0.653241 0.00885417 0.0138889 0.720215
0 0.478906 0.544907 0.00885417 0.0138889 0.729725
0 0.484375 0.443056 0.009375 0.0138889 0.733777
0 0.616406 0.84213 0.0078125 0.0138889 0.739816
0 0.55625 0.349074 0.009375 0.0148148 0.744987
0 0.659635 0.742593 0.00989583 0.0166667 0.747271
0 0.607813 0.55787 0.009375 0.0138889 0.747796
0 0.490104 0.341667 0.0104167 0.0148148 0.749128
0 0.795573 0.7625 0.00989583 0.0138889 0.75287
0 0.547917 0.756019 0.00833333 0.012037 0.756892
0 0.55026 0.650926 0.0119792 0.0148148 0.757553
0 0.607031 0.750926 0.00885417 0.0148148 0.763395
0 0.472656 0.845833 0.0109375 0.0138889 0.764828
0 0.550781 0.551389 0.00989583 0.0157407 0.767081
0 0.547656 0.852315 0.0119792 0.0157407 0.835038
