0 0.531771 0.461111 0.0104167 0.0203704 0.312802
0 0.543229 0.432407 0.0135417 0.0222222 0.331525
0 0.604948 0.375926 0.00885417 0.0148148 0.364191
0 0.548177 0.358333 0.00885417 0.0166667 0.390839
0 0.485938 0.465278 0.015625 0.025 0.401034
0 0.73125 0.576852 0.00625 0.0111111 0.402208
0 0.736198 0.487037 0.00677083 0.0111111 0.418301
0 0.673958 0.744907 0.00833333 0.012037 0.431624
0 0.719271 0.747222 0.00729167 0.0111111 0.463691
0 0.725 0.660185 0.00729167 0.0111111 0.486385
0 0.583333 0.662963 0.00729167 0.0111111 0.491377
0 0.621615 0.824537 0.00677083 0.0101852 0.499807
0 0.669271 0.828241 0.00833333 0.012037 0.502298
0 0.691406 0.488889 0.00677083 0.0111111 0.507556
0 0.714323 0.833796 0.0078125 0.012037 0.508142
0 0.634896 0.658796 0.00833333 0.012037 0.529888
0 0.586198 0.405556 0.0109375 0.0203704 0.533799
0 0.617188 0.906482 0.00625 0.0111111 0.535673
0 0.685156 0.575 0.0078125 0.0111111 0.548136
0 0.525 0.814352 0.00833333 0.0138889 0.555423
0 0.53099 0.562963 0.00885417 0.0148148 0.557525
0 0.785156 0.491204 0.0078125 0.012037 0.558327
0 0.471615 0.883796 0.0078125 0.012037 0.561776
0 0.530208 0.734722 0.00729167 0.012037 0.565886
0 0.578646 0.743056 0.00833333 0.012037 0.566495
0 0.680729 0.659259 0.009375 0.012963 0.567593
0 0.57474 0.825463 0.00885417 0.0138889 0.569044
0 0.743229 0.4 0.00729167 0.0148148 0.582559
0 0.710156 0.918056 0.00677083 0.012037 0.584002
0 0.584115 0.565278 0.00677083 0.012037 0.588197
0 0.75625 0.92037 0.00833333 0.012963 0.591806
0 0.638281 0.574537 0.0078125 0.012037 0.600892
0 0.663542 0.912963 0.00729167 0.012963 0.602744
0 0.593229 0.471759 0.0104167 0.0175926 0.608657
0 0.533854 0.657407 0.00833333 0.0148148 0.629585
0 0.519531 0.894907 0.00885417 0.0138889 0.63366
0 0.568229 0.906482 0.00833333 0.0148148 0.636219
0 0.482292 0.736111 0.0104167 0.0166667 0.636889
0 0.477865 0.810648 0.00885417 0.0138889 0.63932
0 0.777865 0.581019 0.00885417 0.0138889 0.639888
0 0.761979 0.847685 0.00833333 0.0138889 0.642573
0 0.644792 0.488889 0.00729167 0.012963 0.644129
0 0.773958 0.665741 0.009375 0.0148148 0.648404
0 0.626302 0.743981 0.00989583 0.0138889 0.650471
0 0.652604 0.397685 0.00833333 0.0175926 0.663492
0 0.789062 0.408796 0.00833333 0.0175926 0.670685
0 0.697396 0.395833 0.00833333 0.0175926 0.674177
0 0.767187 0.755556 0.0104167 0.0148148 0.67652
