0 0.77526 0.331944 0.00677083 0.012037 0.274123
0 0.766927 0.419907 0.00677083 0.012037 0.294938
0 0.723177 0.406944 0.0078125 0.012037 0.397673
0 0.671094 0.478704 0.00677083 0.0111111 0.445798
0 0.665365 0.568519 0.00677083 0.0111111 0.453882
0 0.584635 0.236574 0.0078125 0.0138889 0.45974
0 0.647656 0.840741 0.00885417 0.0148148 0.548527
0 0.646615 0.272685 0.0078125 0.0138889 0.552828
0 0.678906 0.396759 0.0078125 0.012037 0.555183
0 0.630469 0.359722 0.00885417 0.0138889 0.575491
0 0.496354 0.419444 0.00833333 0.012963 0.579871
0 0.729427 0.864815 0.0078125 0.012963 0.581084
0 0.751823 0.595833 0.00677083 0.012037 0.58974
0 0.816146 0.434259 0.00625 0.0111111 0.599958
0 0.823438 0.348148 0.00729167 0.0111111 0.609236
0 0.709115 0.58287 0.00677083 0.012037 0.615379
0 0.802344 0.609259 0.0078125 0.0111111 0.642871
0 0.694792 0.308333 0.00729167 0.012963 0.649916
0 0.7375 0.774074 0.00729167 0.012963 0.653972
0 0.658594 0.661574 0.00677083 0.0138889 0.656792
0 0.515365 0.223148 0.0078125 0.0148148 0.663018
0 0.79349 0.699074 0.00885417 0.012963 0.669571
0 0.617969 0.45787 0.0078125 0.0138889 0.677236
0 0.735156 0.319444 0.0078125 0.012963 0.6808
0 0.686979 0.856944 0.009375 0.0157407 0.687852
0 0.56276 0.437037 0.0078125 0.012963 0.691494
0 0.694271 0.762037 0.009375 0.0148148 0.701823
0 0.747396 0.683333 0.009375 0.012963 0.704881
0 0.810417 0.524074 0.009375 0.0148148 0.705281
0 0.702604 0.673148 0.00833333 0.012963 0.70757
0 0.776563 0.88287 0.009375 0.0157407 0.717963
0 0.467708 0.72037 0.00729167 0.012963 0.731962
0 0.608854 0.651852 0.009375 0.0148148 0.743006
0 0.540365 0.741204 0.00885417 0.012037 0.745087
0 0.475 0.616204 0.009375 0.0157407 0.751888
0 0.652344 0.75 0.0109375 0.0185185 0.752685
0 0.604427 0.84213 0.0078125 0.0157407 0.754118
0 0.50625 0.320833 0.0104167 0.0157407 0.756996
0 0.572396 0.337963 0.009375 0.0166667 0.767344
0 0.599219 0.748148 0.00885417 0.0148148 0.768964
0 0.610937 0.556481 0.009375 0.0148148 0.772073
0 0.555469 0.540741 0.00989583 0.0166667 0.77343
0 0.484115 0.518056 0.00989583 0.0157407 0.779689
0 0.7875 0.793056 0.0104167 0.0157407 0.790257
0 0.547917 0.6375 0.0114583 0.0157407 0.801939
0 0.460677 0.818981 0.0130208 0.0194444 0.814265
0 0.534115 0.840278 0.0130208 0.0175926 0.862194
