0 0.628646 0.968982 0.00625 0.0101852 0.252492
0 0.688281 0.961574 0.00677083 0.0101852 0.300541
0 0.511719 0.97963 0.00677083 0.0111111 0.320194
0 0.68151 0.853704 0.00677083 0.0111111 0.331578
0 0.509375 0.868519 0.00729167 0.0111111 0.393219
0 0.668229 0.540741 0.00729167 0.0111111 0.414053
0 0.623698 0.857407 0.0078125 0.012963 0.425146
0 0.550781 0.552778 0.0078125 0.0111111 0.432305
0 0.609375 0.547222 0.00729167 0.0111111 0.449156
0 0.670833 0.650463 0.00729167 0.012037 0.49603
0 0.746094 0.95787 0.00677083 0.012037 0.499359
0 0.559375 0.660648 0.00729167 0.012037 0.523246
0 0.566927 0.861111 0.0078125 0.012963 0.524223
0 0.660937 0.317593 0.00729167 0.0111111 0.527359
0 0.452865 0.987963 0.0078125 0.012963 0.530899
0 0.450521 0.876389 0.00625 0.012037 0.534938
0 0.614583 0.651389 0.00833333 0.012037 0.535678
0 0.507552 0.768056 0.00677083 0.012037 0.537699
0 0.726302 0.538426 0.0078125 0.0138889 0.538355
0 0.726302 0.646759 0.00572917 0.012037 0.550096
0 0.490885 0.555556 0.0078125 0.0111111 0.558742
0 0.666927 0.420833 0.0078125 0.012037 0.55884
0 0.540885 0.433796 0.0078125 0.0101852 0.571654
0 0.6 0.323611 0.00729167 0.0101852 0.571697
0 0.5375 0.327778 0.00729167 0.0111111 0.574401
0 0.721875 0.311111 0.00833333 0.0111111 0.576844
0 0.503906 0.66713 0.00677083 0.012037 0.578015
0 0.728385 0.412037 0.00885417 0.012963 0.589522
0 0.805208 0.952778 0.00833333 0.012963 0.598347
0 0.786719 0.530556 0.00677083 0.0111111 0.605181
0 0.477604 0.335185 0.00729167 0.0111111 0.60738
0 0.563021 0.7625 0.00729167 0.012037 0.609814
0 0.732813 0.746296 0.00729167 0.012963 0.621609
0 0.448438 0.773611 0.00625 0.012037 0.621633
0 0.78776 0.7375 0.00885417 0.0138889 0.62918
0 0.782031 0.640278 0.00677083 0.012037 0.629368
0 0.604427 0.42963 0.0078125 0.012963 0.655076
0 0.796354 0.841204 0.00833333 0.012037 0.659088
0 0.480208 0.438426 0.00833333 0.012037 0.667569
0 0.432813 0.560648 0.00729167 0.012037 0.67687
0 0.447135 0.672222 0.0078125 0.0148148 0.684036
0 0.417969 0.345833 0.0078125 0.012037 0.702765
0 0.78151 0.306944 0.00885417 0.012037 0.702963
0 0.739844 0.848148 0.00989583 0.0166667 0.703772
0 0.420052 0.445833 0.0078125 0.0138889 0.704503
0 0.790365 0.410648 0.0130208 0.0175926 0.746585
