0 0.666406 0.976389 0.00572917 0.0101852 0.252454
0 0.610677 0.75463 0.00677083 0.0111111 0.283248
0 0.607292 0.969444 0.00625 0.0111111 0.291165
0 0.667969 0.761111 0.00677083 0.0111111 0.328108
0 0.547135 0.9625 0.00677083 0.0101852 0.431702
0 0.609115 0.856481 0.00677083 0.012963 0.432724
0 0.492708 0.844444 0.00625 0.0111111 0.461904
0 0.488021 0.956019 0.00625 0.0101852 0.506291
0 0.6125 0.651852 0.00729167 0.012963 0.530233
0 0.66901 0.663426 0.00677083 0.012037 0.554679
0 0.666667 0.866204 0.00729167 0.012037 0.571205
0 0.672656 0.552778 0.00677083 0.012963 0.575208
0 0.55026 0.848611 0.0078125 0.0138889 0.57633
0 0.78151 0.989352 0.00885417 0.0138889 0.579879
0 0.428906 0.951389 0.00677083 0.012037 0.587507
0 0.614583 0.544907 0.00625 0.012037 0.592053
0 0.498177 0.743056 0.00677083 0.012037 0.605665
0 0.555208 0.538889 0.00729167 0.012963 0.616922
0 0.722917 0.983333 0.009375 0.0148148 0.625026
0 0.680469 0.327778 0.00677083 0.0111111 0.627995
0 0.740625 0.334722 0.00729167 0.0101852 0.630379
0 0.61875 0.321759 0.00729167 0.012037 0.634023
0 0.724479 0.768519 0.00729167 0.012963 0.644977
0 0.55651 0.649537 0.0078125 0.0138889 0.656897
0 0.495313 0.529167 0.00729167 0.012037 0.658104
0 0.556771 0.314352 0.00729167 0.0101852 0.660602
0 0.78151 0.877315 0.0078125 0.012037 0.665434
0 0.438802 0.736574 0.00677083 0.012037 0.666506
0 0.730469 0.562037 0.0078125 0.012963 0.669821
0 0.500521 0.641667 0.00729167 0.012963 0.669935
0 0.679167 0.43287 0.00729167 0.012037 0.673809
0 0.495833 0.30787 0.00729167 0.0101852 0.67884
0 0.616406 0.426389 0.00677083 0.012037 0.679721
0 0.791667 0.56713 0.00729167 0.012037 0.684549
0 0.779427 0.674537 0.00677083 0.012037 0.685273
0 0.553125 0.418056 0.00833333 0.012037 0.689897
0 0.740625 0.437037 0.009375 0.012963 0.695211
0 0.434115 0.839815 0.0078125 0.012963 0.698253
0 0.801302 0.343056 0.0078125 0.012037 0.701758
0 0.492188 0.410185 0.00729167 0.012963 0.70376
0 0.723698 0.669444 0.00677083 0.0148148 0.704826
0 0.436458 0.522222 0.00729167 0.012963 0.707564
0 0.780208 0.773148 0.00729167 0.012963 0.713206
0 0.553646 0.749537 0.00729167 0.0138889 0.7143
0 0.44401 0.635185 0.0078125 0.0148148 0.743194
0 0.724219 0.871759 0.0109375 0.0175926 0.766638
0 0.43125 0.405556 0.00729167 0.0148148 0.772434
0 0.435677 0.306019 0.0078125 0.012037 0.783114
0 0.803646 0.448611 0.0135417 0.0194444 0.837811
