0 0.296142 0.288712 0.008354 0.014099
0 0.352357 0.271618 0.007931 0.014851
0 0.406894 0.261628 0.008866 0.014259
0 0.460198 0.244502 0.011550 0.021285
0 0.516834 0.234328 0.009497 0.020643
0 0.569760 0.218730 0.009497 0.020643
0 0.621449 0.203990 0.008534 0.015923
0 0.632329 0.308705 0.009075 0.021395
0 0.632463 0.430408 0.008111 0.016675
0 0.632262 0.519312 0.009227 0.017907
0 0.639461 0.589452 0.008354 0.014099
0 0.645301 0.661897 0.007661 0.012115
0 0.654715 0.738394 0.007237 0.012867
0 0.581168 0.326101 0.015682 0.027878
0 0.527816 0.350761 0.009227 0.017907
0 0.470924 0.361017 0.011792 0.018709
0 0.417139 0.375942 0.017796 0.024119
0 0.361137 0.384509 0.019785 0.029160
0 0.305543 0.397178 0.012936 0.025252
0 0.326635 0.506223 0.012063 0.021445
0 0.376001 0.489388 0.006815 0.013618
0 0.430750 0.478862 0.007328 0.013779
0 0.483223 0.466697 0.008292 0.018499
0 0.534083 0.448925 0.008444 0.015011
0 0.584624 0.435954 0.006211 0.012546
0 0.346239 0.600220 0.007661 0.012115
0 0.354672 0.677495 0.006482 0.015282
0 0.361506 0.751979 0.009650 0.017156
0 0.369593 0.828422 0.009469 0.015332
0 0.395064 0.577913 0.007418 0.014691
0 0.443041 0.565743 0.010676 0.017476
0 0.490644 0.547109 0.007931 0.014851
0 0.539525 0.536066 0.012637 0.017205
0 0.584892 0.524242 0.007238 0.012867
0 0.592586 0.599397 0.006815 0.013618
0 0.600069 0.675089 0.006454 0.009970
0 0.606329 0.754453 0.008596 0.011523
0 0.559212 0.767294 0.009289 0.013508
0 0.555441 0.689033 0.009892 0.014580
0 0.546706 0.611382 0.011189 0.017637
0 0.514976 0.782526 0.007661 0.012115
0 0.507568 0.704932 0.006967 0.010131
0 0.500508 0.628167 0.011612 0.016885
0 0.449575 0.639851 0.006364 0.009058
0 0.459002 0.719166 0.008505 0.010611
0 0.465518 0.798450 0.006211 0.012546
0 0.402243 0.661221 0.009289 0.013508
0 0.413920 0.736542 0.011883 0.019621
0 0.416952 0.812684 0.009317 0.018819
