0 0.799479 0.347685 0.00625 0.0101852 0.272453
0 0.80026 0.259722 0.00677083 0.0101852 0.382912
0 0.748438 0.532407 0.00625 0.0111111 0.458593
0 0.661198 0.377315 0.00677083 0.0101852 0.461988
0 0.660156 0.548148 0.00677083 0.0111111 0.482025
0 0.704687 0.540741 0.00625 0.0111111 0.49382
0 0.798698 0.522222 0.00677083 0.0111111 0.513456
0 0.709375 0.275463 0.00729167 0.012037 0.525813
0 0.605469 0.464815 0.0078125 0.0111111 0.528113
0 0.751042 0.618519 0.00729167 0.0111111 0.530796
0 0.704427 0.721296 0.0078125 0.012963 0.534473
0 0.798437 0.6125 0.00833333 0.012037 0.556687
0 0.75 0.7125 0.00729167 0.012037 0.586163
0 0.479167 0.486111 0.009375 0.012963 0.611999
0 0.800521 0.436574 0.00833333 0.0138889 0.620326
0 0.610156 0.362037 0.00885417 0.0148148 0.626291
0 0.559115 0.269444 0.0078125 0.0148148 0.627449
0 0.478385 0.687037 0.00989583 0.012963 0.629412
0 0.669531 0.286111 0.00677083 0.012963 0.634319
0 0.704687 0.814352 0.009375 0.0175926 0.63435
0 0.477604 0.789352 0.00729167 0.012037 0.63793
0 0.705729 0.631019 0.00729167 0.012037 0.63816
0 0.60625 0.5625 0.00833333 0.012037 0.649049
0 0.483854 0.384259 0.009375 0.012963 0.652076
0 0.552083 0.773611 0.00833333 0.012037 0.66916
0 0.748438 0.801389 0.00729167 0.0138889 0.669406
0 0.660937 0.639352 0.00625 0.0138889 0.672247
0 0.796875 0.795833 0.009375 0.0138889 0.672586
0 0.664583 0.816667 0.009375 0.0166667 0.673811
0 0.551042 0.67037 0.0114583 0.012963 0.684881
0 0.610417 0.655556 0.009375 0.0148148 0.696385
0 0.619271 0.273611 0.00833333 0.0138889 0.70223
0 0.551302 0.371759 0.00885417 0.0138889 0.709547
0 0.621615 0.840741 0.0078125 0.0148148 0.716185
0 0.79974 0.705556 0.0109375 0.0148148 0.721129
0 0.549479 0.471759 0.00833333 0.0138889 0.72418
0 0.48776 0.290278 0.0078125 0.0138889 0.725836
0 0.66224 0.728704 0.00989583 0.0185185 0.742832
0 0.549219 0.574537 0.00989583 0.0138889 0.753275
0 0.478125 0.589815 0.0104167 0.0148148 0.758222
0 0.610156 0.752315 0.00885417 0.0157407 0.76564
0 0.477604 0.888426 0.0114583 0.0157407 0.804274
0 0.552865 0.872222 0.0119792 0.0166667 0.81327
