0 0.552344 0.725 0.00885417 0.0111111 0.489201
0 0.503385 0.718982 0.00989583 0.012037 0.531395
0 0.54974 0.80463 0.00885417 0.0148148 0.603268
0 0.453906 0.706481 0.0078125 0.012963 0.618595
0 0.603385 0.65787 0.00989583 0.0138889 0.62903
0 0.542188 0.884259 0.00833333 0.012963 0.631807
0 0.501302 0.793981 0.00989583 0.0157407 0.646287
0 0.598177 0.81713 0.00885417 0.012037 0.651904
0 0.600781 0.739352 0.00989583 0.012037 0.653458
0 0.502083 0.539815 0.00729167 0.0148148 0.659457
0 0.640104 0.909722 0.00833333 0.012037 0.661249
0 0.59349 0.897222 0.0078125 0.012963 0.67385
0 0.55599 0.560648 0.00677083 0.012037 0.676049
0 0.507031 0.636574 0.0078125 0.012037 0.688002
0 0.457292 0.627778 0.00833333 0.012963 0.694734
0 0.453385 0.30463 0.00885417 0.0148148 0.69703
0 0.510156 0.32037 0.0078125 0.0148148 0.701175
0 0.738021 0.85463 0.00833333 0.0148148 0.704065
0 0.686198 0.919907 0.0078125 0.012037 0.706512
0 0.555729 0.649074 0.0104167 0.012963 0.712223
0 0.646354 0.827778 0.009375 0.012963 0.717857
0 0.494531 0.869907 0.00885417 0.0157407 0.718012
0 0.691667 0.84213 0.00833333 0.012037 0.722305
0 0.734115 0.932407 0.0078125 0.012963 0.73004
0 0.64974 0.752778 0.00989583 0.012963 0.733992
0 0.447135 0.856944 0.00885417 0.0138889 0.742307
0 0.696615 0.764815 0.00885417 0.012963 0.744228
0 0.613802 0.469907 0.00989583 0.0175926 0.750605
0 0.609375 0.576852 0.00833333 0.0148148 0.751996
0 0.451042 0.528241 0.0125 0.0212963 0.766523
0 0.742188 0.780556 0.00833333 0.0148148 0.771449
0 0.711198 0.60463 0.00677083 0.012963 0.777212
0 0.758333 0.625463 0.00729167 0.0157407 0.777954
0 0.61901 0.356019 0.0109375 0.0231481 0.777964
0 0.69974 0.689352 0.00989583 0.0138889 0.77951
0 0.450521 0.781018 0.009375 0.0157407 0.781285
0 0.669271 0.494444 0.00833333 0.0166667 0.786857
0 0.780729 0.406019 0.00833333 0.0175926 0.792594
0 0.652604 0.673611 0.0114583 0.0157407 0.794626
0 0.660677 0.589815 0.00989583 0.0148148 0.799838
0 0.558594 0.45463 0.0130208 0.0203704 0.808696
0 0.723437 0.498611 0.0114583 0.0231481 0.811323
0 0.745833 0.711111 0.00833333 0.0166667 0.814003
0 0.776823 0.511111 0.00885417 0.0185185 0.815012
0 0.564844 0.340741 0.00885417 0.0166667 0.816149
0 0.503125 0.431481 0.01875 0.0259259 0.822496
0 0.446615 0.413889 0.0130208 0.0240741 0.828635
0 0.729167 0.391204 0.009375 0.0212963 0.838622
0 0.67474 0.375463 0.00989583 0.0212963 0.866712
