0 0.661458 0.844444 0.00520833 0.0111111 0.266256
0 0.663542 0.760185 0.00625 0.0111111 0.273785
0 0.522396 0.627315 0.00625 0.012037 0.305378
0 0.659635 0.924537 0.00572917 0.0101852 0.310741
0 0.613021 0.825 0.00625 0.0111111 0.327802
0 0.470833 0.858333 0.00729167 0.0111111 0.338725
0 0.56901 0.649074 0.00885417 0.0166667 0.353167
0 0.708594 0.943981 0.00572917 0.0101852 0.354934
0 0.669531 0.507407 0.00677083 0.0111111 0.368814
0 0.565104 0.808796 0.00625 0.012037 0.398404
0 0.611198 0.909259 0.00572917 0.0111111 0.413867
0 0.520833 0.70787 0.00729167 0.012037 0.447359
0 0.665885 0.673611 0.00677083 0.012037 0.464552
0 0.563802 0.892593 0.00677083 0.012963 0.467856
0 0.477865 0.612037 0.00677083 0.012963 0.469703
0 0.709115 0.858333 0.00677083 0.0111111 0.473312
0 0.717708 0.521759 0.00729167 0.012037 0.475174
0 0.475781 0.693981 0.00677083 0.012037 0.485974
0 0.516927 0.791204 0.00677083 0.012037 0.490449
0 0.759375 0.87963 0.00729167 0.0111111 0.491732
0 0.711458 0.775463 0.00729167 0.012037 0.51228
0 0.56875 0.45787 0.00729167 0.012037 0.5141
0 0.565104 0.549074 0.00729167 0.012963 0.533101
0 0.472656 0.771759 0.00677083 0.012037 0.547116
0 0.75651 0.964352 0.0078125 0.012037 0.552719
0 0.667969 0.591667 0.0078125 0.012963 0.567181
0 0.623177 0.40463 0.00885417 0.012963 0.574745
0 0.763542 0.707407 0.00729167 0.012963 0.591215
0 0.464323 0.514352 0.00677083 0.012037 0.593158
0 0.670573 0.42037 0.0078125 0.012963 0.602259
0 0.567969 0.726389 0.00885417 0.0157407 0.611091
0 0.720833 0.4375 0.00833333 0.0138889 0.614909
0 0.513281 0.531944 0.00677083 0.012037 0.616456
0 0.761458 0.793056 0.00729167 0.012037 0.621511
0 0.715365 0.606944 0.0078125 0.0138889 0.622651
0 0.517187 0.874537 0.00833333 0.0138889 0.626665
0 0.570833 0.368981 0.00833333 0.0138889 0.631758
0 0.766406 0.540278 0.0078125 0.012037 0.646977
0 0.764844 0.625926 0.0078125 0.012963 0.64761
0 0.508073 0.425463 0.0078125 0.012037 0.651945
0 0.714063 0.690741 0.00833333 0.012963 0.661258
0 0.51224 0.333796 0.00885417 0.012037 0.691259
0 0.455469 0.411111 0.0078125 0.012963 0.708831
0 0.76875 0.454167 0.009375 0.0138889 0.724644
0 0.457812 0.315741 0.00833333 0.0148148 0.752604
