0 0.310393 0.200912 0.005543 0.012234
0 0.367454 0.199451 0.005990 0.011440
0 0.323388 0.584856 0.012054 0.015067
0 0.324877 0.767486 0.006437 0.010645
0 0.323022 0.676243 0.010480 0.013063
0 0.389644 0.768166 0.012781 0.019536
0 0.387030 0.676092 0.010220 0.017367
0 0.447803 0.747745 0.006270 0.016704
0 0.494037 0.736437 0.008571 0.023176
0 0.533378 0.726446 0.005095 0.013029
0 0.575954 0.717568 0.009726 0.017284
0 0.616303 0.720690 0.008104 0.014403
0 0.445624 0.664869 0.004956 0.010397
0 0.492774 0.649986 0.010220 0.017367
0 0.532603 0.651825 0.006577 0.013278
0 0.572845 0.649684 0.008198 0.016158
0 0.616357 0.650408 0.007025 0.012483
0 0.492007 0.575803 0.005263 0.006970
0 0.530647 0.579915 0.005403 0.009602
0 0.571224 0.582144 0.008598 0.014487
0 0.616492 0.584075 0.014263 0.019786
0 0.526653 0.505060 0.009773 0.018162
0 0.569259 0.509796 0.009539 0.013775
0 0.614449 0.520076 0.005589 0.013111
0 0.489807 0.516207 0.011747 0.018493
0 0.453133 0.584445 0.009492 0.012897
0 0.445313 0.503686 0.006978 0.011605
0 0.381339 0.578506 0.007612 0.014320
0 0.380349 0.493356 0.008104 0.014403
0 0.321435 0.488787 0.007071 0.013361
0 0.318804 0.395836 0.005496 0.011356
0 0.376130 0.395236 0.009773 0.018162
0 0.311340 0.296168 0.009819 0.019039
0 0.370977 0.299811 0.008197 0.016158
0 0.618847 0.213641 0.007211 0.015993
0 0.578631 0.217099 0.008878 0.019750
0 0.526275 0.206838 0.011206 0.017533
0 0.475541 0.203502 0.007612 0.014320
0 0.423626 0.202877 0.008645 0.015364
0 0.424461 0.304728 0.004909 0.009519
0 0.478176 0.308752 0.006530 0.012400
0 0.528814 0.319561 0.007798 0.017830
0 0.575958 0.316539 0.007118 0.014238
0 0.626352 0.339662 0.009092 0.014569
0 0.435639 0.416897 0.005049 0.012152
0 0.480848 0.428055 0.006931 0.010728
0 0.528045 0.427664 0.006624 0.014155
0 0.575219 0.438256 0.005496 0.011356
0 0.625100 0.448235 0.006083 0.013194
