0 0.754948 0.889352 0.00677083 0.012037 0.507325
0 0.752865 0.811574 0.0078125 0.0138889 0.515642
0 0.559896 0.750463 0.00729167 0.0101852 0.527327
0 0.433073 0.366667 0.0078125 0.012963 0.560109
0 0.70625 0.814815 0.00729167 0.0111111 0.604172
0 0.70599 0.89537 0.0078125 0.0111111 0.605304
0 0.511979 0.760648 0.00833333 0.012037 0.610695
0 0.75625 0.576852 0.00729167 0.0148148 0.612574
0 0.761719 0.350463 0.0078125 0.0157407 0.623074
0 0.563542 0.828704 0.009375 0.0111111 0.62418
0 0.509375 0.678241 0.00729167 0.012037 0.633488
0 0.490885 0.359722 0.0078125 0.0138889 0.63471
0 0.704687 0.737037 0.00729167 0.0111111 0.641365
0 0.606771 0.663426 0.00833333 0.012037 0.65314
0 0.660156 0.899537 0.0078125 0.012037 0.65929
0 0.613021 0.905093 0.00833333 0.012037 0.660899
0 0.660417 0.818519 0.00833333 0.0111111 0.662691
0 0.752083 0.736574 0.00833333 0.0138889 0.663893
0 0.465365 0.918981 0.0078125 0.012037 0.666017
0 0.765104 0.460185 0.009375 0.0185185 0.668799
0 0.61276 0.824537 0.00885417 0.012037 0.66953
0 0.703125 0.662037 0.00833333 0.012963 0.673836
0 0.463802 0.840741 0.0078125 0.012963 0.674477
0 0.496615 0.582407 0.00677083 0.012963 0.675892
0 0.563281 0.908796 0.0078125 0.012037 0.677438
0 0.708333 0.573611 0.00729167 0.012037 0.677855
0 0.552344 0.583796 0.00677083 0.012037 0.678483
0 0.515885 0.834259 0.0109375 0.0148148 0.680482
0 0.460677 0.764352 0.00885417 0.0138889 0.680946
0 0.459115 0.686574 0.0078125 0.012037 0.685224
0 0.515625 0.9125 0.00833333 0.0138889 0.695855
0 0.558073 0.671759 0.00885417 0.0138889 0.69714
0 0.659115 0.476389 0.0078125 0.0157407 0.702711
0 0.658854 0.741204 0.009375 0.012037 0.708349
0 0.657292 0.575 0.00729167 0.012963 0.710023
0 0.750521 0.66713 0.00833333 0.0157407 0.729797
0 0.605469 0.581481 0.0078125 0.0148148 0.735104
0 0.544531 0.361574 0.0078125 0.0138889 0.735301
0 0.710156 0.352778 0.0078125 0.0185185 0.744403
0 0.610677 0.747685 0.0109375 0.0138889 0.746349
0 0.715885 0.462037 0.0140625 0.0240741 0.749426
0 0.65625 0.662963 0.0104167 0.0148148 0.752067
0 0.600781 0.355093 0.00989583 0.0194444 0.757797
0 0.601562 0.475 0.0104167 0.0148148 0.766823
0 0.491146 0.474074 0.01875 0.0240741 0.786787
0 0.65625 0.356481 0.00833333 0.0185185 0.792451
0 0.446875 0.587963 0.0114583 0.0203704 0.796687
0 0.546094 0.475463 0.0161458 0.0212963 0.799958
0 0.433594 0.475463 0.0130208 0.0231481 0.850197
