0 0.434896 0.239352 0.00625 0.0101852 0.299036
0 0.71901 0.290278 0.00677083 0.012037 0.304735
0 0.410937 0.847685 0.00729167 0.012037 0.30479
0 0.491927 0.243981 0.00572917 0.012037 0.317732
0 0.429427 0.334722 0.00572917 0.0101852 0.335993
0 0.736458 0.668056 0.009375 0.0157407 0.336945
0 0.705729 0.489352 0.00729167 0.012037 0.345362
0 0.421615 0.542593 0.00572917 0.0111111 0.362133
0 0.740885 0.583796 0.0078125 0.012037 0.387826
0 0.424479 0.439815 0.00625 0.0111111 0.390571
0 0.417708 0.648148 0.00625 0.0111111 0.395511
0 0.549479 0.252315 0.00729167 0.012037 0.420814
0 0.754948 0.496296 0.0078125 0.012963 0.424072
0 0.415365 0.748611 0.00677083 0.012037 0.425655
0 0.661719 0.373611 0.0078125 0.012037 0.43121
0 0.63724 0.827778 0.00677083 0.012963 0.439888
0 0.730208 0.838889 0.009375 0.0148148 0.441939
0 0.684375 0.831019 0.00729167 0.0138889 0.456062
0 0.474219 0.757407 0.00989583 0.012963 0.466926
0 0.534115 0.841667 0.0078125 0.012963 0.473089
0 0.771354 0.302778 0.00729167 0.0111111 0.480865
0 0.665104 0.276852 0.00833333 0.012963 0.48446
0 0.604948 0.3625 0.0078125 0.012037 0.494625
0 0.589063 0.824537 0.00729167 0.0138889 0.497386
0 0.715885 0.385648 0.00885417 0.012037 0.534832
0 0.769531 0.394907 0.00885417 0.012037 0.591144
0 0.610156 0.264815 0.00989583 0.0148148 0.591341
