0 0.545052 0.34213 0.00677083 0.012037 0.266176
0 0.642969 0.65787 0.00677083 0.012037 0.282726
0 0.636719 0.828704 0.00677083 0.012963 0.283511
0 0.533073 0.828241 0.0078125 0.0138889 0.28417
0 0.540104 0.640741 0.00833333 0.012963 0.290021
0 0.639323 0.743056 0.00677083 0.012037 0.293555
0 0.535417 0.730556 0.00833333 0.012963 0.302081
0 0.480469 0.531018 0.00677083 0.012037 0.308916
0 0.588021 0.81713 0.00729167 0.0138889 0.311074
0 0.683333 0.837963 0.00729167 0.012963 0.312488
0 0.592708 0.730093 0.00729167 0.0138889 0.31284
0 0.595573 0.647222 0.00677083 0.012963 0.31476
0 0.543229 0.545833 0.00833333 0.012037 0.317637
0 0.729688 0.852778 0.009375 0.0148148 0.339001
0 0.485156 0.426389 0.00885417 0.012037 0.340588
0 0.690104 0.670833 0.00729167 0.0138889 0.346033
0 0.6 0.466667 0.00729167 0.012963 0.346155
0 0.6875 0.756019 0.00833333 0.0138889 0.350894
0 0.477344 0.631944 0.0078125 0.012037 0.359749
0 0.648958 0.574537 0.00833333 0.0138889 0.36889
0 0.491146 0.226852 0.00833333 0.012963 0.400317
0 0.69401 0.589815 0.0078125 0.012963 0.4121
0 0.420833 0.514815 0.00729167 0.012963 0.414649
0 0.732552 0.766667 0.00885417 0.0148148 0.419101
0 0.597917 0.560648 0.00833333 0.0138889 0.425672
0 0.413542 0.718518 0.00729167 0.012963 0.430873
0 0.653906 0.484259 0.0078125 0.012963 0.431044
0 0.435417 0.214352 0.009375 0.0138889 0.43685
0 0.415885 0.616667 0.0078125 0.012963 0.475558
0 0.423698 0.411574 0.0078125 0.0138889 0.480221
0 0.473437 0.735648 0.0114583 0.0157407 0.486054
0 0.604167 0.360185 0.00833333 0.012963 0.492837
0 0.664062 0.284259 0.00833333 0.0148148 0.506187
0 0.429688 0.308333 0.00833333 0.012963 0.52425
0 0.740365 0.597685 0.00885417 0.0138889 0.52614
0 0.549479 0.242593 0.00833333 0.012963 0.551771
0 0.661458 0.380556 0.00833333 0.012963 0.553776
0 0.734896 0.681944 0.009375 0.0157407 0.588689
0 0.71849 0.304167 0.00885417 0.0138889 0.595401
0 0.754427 0.516667 0.00885417 0.0148148 0.622471
0 0.771615 0.324074 0.00885417 0.012963 0.625631
0 0.609375 0.263426 0.0104167 0.0157407 0.630522
0 0.705208 0.501852 0.009375 0.0148148 0.642202
0 0.715885 0.399537 0.00989583 0.0138889 0.666006
0 0.769271 0.415741 0.0104167 0.0148148 0.680435
