0 0.642969 0.377315 0.00677083 0.0101852 0.255804
0 0.763281 0.810185 0.0078125 0.0148148 0.324181
0 0.682813 0.278704 0.00729167 0.0111111 0.326447
0 0.69974 0.545833 0.00677083 0.0101852 0.345442
0 0.53099 0.265741 0.0078125 0.012963 0.346192
0 0.68099 0.821296 0.00885417 0.0148148 0.389022
0 0.74375 0.540278 0.00625 0.0101852 0.395252
0 0.779688 0.358333 0.00520833 0.00925926 0.402146
0 0.713281 0.726389 0.00885417 0.0138889 0.450027
0 0.644531 0.285648 0.00677083 0.0101852 0.461251
0 0.663542 0.643056 0.00625 0.012037 0.480719
0 0.792969 0.532407 0.0078125 0.0111111 0.529011
0 0.757552 0.722222 0.0078125 0.012963 0.534635
0 0.470052 0.480093 0.00885417 0.012037 0.535803
0 0.752865 0.627778 0.0078125 0.0111111 0.537251
0 0.788021 0.447222 0.00833333 0.012963 0.553987
0 0.708073 0.636574 0.0078125 0.012037 0.559956
0 0.59349 0.463889 0.0078125 0.0111111 0.565358
0 0.601823 0.562037 0.0078125 0.0111111 0.589032
0 0.58776 0.362963 0.00885417 0.0148148 0.610376
0 0.59349 0.272222 0.00677083 0.0111111 0.614035
0 0.613542 0.65463 0.00833333 0.012963 0.624381
0 0.798437 0.623148 0.009375 0.012963 0.625395
0 0.720833 0.819444 0.009375 0.0166667 0.633273
0 0.810417 0.808796 0.009375 0.0157407 0.644426
0 0.807552 0.718056 0.0109375 0.0157407 0.652011
0 0.530469 0.367593 0.00885417 0.012963 0.662802
0 0.639583 0.84213 0.00729167 0.0138889 0.665579
0 0.564062 0.769907 0.00833333 0.012037 0.667384
0 0.490104 0.78287 0.00833333 0.012037 0.68046
0 0.671354 0.732407 0.009375 0.0166667 0.685163
0 0.536979 0.466204 0.00833333 0.0138889 0.686781
0 0.46276 0.282407 0.0078125 0.012963 0.693076
0 0.620313 0.752778 0.009375 0.0148148 0.704865
0 0.553646 0.667593 0.0104167 0.012963 0.706132
0 0.465365 0.377315 0.0109375 0.0138889 0.709636
0 0.482031 0.67963 0.00989583 0.012963 0.730582
0 0.545313 0.570833 0.00833333 0.0138889 0.745989
0 0.472917 0.582407 0.0114583 0.012963 0.750607
0 0.498437 0.881481 0.0104167 0.0148148 0.78432
0 0.571615 0.868981 0.0109375 0.0157407 0.827858
