0 0.730469 0.32963 0.00572917 0.0111111 0.251919
0 0.774219 0.418981 0.00572917 0.0101852 0.269571
0 0.470833 0.199074 0.00520833 0.00925926 0.271092
0 0.71276 0.592593 0.00677083 0.0111111 0.287026
0 0.768229 0.506944 0.00520833 0.0101852 0.287396
0 0.423958 0.818981 0.00625 0.012037 0.300834
0 0.757292 0.685648 0.00625 0.0101852 0.301477
0 0.428646 0.716204 0.00520833 0.0101852 0.315055
0 0.698958 0.773611 0.00520833 0.0101852 0.322576
0 0.7375 0.24213 0.00625 0.012037 0.32693
0 0.452083 0.402315 0.00520833 0.0138889 0.334327
0 0.436719 0.608796 0.00572917 0.012037 0.360879
0 0.44375 0.508333 0.00625 0.012963 0.377278
0 0.763542 0.592593 0.00729167 0.0111111 0.378249
0 0.786198 0.243056 0.00677083 0.0101852 0.390736
0 0.461458 0.3 0.00520833 0.0111111 0.395905
0 0.78125 0.330093 0.00729167 0.012037 0.428047
