0 0.708073 0.829167 0.00572917 0.0101852 0.250015
0 0.521354 0.745833 0.00625 0.0101852 0.250932
0 0.621615 0.489815 0.0078125 0.0111111 0.255192
0 0.566927 0.743981 0.00677083 0.012037 0.277197
0 0.573698 0.383796 0.00677083 0.0101852 0.293546
0 0.623958 0.402778 0.00833333 0.0111111 0.294611
0 0.610937 0.916204 0.00625 0.0101852 0.295071
0 0.715365 0.574537 0.00572917 0.0101852 0.31186
0 0.757292 0.833333 0.00729167 0.0111111 0.344375
0 0.515365 0.914815 0.00572917 0.0111111 0.360971
0 0.514323 0.568981 0.00572917 0.0101852 0.36598
0 0.470573 0.913426 0.00572917 0.0101852 0.367789
0 0.671875 0.401389 0.00729167 0.0101852 0.376405
0 0.477604 0.663889 0.00625 0.0111111 0.390469
0 0.753906 0.917593 0.00677083 0.0111111 0.409934
0 0.474219 0.747222 0.00677083 0.012963 0.424995
0 0.759896 0.744444 0.00729167 0.0111111 0.438511
0 0.767448 0.486111 0.00677083 0.0111111 0.458398
0 0.714063 0.658333 0.00729167 0.0111111 0.464345
0 0.509896 0.4625 0.00729167 0.012037 0.471654
0 0.472656 0.828241 0.00572917 0.012037 0.471804
0 0.764583 0.574537 0.00729167 0.012037 0.489678
0 0.761979 0.659259 0.00729167 0.0111111 0.50411
0 0.464583 0.569444 0.00729167 0.0111111 0.510911
0 0.513802 0.370833 0.0078125 0.012037 0.554588
0 0.721615 0.400463 0.0078125 0.012037 0.577267
0 0.457292 0.467593 0.00729167 0.0111111 0.587994
0 0.769531 0.399074 0.0078125 0.012963 0.643294
0 0.459635 0.372222 0.00677083 0.012963 0.662461
