0 0.477865 0.568981 0.00677083 0.0101852 0.273388
0 0.645573 0.738426 0.00677083 0.0101852 0.286552
0 0.740625 0.737963 0.00833333 0.0111111 0.30923
0 0.59349 0.472222 0.00677083 0.0111111 0.311651
0 0.544271 0.754167 0.00729167 0.0101852 0.329716
0 0.476562 0.462963 0.00729167 0.0111111 0.353972
0 0.69375 0.821296 0.00729167 0.0111111 0.357264
0 0.739583 0.57037 0.00729167 0.0111111 0.364279
0 0.697396 0.477315 0.00729167 0.0101852 0.372297
0 0.646875 0.272685 0.00729167 0.0101852 0.373762
0 0.703385 0.373148 0.00677083 0.0111111 0.374965
0 0.598437 0.737963 0.00625 0.0111111 0.376145
0 0.691667 0.569907 0.00625 0.0101852 0.40452
0 0.53099 0.260185 0.00677083 0.0111111 0.423104
0 0.648177 0.825 0.0078125 0.0111111 0.423601
0 0.473958 0.259259 0.00729167 0.0111111 0.432373
0 0.645312 0.567593 0.00729167 0.0111111 0.451256
0 0.474479 0.360185 0.00729167 0.0111111 0.455217
0 0.532552 0.361574 0.0078125 0.0101852 0.4578
0 0.647917 0.368981 0.00729167 0.0101852 0.464258
0 0.595833 0.56713 0.00729167 0.012037 0.484728
0 0.754427 0.28287 0.0078125 0.0101852 0.494095
0 0.415104 0.261111 0.00729167 0.0111111 0.50651
0 0.421094 0.774074 0.00677083 0.0111111 0.523125
0 0.41849 0.671296 0.00677083 0.0111111 0.550817
0 0.599219 0.828704 0.00677083 0.0111111 0.553587
0 0.590625 0.265741 0.00833333 0.0111111 0.568474
0 0.591406 0.363889 0.0078125 0.0111111 0.571919
0 0.545313 0.852778 0.00729167 0.0111111 0.577583
0 0.479948 0.775463 0.0078125 0.012037 0.59112
0 0.417708 0.567593 0.00625 0.0111111 0.599255
0 0.414583 0.357407 0.00625 0.0111111 0.612328
0 0.748438 0.47963 0.00833333 0.0111111 0.613625
0 0.740625 0.824537 0.00833333 0.012037 0.615642
0 0.75625 0.375926 0.00729167 0.0111111 0.624826
0 0.416406 0.4625 0.00677083 0.012037 0.6282
