0 0.617188 0.755093 0.00729167 0.0101852 0.268628
0 0.563802 0.971296 0.00677083 0.0111111 0.393322
0 0.503906 0.8625 0.00677083 0.012037 0.395426
0 0.670313 0.653704 0.00625 0.0111111 0.39837
0 0.676823 0.857407 0.00677083 0.0111111 0.432806
0 0.669531 0.543519 0.00677083 0.0111111 0.439759
0 0.623438 0.968982 0.00729167 0.012037 0.444182
0 0.504167 0.973148 0.00729167 0.0111111 0.459438
0 0.611198 0.54537 0.00677083 0.0111111 0.47165
0 0.666146 0.321296 0.00729167 0.0111111 0.509025
0 0.551823 0.549537 0.0078125 0.012037 0.517274
0 0.727865 0.318519 0.00677083 0.0111111 0.519778
0 0.739583 0.964352 0.00729167 0.012037 0.524875
0 0.620313 0.85787 0.00729167 0.012037 0.525479
0 0.558594 0.657407 0.00677083 0.012963 0.54903
0 0.613802 0.651389 0.0078125 0.012037 0.550017
0 0.561719 0.858796 0.0078125 0.012037 0.556777
0 0.504427 0.761574 0.00677083 0.012037 0.558866
0 0.727604 0.545833 0.00729167 0.0138889 0.56144
0 0.797917 0.962963 0.00833333 0.012963 0.584456
0 0.731771 0.419444 0.00833333 0.012963 0.586491
0 0.492188 0.548148 0.00729167 0.0111111 0.594427
0 0.54349 0.325 0.0078125 0.0111111 0.601066
0 0.605469 0.324074 0.0078125 0.0111111 0.604131
0 0.545052 0.429167 0.0078125 0.012037 0.604904
0 0.781771 0.650926 0.00729167 0.0111111 0.610172
0 0.72526 0.653241 0.00677083 0.012037 0.612405
0 0.671094 0.425 0.0078125 0.0111111 0.615537
0 0.503385 0.659722 0.00677083 0.012037 0.62797
0 0.788542 0.541204 0.00729167 0.012037 0.636692
0 0.792969 0.850926 0.0078125 0.012963 0.64128
0 0.484635 0.429167 0.0078125 0.012037 0.648442
0 0.446875 0.978241 0.00729167 0.012037 0.653858
0 0.608333 0.427778 0.00729167 0.0111111 0.663785
0 0.785937 0.748148 0.009375 0.012963 0.670978
0 0.445833 0.866204 0.00729167 0.012037 0.678845
0 0.559635 0.757407 0.00677083 0.012963 0.679827
0 0.483333 0.326389 0.00729167 0.0101852 0.690077
0 0.433594 0.549537 0.00677083 0.012037 0.691031
0 0.446354 0.7625 0.00625 0.012037 0.69197
0 0.730469 0.752778 0.0078125 0.012963 0.692321
0 0.422917 0.434259 0.00729167 0.0148148 0.698327
0 0.788021 0.317593 0.00833333 0.012963 0.708654
0 0.423177 0.333796 0.00677083 0.012037 0.715
0 0.445573 0.661111 0.00677083 0.0148148 0.725017
0 0.735417 0.854167 0.0104167 0.0175926 0.762521
0 0.795052 0.422685 0.0130208 0.0212963 0.781199
