0 0.344182 0.851356 0.007335 0.012290
0 0.331319 0.752985 0.006492 0.013788
0 0.327704 0.637275 0.008574 0.014493
0 0.325202 0.524481 0.009193 0.015594
0 0.311580 0.424014 0.006814 0.012114
0 0.298261 0.323914 0.008375 0.012644
0 0.285371 0.218007 0.009093 0.014669
0 0.402660 0.835419 0.007756 0.011542
0 0.391693 0.734979 0.009936 0.013173
0 0.383795 0.616502 0.007633 0.015065
0 0.380321 0.504516 0.006715 0.011189
0 0.369347 0.406436 0.006194 0.011013
0 0.354809 0.304871 0.004435 0.008634
0 0.342479 0.199242 0.007335 0.012290
0 0.462176 0.814408 0.007136 0.010441
0 0.450341 0.713325 0.007756 0.011542
0 0.440918 0.593016 0.008351 0.017092
0 0.435804 0.483011 0.007855 0.012467
0 0.424005 0.387102 0.007533 0.014140
0 0.412009 0.289375 0.008895 0.012819
0 0.399702 0.176665 0.007855 0.012467
0 0.523125 0.791960 0.006715 0.011189
0 0.512571 0.690435 0.007013 0.013964
0 0.499916 0.574543 0.006715 0.011189
0 0.490844 0.472033 0.008994 0.013745
0 0.481270 0.367340 0.007979 0.008943
0 0.468769 0.267429 0.006393 0.012862
0 0.458392 0.157825 0.004956 0.008810
0 0.584011 0.773778 0.008276 0.011718
0 0.573819 0.670713 0.006194 0.011013
0 0.557436 0.554692 0.007235 0.011366
0 0.546277 0.450075 0.004435 0.008633
0 0.535673 0.348094 0.005476 0.008986
0 0.527163 0.245863 0.005575 0.009911
0 0.514074 0.138138 0.003816 0.007533
0 0.643378 0.751404 0.006715 0.011189
0 0.634852 0.653894 0.009093 0.014670
0 0.614659 0.532115 0.008351 0.017092
0 0.599815 0.430184 0.004932 0.013259
0 0.592377 0.328054 0.008252 0.016167
0 0.583149 0.226542 0.012291 0.021102
0 0.572410 0.118477 0.007434 0.013216
0 0.702020 0.732110 0.009515 0.013921
0 0.696073 0.626636 0.014991 0.022909
0 0.673448 0.514184 0.005254 0.011585
0 0.654622 0.412213 0.007855 0.012467
0 0.645543 0.312065 0.008474 0.013569
0 0.640199 0.209684 0.007335 0.012290
0 0.631209 0.098186 0.006591 0.014712
