0 0.759115 0.488889 0.0078125 0.012963 0.265738
0 0.651823 0.833333 0.00885417 0.0148148 0.295874
0 0.668229 0.473148 0.00625 0.0111111 0.298568
0 0.582812 0.245833 0.00729167 0.012037 0.302553
0 0.720573 0.393519 0.0078125 0.012963 0.302741
0 0.707552 0.57037 0.00677083 0.0111111 0.329935
0 0.729167 0.305556 0.00729167 0.012963 0.338397
0 0.664323 0.563426 0.00677083 0.012037 0.356222
0 0.641406 0.271759 0.0078125 0.0138889 0.367016
0 0.750781 0.576852 0.00677083 0.0111111 0.379201
0 0.819271 0.318981 0.00729167 0.012037 0.386007
0 0.81276 0.406019 0.00677083 0.012037 0.392592
0 0.690365 0.300463 0.00677083 0.012037 0.394515
0 0.470052 0.743519 0.00677083 0.0111111 0.408539
0 0.740625 0.757407 0.00729167 0.0111111 0.409624
0 0.625521 0.361111 0.009375 0.0166667 0.419717
0 0.675781 0.390741 0.00677083 0.012963 0.427933
0 0.492969 0.440278 0.00885417 0.012037 0.441891
0 0.658854 0.655556 0.00625 0.012963 0.442868
0 0.475781 0.638889 0.00885417 0.012963 0.448872
0 0.568229 0.348148 0.009375 0.0148148 0.449558
0 0.482292 0.542593 0.00833333 0.012963 0.465403
0 0.733073 0.846759 0.0078125 0.0138889 0.46849
0 0.801823 0.58287 0.0078125 0.012037 0.477851
0 0.608594 0.654167 0.00885417 0.0138889 0.478617
0 0.747656 0.663426 0.0078125 0.012037 0.478685
0 0.560417 0.449537 0.00729167 0.012037 0.479398
0 0.543229 0.75463 0.00833333 0.0111111 0.487286
0 0.615885 0.461111 0.00989583 0.0148148 0.487769
0 0.780729 0.856481 0.009375 0.0148148 0.491469
0 0.502344 0.338426 0.0109375 0.0157407 0.498715
0 0.794531 0.672685 0.00885417 0.0138889 0.50219
0 0.510156 0.24213 0.0078125 0.0138889 0.502366
0 0.601042 0.751852 0.009375 0.0166667 0.504682
0 0.696094 0.750926 0.00885417 0.0148148 0.505456
0 0.702865 0.660185 0.0078125 0.012963 0.509985
0 0.690365 0.844907 0.00885417 0.0157407 0.512904
0 0.653646 0.743519 0.0104167 0.0185185 0.520229
0 0.790365 0.76713 0.0109375 0.0157407 0.522017
0 0.610417 0.559259 0.0104167 0.0166667 0.522035
0 0.549479 0.650463 0.0114583 0.0138889 0.527879
0 0.808333 0.496759 0.009375 0.0157407 0.532754
0 0.554167 0.551389 0.009375 0.0157407 0.533456
0 0.607813 0.843518 0.00833333 0.0148148 0.545925
0 0.464063 0.843518 0.0125 0.0166667 0.588905
0 0.538802 0.852315 0.0140625 0.0175926 0.671886
