0 0.599219 0.731019 0.00989583 0.0157407 0.252986
0 0.774219 0.830093 0.00989583 0.0157407 0.25384
0 0.725 0.598611 0.00729167 0.0138889 0.254876
0 0.588802 0.644907 0.0078125 0.0138889 0.25847
0 0.464844 0.808333 0.0140625 0.0166667 0.261863
0 0.594271 0.815741 0.00833333 0.0148148 0.262996
0 0.46901 0.904167 0.00885417 0.0138889 0.265537
0 0.576563 0.551389 0.00729167 0.0138889 0.270159
0 0.504427 0.41713 0.0078125 0.0157407 0.271257
0 0.4625 0.708333 0.0135417 0.0166667 0.272946
0 0.684896 0.816204 0.00625 0.0138889 0.281308
0 0.674479 0.581019 0.00833333 0.0157407 0.283965
0 0.513542 0.518519 0.009375 0.0166667 0.287349
0 0.641927 0.806944 0.00989583 0.0175926 0.287683
0 0.672135 0.464815 0.00989583 0.0185185 0.293811
0 0.442448 0.404167 0.0109375 0.0194444 0.302432
0 0.532552 0.816204 0.00989583 0.0157407 0.303317
0 0.727604 0.821759 0.00833333 0.0175926 0.310139
0 0.723177 0.749537 0.00989583 0.0157407 0.317008
0 0.688021 0.894907 0.00625 0.0138889 0.323081
0 0.666667 0.346296 0.0125 0.0203704 0.32916
0 0.720833 0.674537 0.009375 0.0138889 0.329483
0 0.722917 0.471296 0.00833333 0.0166667 0.331171
0 0.721615 0.365741 0.0109375 0.0222222 0.347257
0 0.598698 0.902778 0.0078125 0.0185185 0.35291
0 0.731771 0.891667 0.00833333 0.0166667 0.358225
0 0.777865 0.616667 0.0078125 0.0148148 0.363813
0 0.538021 0.9125 0.0135417 0.0194444 0.364678
0 0.776042 0.904167 0.00833333 0.0157407 0.368054
0 0.646094 0.898148 0.00989583 0.0222222 0.372466
0 0.636979 0.665278 0.0135417 0.0194444 0.374618
0 0.67474 0.660648 0.00989583 0.0194444 0.382252
0 0.764844 0.369907 0.00885417 0.0194444 0.384253
0 0.772135 0.760185 0.0161458 0.0222222 0.418866
0 0.77526 0.505556 0.00989583 0.0166667 0.423557
