0 0.608073 0.267593 0.00677083 0.012963 0.256972
0 0.516667 0.784259 0.00625 0.012963 0.26952
0 0.467708 0.709259 0.00729167 0.012963 0.270599
0 0.515365 0.702778 0.00677083 0.0111111 0.272669
0 0.608333 0.700926 0.00729167 0.012963 0.273262
0 0.514063 0.622222 0.009375 0.0148148 0.27511
0 0.411458 0.247222 0.009375 0.0148148 0.279039
0 0.466927 0.788889 0.00677083 0.012963 0.28079
0 0.409635 0.453241 0.0078125 0.0138889 0.283164
0 0.657812 0.526389 0.00729167 0.0101852 0.289114
0 0.65651 0.442593 0.0078125 0.0111111 0.29484
0 0.5625 0.265741 0.00833333 0.0148148 0.295338
0 0.463021 0.357407 0.009375 0.0166667 0.296202
0 0.370833 0.777315 0.00729167 0.012037 0.306327
0 0.658333 0.352778 0.00729167 0.0111111 0.311467
0 0.518229 0.274537 0.00833333 0.0157407 0.314654
0 0.56276 0.784259 0.00677083 0.012963 0.32209
0 0.41849 0.784259 0.0078125 0.012963 0.326963
0 0.65625 0.781018 0.00729167 0.012037 0.337446
0 0.657292 0.709722 0.00729167 0.012037 0.342325
0 0.657552 0.618056 0.00989583 0.0138889 0.345446
0 0.655469 0.27037 0.0078125 0.012963 0.35275
0 0.610156 0.784722 0.00677083 0.012037 0.366311
