0 0.747917 0.564352 0.00625 0.0101852 0.276605
0 0.666667 0.82963 0.00833333 0.0148148 0.344797
0 0.798958 0.564815 0.00833333 0.0111111 0.346827
0 0.749479 0.836111 0.00833333 0.0148148 0.347898
0 0.750781 0.746296 0.0078125 0.0111111 0.353335
0 0.70625 0.652315 0.00729167 0.0101852 0.365582
0 0.705729 0.743056 0.00833333 0.012037 0.406162
0 0.659375 0.385185 0.00729167 0.0111111 0.40767
0 0.751562 0.651389 0.00729167 0.0101852 0.433802
0 0.798177 0.65787 0.00885417 0.012037 0.452014
0 0.798958 0.481019 0.009375 0.0138889 0.465371
0 0.666927 0.294907 0.00677083 0.012037 0.485494
0 0.661458 0.650463 0.00625 0.012037 0.489026
0 0.60651 0.358796 0.00885417 0.0157407 0.50384
0 0.616927 0.271759 0.00677083 0.012037 0.51779
0 0.605469 0.559259 0.0078125 0.0111111 0.543838
0 0.8 0.751389 0.009375 0.0138889 0.580521
0 0.798177 0.841667 0.00989583 0.0166667 0.586753
0 0.55599 0.251852 0.0078125 0.012963 0.586825
0 0.604427 0.460648 0.00885417 0.012037 0.592391
0 0.477865 0.652778 0.00989583 0.012963 0.60384
0 0.478125 0.756019 0.009375 0.012037 0.612277
0 0.70651 0.8375 0.00989583 0.0175926 0.624994
0 0.610937 0.652778 0.00833333 0.012963 0.628887
0 0.552344 0.655093 0.0119792 0.0138889 0.650252
0 0.482031 0.249537 0.0078125 0.0138889 0.665457
0 0.623698 0.84213 0.0078125 0.0138889 0.676299
0 0.663021 0.739352 0.0104167 0.0175926 0.681597
0 0.48151 0.347685 0.00989583 0.0138889 0.684249
0 0.553385 0.759259 0.0078125 0.012963 0.69386
0 0.479427 0.450926 0.00885417 0.012963 0.701313
0 0.548177 0.453241 0.00885417 0.0138889 0.702058
0 0.611198 0.750926 0.00885417 0.0148148 0.708872
0 0.548958 0.352778 0.009375 0.012963 0.728109
0 0.477865 0.555556 0.00989583 0.012963 0.736851
0 0.548177 0.557407 0.00989583 0.0148148 0.74738
0 0.554948 0.856481 0.0130208 0.0166667 0.800794
0 0.479688 0.85463 0.0114583 0.0166667 0.81253
