0 0.64401 0.626852 0.00677083 0.0111111 0.25422
0 0.445312 0.354167 0.00833333 0.012037 0.274416
0 0.451302 0.540741 0.0078125 0.012963 0.27701
0 0.359375 0.709259 0.00729167 0.0111111 0.310053
0 0.392188 0.448611 0.00729167 0.012037 0.313102
0 0.359635 0.626852 0.00885417 0.012963 0.316417
0 0.596094 0.539815 0.00885417 0.012963 0.326876
0 0.644271 0.540741 0.00729167 0.012963 0.327586
0 0.33099 0.347222 0.0078125 0.012963 0.376865
0 0.384375 0.343519 0.00833333 0.012963 0.381827
0 0.64375 0.456481 0.00729167 0.0111111 0.387265
0 0.644271 0.368056 0.00833333 0.012037 0.400017
0 0.594792 0.281944 0.00833333 0.012037 0.41455
0 0.33151 0.250926 0.0078125 0.012963 0.493681
0 0.386198 0.249537 0.0078125 0.012037 0.513258
0 0.64375 0.281019 0.009375 0.0138889 0.556984
