0 0.753906 0.844444 0.00989583 0.0166667 0.316526
0 0.670573 0.745833 0.00677083 0.012037 0.396781
0 0.445312 0.791204 0.0135417 0.0138889 0.42088
0 0.58125 0.429167 0.00729167 0.012037 0.424268
0 0.666146 0.822222 0.00625 0.012963 0.439246
0 0.514583 0.705093 0.00833333 0.0138889 0.449945
0 0.57474 0.812963 0.00677083 0.0148148 0.451129
0 0.761979 0.708796 0.00729167 0.0138889 0.45434
0 0.636458 0.446759 0.00729167 0.0138889 0.45933
0 0.790104 0.521759 0.0104167 0.0175926 0.464035
0 0.438802 0.886111 0.00885417 0.012963 0.466231
0 0.708854 0.831481 0.00833333 0.0166667 0.473343
0 0.791406 0.387037 0.00885417 0.0185185 0.478866
0 0.749479 0.37963 0.0104167 0.0203704 0.481588
0 0.711979 0.759259 0.00833333 0.012963 0.482482
0 0.459115 0.594444 0.0078125 0.012963 0.484161
0 0.779688 0.634722 0.00729167 0.0138889 0.484929
0 0.660937 0.899074 0.00729167 0.0148148 0.488243
0 0.738802 0.484259 0.0078125 0.0166667 0.489885
0 0.519531 0.616667 0.00885417 0.0148148 0.491816
0 0.689062 0.473611 0.009375 0.0194444 0.49473
0 0.583594 0.55 0.00677083 0.012963 0.496194
0 0.46276 0.49537 0.0078125 0.0148148 0.499619
0 0.586719 0.643519 0.0078125 0.0148148 0.507106
0 0.728125 0.610648 0.00729167 0.0138889 0.509964
0 0.589063 0.322222 0.009375 0.0166667 0.510063
0 0.715885 0.684722 0.00989583 0.0138889 0.510518
0 0.629948 0.574074 0.00677083 0.012963 0.51812
0 0.748698 0.915741 0.0078125 0.0148148 0.519207
0 0.510938 0.807407 0.0104167 0.0185185 0.526994
0 0.588021 0.72963 0.0104167 0.0148148 0.527618
0 0.570052 0.898611 0.00677083 0.0175926 0.537488
0 0.679427 0.587037 0.00885417 0.0148148 0.54113
0 0.64349 0.3375 0.00885417 0.0157407 0.541602
0 0.624219 0.808796 0.00989583 0.0175926 0.548214
0 0.526823 0.410648 0.00989583 0.0175926 0.551058
0 0.705729 0.901389 0.009375 0.0194444 0.556011
0 0.758594 0.775926 0.0151042 0.0222222 0.559428
0 0.53125 0.303704 0.00833333 0.0148148 0.570785
0 0.469792 0.289815 0.00729167 0.0148148 0.586978
0 0.452865 0.696759 0.0140625 0.0175926 0.588788
0 0.61849 0.899537 0.00885417 0.0231481 0.589783
0 0.695312 0.35463 0.0125 0.0203704 0.61276
0 0.632292 0.668981 0.0125 0.0212963 0.618022
0 0.671875 0.667593 0.0104167 0.0203704 0.632788
0 0.507292 0.905093 0.0125 0.0212963 0.635836
0 0.463281 0.390278 0.0119792 0.0231481 0.643553
0 0.522917 0.511111 0.0104167 0.0203704 0.647337
