0 0.54401 0.653241 0.00572917 0.0101852 0.253921
0 0.538281 0.209259 0.00572917 0.00925926 0.286769
0 0.494531 0.657407 0.00572917 0.0111111 0.294589
0 0.375521 0.702778 0.00729167 0.00925926 0.297783
0 0.490885 0.210648 0.00677083 0.0101852 0.343899
0 0.433594 0.386574 0.00572917 0.0101852 0.362292
0 0.584896 0.120833 0.00625 0.0101852 0.381025
0 0.371875 0.0814815 0.00625 0.00925926 0.396811
0 0.589844 0.383796 0.00572917 0.0101852 0.437894
0 0.640104 0.385648 0.00625 0.0101852 0.439152
0 0.59349 0.561111 0.00677083 0.0111111 0.439372
0 0.31224 0.189352 0.00572917 0.0101852 0.447987
0 0.635417 0.12037 0.00729167 0.0111111 0.458319
0 0.58724 0.20787 0.00572917 0.0101852 0.46333
0 0.311198 0.0884259 0.00677083 0.0101852 0.465147
0 0.589583 0.293981 0.00729167 0.012037 0.506088
0 0.540104 0.29537 0.00729167 0.012963 0.526329
0 0.374479 0.600926 0.00625 0.0111111 0.536238
0 0.31276 0.290278 0.00677083 0.0101852 0.546172
0 0.644792 0.560185 0.00729167 0.0111111 0.556764
0 0.319792 0.706481 0.00833333 0.0111111 0.561504
0 0.63724 0.208333 0.00677083 0.0111111 0.586433
0 0.591927 0.471759 0.0078125 0.012037 0.591711
0 0.638542 0.29537 0.00729167 0.0111111 0.595469
0 0.438802 0.679167 0.00677083 0.012037 0.598122
0 0.594271 0.651389 0.00625 0.012037 0.606823
0 0.314323 0.496296 0.00677083 0.0111111 0.607225
0 0.316406 0.602315 0.00572917 0.0101852 0.612231
0 0.435937 0.484259 0.00729167 0.0111111 0.622552
0 0.643229 0.467593 0.00833333 0.0111111 0.631697
0 0.645833 0.650463 0.00729167 0.012037 0.63366
0 0.4375 0.58287 0.00729167 0.012037 0.649208
0 0.31276 0.39537 0.00677083 0.0111111 0.665103
